60269 91731 9756
86556 70444 9251
85564 74436 9108
69468 81532 9998
87217 73783 8489
90877 61123 8754
82288 75712 9582
81919 74081 9667
62142 89858 9846
89043 68957 8728
83678 71322 9565
88755 63245 9091
65904 93096 9584
87200 70800 9089
71879 86121 9825
93512 55488 8111
72505 83495 9894
85264 71736 9392
90237 63763 8806
79619 81381 9511
70252 81748 9982
78132 79868 9759
78109 81891 9652
79696 75304 9785
74926 87074 9577
62856 95144 9452
70864 93136 9077
69915 94085 8901
85652 71348 9354
90036 66964 8563
71388 78612 10002
92520 59480 8301
67832 90168 9771
67227 95773 8871
69434 92566 9410
67776 81224 10020
90511 64489 8697
89621 62379 8971
88107 71893 8494
56407 99593 8546
84827 71173 9459
75624 88376 9224
62421 91579 9763
87235 65765 9266
89831 68169 8202
89340 64660 8967
80097 72903 9781
79008 77992 9770
86206 68794 9355
60937 93063 9673
61371 94629 9530
61429 92571 9706
70819 92181 9319
78581 77419 9808
61619 98381 8697
64488 94512 9471
93282 56718 8145
91109 64891 8119
79126 79874 9684
64236 92764 9676
63893 93107 9649
73625 75375 9979
63677 92323 9717
54121 99879 8479
91272 59728 8700
93103 55897 8298
60526 98474 8817
86115 75885 8502
75717 84283 9712
88933 70067 8458
74299 80701 9910
67482 79518 10034
64045 87955 9902
92132 60868 8357
72163 87837 9727
85823 70177 9368
63171 91829 9747
66295 79705 10036
52457 99543 8640
74994 81006 9881
72551 81449 9943
79827 73173 9793
93832 54168 7943
85855 75145 8908
68405 93595 9339
84622 74378 9346
68443 94557 9110
65841 96159 9026
88685 70315 8619
79612 84388 9096
57167 98833 8853
66379 91621 9711
90457 66543 8256
91343 60657 8663
79010 82990 9444
54024 99976 8339
84083 69917 9535
79373 73627 9812
80598 79402 9544
69918 92082 9438
93899 54101 7871
82107 81893 8704
89354 66646 8870
78191 75809 9850
77362 82638 9672
92882 56118 8377
72957 89043 9573
61243 97757 9027
62464 89536 9860
70353 85647 9890
64904 88096 9895
84672 75328 9226
86880 71120 9139
49837 100163 8315
67316 94684 9241
72690 88310 9666
51799 100201 8219
91152 63848 8480
74179 79821 9931
86292 72708 9130
81250 82750 8940
73557 91443 8649
69796 86204 9885
78602 81398 9637
66401 89599 9829
66899 85101 9958
80702 83298 9003
88359 70641 8727
72845 90155 9408
77755 87245 8866
74064 77936 9958
76977 76023 9892
93880 51120 8017
58174 98826 8827
91453 62547 8504
65850 87150 9917
94668 47332 7423
82047 73953 9659
80851 74149 9735
93637 55363 7976
69546 94454 8802
88450 64550 9120
71862 91138 9373
87469 64531 9242
70189 76811 10028
90476 66524 8146
80152 75848 9756
83228 77772 9270
71784 83216 9919
92465 56535 8476
87642 72358 8698
86129 71871 9247
49892 100108 8363
67706 85294 9947
74532 88468 9438
82504 72496 9643
57664 99336 8619
70928 78072 10013
55122 99878 8334
78162 84838 9351
63336 90664 9806
53411 99589 8621
48620 100380 7996
77625 85375 9377
69132 89868 9749
77789 82211 9661
73649 91351 8701
76204 86796 9419
61518 96482 9298
62501 95499 9417
64039 90961 9789
84869 72131 9430
87036 69964 9187
56192 98808 8874
81149 76851 9649
69364 93636 9210
65446 91554 9745
85117 76883 8847
94309 50691 7722
80396 76604 9720
83278 76722 9370
76519 77481 9894
87819 65181 9202
83700 79300 8850
74751 77249 9950
50738 100262 8197
89565 63435 8962
83868 70132 9551
60108 94892 9513
82227 81773 8566
56257 99743 8408
74186 85814 9725
90866 64134 8590
92720 57280 8391
66450 85550 9951
90203 66797 8480
86364 67636 9350
85219 72781 9354
86294 73706 8992
69262 77738 10033
84840 70160 9476
91560 57440 8669
89201 63799 9017
69950 77050 10030
66559 94441 9365
64111 93889 9567
61588 98412 8678
73802 89198 9432
79393 83607 9286
70427 89573 9708
83836 73164 9523
86062 75938 8540
77025 79975 9818
73124 78876 9967
49703 100297 8187
66463 93537 9506
67813 88187 9859
67484 91516 9680
89586 65414 8887
84653 68347 9492
66568 91432 9721
58628 97372 9179
80186 73814 9774
87287 73713 8367
73822 87178 9667
93076 56924 8270
77476 81524 9732
68869 92131 9537
92771 58229 8304
69380 78620 10029
76815 76185 9896
77707 74293 9875
76583 84417 9624
68585 92415 9521
92327 59673 8391
82126 79874 9251
76475 74525 9913
94328 49672 7752
75343 87657 9435
69192 83808 9960
74159 90841 8833
83970 76030 9310
61440 91560 9765
70068 77932 10026
70132 82868 9963
76699 83301 9689
94742 46258 7351
80011 73989 9781
87277 71723 8960
68864 94136 9157
70431 93569 9010
59871 96129 9372
79544 82456 9418
64717 86283 9944
71352 89648 9645
55420 98580 8944
77885 84115 9495
77991 77009 9841
66359 82641 10003
89800 68200 8314
81004 82996 8970
74917 75083 9951
87862 72138 8621
88061 67939 9099
67120 95880 8828
83677 74323 9489
94819 45181 7242
71522 85478 9862
88526 70474 8680
50983 100017 8420
71081 90919 9500
62350 96650 9228
67673 83327 9986
66414 95586 9130
85565 72435 9322
60105 98895 8586
73573 88427 9578
75290 77710 9930
93352 56648 8044
63295 97705 8818
90008 64992 8803
91447 61553 8593
90224 64776 8759
82294 74706 9624
63712 87288 9920
88402 68598 8979
91308 61692 8628
59653 96347 9343
80441 82559 9226
86599 73401 8939
62925 97075 9099
89861 64139 8876
80693 78307 9613
74407 84593 9774
62572 91428 9771
64542 95458 9330
68836 93164 9369
47609 100391 7856
71250 86750 9822
76831 88169 8884
68879 82121 9997
67360 95640 8909
72301 89699 9550
70405 87595 9816
77653 80347 9770
88880 70120 8496
90590 65410 8546
84233 73767 9444
64303 94697 9454
90552 63448 8740
55154 98846 8871
73976 82024 9888
91486 63514 8274
88107 66893 9129
69605 82395 9981
78931 85069 9135
75174 82826 9812
85617 76383 8721
59293 98707 8809
74119 89881 9223
63623 97377 8940
87930 72070 8593
91973 62027 8222
65463 92537 9661
78144 82856 9580
78746 73254 9837
62254 97746 8951
68535 85465 9931
52003 99997 8429
60278 96722 9276
63813 91187 9779
61894 97106 9152
85759 76241 8669
69200 90800 9668
53020 99980 8430
82746 79254 9191
71650 76350 10013
70463 82537 9964
66017 95983 9062
87664 70336 9014
82249 78751 9348
79372 74628 9806
77549 75451 9875
48622 100378 8016
76733 80267 9824
70667 91333 9480
65595 88405 9882
74197 76803 9964
59829 98171 8975
60843 98157 8920
90436 66564 8301
54107 98893 8858
91105 64895 8131
63143 96857 9139
63729 95271 9401
69893 80107 10009
66618 95382 9156
93958 53042 7926
61083 95917 9387
92200 59800 8440
60574 97426 9134
73998 76002 9970
90443 59557 8851
64169 96831 9052
82119 80881 9093
83077 71923 9606
85730 74270 9084
76656 81344 9789
67812 93188 9467
66208 93792 9484
91020 64980 8286
72534 83466 9894
69491 86509 9882
60255 98745 8678
82300 77700 9436
83024 79976 8989
74765 89235 9227
75290 79710 9899
79394 80606 9605
93053 57947 8107
88987 69013 8742
47613 100387 7913
58890 98110 9024
57530 98470 8952
90952 65048 8338
88976 70024 8419
60005 98995 8480
57711 96289 9369
90711 63289 8706
73888 90112 9220
92030 61970 8114
55104 99896 8258
75669 89331 8894
89077 69923 8276
80165 78835 9638
80000 82000 9391
65646 96354 8985
80513 72487 9760
57881 97119 9232
72496 86504 9782
73721 91279 8731
80456 73544 9762
72481 84519 9864
62046 95954 9366
90461 66539 8244
87071 71929 8997
91172 62828 8591
71747 79253 9989
63760 97240 8971
91619 63381 8058
62826 97174 9079
63074 97926 8593
90479 66521 8077
63486 91514 9763
66838 96162 8604
66155 83845 9984
78318 85682 9167
71125 87875 9776
61533 98467 8618
84472 77528 8977
67524 95476 8953
59723 97277 9182
80183 83817 9057
87025 68975 9233
85026 69974 9461
71127 78873 10004
58337 96663 9308
84502 76498 9122
64384 93616 9588
63242 96758 9157
60636 95364 9462
75264 83736 9767
63062 95938 9329
92061 59939 8486
83530 78470 9103
91552 63448 8224
90963 62037 8700
80234 81766 9376
71712 81288 9963
66907 88093 9877
76936 79064 9847
75810 89190 8896
94240 50760 7813
83414 79586 8925
93762 52238 8073
86886 67114 9300
94587 48413 7457
67738 94262 9280
84007 70993 9540
88885 67115 8959
92691 59309 8192
67944 91056 9702
91042 63958 8526
86967 71033 9126
78894 79106 9737
59010 95990 9402
69236 87764 9844
66833 91167 9734
86223 69777 9327
68250 87750 9868
68146 77854 10037
93342 55658 8195
61427 98573 8489
93533 54467 8155
63639 89361 9861
93615 55385 8024
90727 65273 8473
94461 49539 7581
92496 58504 8413
53562 99438 8674
79445 76555 9783
89248 61752 9029
88432 65568 9110
72619 75381 9997
72619 87381 9728
85839 68161 9395
52122 99878 8504
60830 92170 9730
74655 88345 9438
67165 86835 9912
56574 97426 9179
83225 70775 9597
50722 100278 8153
62257 90743 9805
82217 81783 8606
78908 82092 9547
65683 91317 9755
71176 88824 9720
88328 64672 9136
70439 79561 10007
79257 75743 9801
93320 56680 8096
86834 74166 8667
90501 61499 8824
91658 62342 8421
73420 89580 9426
72090 86910 9781
79439 80561 9603
87897 71103 8833
92894 57106 8334
82909 71091 9619
76357 88643 8891
81259 72741 9718
66368 81632 10018
89759 68241 8368
93236 53764 8277
93655 55345 7927
92383 60617 8120
93422 56578 7877
94068 52932 7717
81684 77316 9559
86525 72475 9093
64814 97186 8649
70543 83457 9944
63377 94623 9503
65222 93778 9535
70139 86861 9854
79928 80072 9579
55518 99482 8644
74754 82246 9853
62546 86454 9942
92943 58057 8227
89499 67501 8750
51795 100205 8134
67602 78398 10038
65207 89793 9835
82198 71802 9665
71755 84245 9893
72799 85201 9826
88205 71795 8397
90006 61994 8907
64300 96700 9076
73717 85283 9779
73239 80761 9940
60861 94139 9581
88614 65386 9082
68129 80871 10024
86177 70823 9297
90643 59357 8819
87775 72225 8652
91879 60121 8533
65685 90315 9807
86323 70677 9281
80901 76099 9700
57880 99120 8714
55354 99646 8562
58767 99233 8546
70572 83428 9944
85648 68352 9411
60449 98551 8783
70267 78733 10017
78209 86791 8832
71690 88310 9724
64894 97106 8741
61642 88358 9895
67111 85889 9939
68358 82642 9994
60276 97724 9075
87116 73884 8584
92526 59474 8298
74671 79329 9926
88069 63931 9176
70790 81210 9982
79053 85947 8758
68878 80122 10022
68929 83071 9979
90406 65594 8621
85162 70838 9430
81889 81111 9118
89289 68711 8636
90059 65941 8717
67737 91263 9693
65469 96531 8944
81453 78547 9493
73810 84190 9825
94209 51791 7737
85360 74640 9137
92857 55143 8391
81226 81774 9171
93670 55330 7833
87756 71244 8865
84331 78669 8626
88711 66289 9034
82802 80198 9016
66267 80733 10030
58914 99086 8628
89081 67919 8841
93985 52015 7955
89032 69968 8344
78573 78427 9782
88714 64286 9085
70267 92733 9289
89572 64428 8927
76109 79891 9862
56884 98116 9042
75939 85061 9640
61860 98140 8814
93672 52328 8118
65602 84398 9977
61652 97348 9108
88625 64375 9097
89804 68196 8302
87767 66233 9193
71448 91552 9353
65732 83268 9995
89716 68284 8407
65030 96970 8815
81379 80621 9301
91948 61052 8437
71617 92383 9145
61993 91007 9793
76922 87078 9209
91869 57131 8606
70590 90410 9617
53997 100003 8279
92576 58424 8391
83350 79650 8938
87540 71460 8908
80709 75291 9729
61798 98202 8789
60951 96049 9370
70971 88029 9774
89804 61196 8946
74961 85039 9720
73450 91550 8574
84982 76018 9058
72429 78571 9983
67352 84648 9963
57372 97628 9141
83695 77305 9220
52893 100107 8149
66426 87574 9899
74807 90193 8864
47648 100352 8082
67663 95337 8990
92505 57495 8457
74755 80245 9906
64904 91096 9775
94477 49523 7535
71481 83519 9919
76617 75383 9908
75269 78731 9918
87502 69498 9123
85493 73507 9235
55074 98926 8847
69561 84439 9940
80393 77607 9680
67975 89025 9825
78387 78613 9787
90356 66644 8381
89037 63963 9041
90269 65731 8668
94596 47404 7556
82970 79030 9166
91247 63753 8435
61365 90635 9811
85428 70572 9406
83189 72811 9586
61595 93405 9645
81687 74313 9679
85703 74297 9088
66574 92426 9629
76176 82824 9758
82185 81815 8660
64667 91333 9765
83911 75089 9409
50710 100290 8102
64028 88972 9872
84364 78636 8594
87982 72018 8571
76137 77863 9902
76312 87688 9221
93384 53616 8225
71817 80183 9976
88150 69850 8925
61062 96938 9222
78148 78852 9793
65748 82252 10011
77287 78713 9840
69343 93657 9208
66445 90555 9783
58045 98955 8782
56866 99134 8746
94786 45214 7315
82648 71352 9636
76922 85078 9532
71688 89312 9655
83806 79194 8822
72624 90376 9401
51929 100071 8373
91864 58136 8595
67270 89730 9811
68169 78831 10034
57451 99549 8419
65283 94717 9404
72386 80614 9960
63139 97861 8728
90177 60823 8889
88124 69876 8930
80934 80066 9435
81670 82330 8869
56571 99429 8628
76313 78687 9883
69537 85463 9915
66313 89687 9827
81558 73442 9698
72916 82084 9918
70202 91798 9454
86478 74522 8760
51841 100159 8302
84188 72812 9492
59198 98802 8774
89289 65711 8939
90806 60194 8791
62113 97887 8906
94573 48427 7526
61262 91738 9755
80318 74682 9760
78751 74249 9835
63954 85046 9969
72645 91355 9200
58482 95518 9453
62018 97982 8874
68196 86804 9900
86616 69384 9281
93652 54348 8090
85619 67381 9415
73842 91158 8766
62124 93876 9598
94040 52960 7841
82300 73700 9643
62630 97370 9038
60920 98080 8942
72903 85097 9826
73253 74747 9986
60177 97823 9055
93210 55790 8257
70799 85201 9891
82784 78216 9308
56058 98942 8831
59980 97020 9229
71539 90461 9522
74556 82444 9855
79743 78257 9705
68046 79954 10030
93386 56614 7986
63675 96325 9224
60673 97327 9152
56104 97896 9087
82595 79405 9206
73401 83599 9862
92819 59181 7961
91652 59348 8621
84475 75525 9250
58401 98599 8892
54009 99991 8306
66030 78970 10040
66642 83358 9990
91700 61300 8520
89822 67178 8656
69930 90070 9697
67742 92258 9594
71687 77313 10008
81388 75612 9677
50824 100176 8301
84010 77990 9039
93795 53205 8052
57356 98644 8909
84463 69537 9506
77341 83659 9605
68945 89055 9797
57500 99500 8537
63465 93535 9613
87164 67836 9247
81795 82205 8844
89572 68428 8496
81384 77616 9578
65254 96746 8890
87603 64397 9228
89478 68522 8551
62214 94786 9503
80077 80923 9486
64864 97136 8716
93242 54758 8273
91861 62139 8328
84015 78985 8760
72920 86080 9781
78384 81616 9644
61393 95607 9426
50898 100102 8359
75488 76512 9938
65330 95670 9234
63433 97567 8872
66885 96115 8729
88923 65077 9034
73498 86502 9728
63115 97885 8686
81139 71861 9725
77127 77873 9866
73453 77547 9973
85259 74741 9151
64869 93131 9625
93648 55352 7951
74292 86708 9667
66223 94777 9335
81306 81694 9165
86420 68580 9335
54148 98852 8870
65153 82847 10003
74022 87978 9578
88510 70490 8685
66321 95679 9115
94190 51810 7769
69820 90180 9694
67052 83948 9978
53691 99309 8719
52920 100080 8309
83949 79051 8780
