31753 32645 33564
31938 37203 27727
29522 35564 31643
36274 33695 28623
36207 34086 28205
33214 36848 27107
35918 32941 30192
32643 34175 32439
33364 36613 28049
32353 32103 33603
29746 35118 32213
35083 34389 30557
29682 32421 33868
31392 30389 34129
28835 33641 33402
34992 33991 30999
36528 31491 28571
36308 32563 29262
31317 31693 33926
28111 27999 34785
31022 35617 31523
30876 30052 34284
32198 32687 33445
31142 36472 30138
32908 35708 30841
33780 31778 33115
29584 37636 26021
35341 35029 29189
32755 31728 33587
31130 37520 25796
31155 34671 32585
32671 37156 25475
36014 33618 29760
34475 32537 32354
29870 36565 29999
34748 36215 26404
32117 36115 30605
33462 36006 29991
35436 33508 30779
32561 36789 28855
28108 31614 34170
35470 32065 31115
31126 37202 28491
28242 29295 34732
36083 34480 27172
36711 31574 26932
33289 32610 33093
34555 35728 29328
33895 36397 27874
29570 31598 34171
32126 36883 29147
30666 29936 34337
30973 36276 30548
28786 29743 34604
36614 32734 27401
36052 34403 28076
33963 36541 26792
30717 37109 28798
30454 30441 34327
34441 31964 32525
34297 35088 30696
35905 32285 30325
32048 29587 34016
35915 34637 28011
33801 33596 32197
35364 32342 31299
31463 37384 27411
32176 33137 33263
33672 36530 27711
35049 35771 27894
32387 37167 27061
32511 33624 32861
36417 33113 28583
35848 33227 30316
33711 32221 33050
31537 30924 34043
36517 33484 27784
30488 28672 34394
33124 35040 31506
31865 35033 32031
32809 37094 26441
34332 33189 32092
34895 34178 30957
29560 33462 33459
30348 32149 33905
31444 34037 32960
30035 35768 31361
35084 32019 31760
35197 35751 27474
31445 36492 30047
31577 33783 33090
31384 32826 33553
28782 32911 33725
34974 33218 31654
36788 30946 26053
36813 30070 24859
32992 36578 29091
30848 36056 30908
33772 34749 31476
35512 34291 29941
32453 30321 33844
31789 37391 25693
34319 35278 30443
31787 34269 32684
35942 34336 28960
35810 34043 29636
29578 29116 34583
32461 33903 32716
29083 33422 33495
35891 32450 30344
27476 29795 34631
35293 35514 27916
33070 33761 32506
31315 33629 33204
36011 34400 28453
32050 37333 26322
30514 37510 27612
31067 37528 26473
31890 35565 31486
32109 35685 31261
29130 31947 34062
33958 36206 28698
32569 35544 31295
30198 32758 33713
31755 33220 33310
35391 32781 31182
36719 32169 26453
35758 33515 30297
30084 35916 31142
32562 35104 31682
35598 35035 28220
28455 32262 33953
31732 35979 30969
36632 32832 26188
33203 34506 31936
36212 33910 28670
35509 34226 30034
30251 33488 33390
32006 37270 27247
33613 36485 28139
30020 33321 33493
29391 28646 34626
30799 35908 31127
31290 36807 29434
34528 36119 27638
27826 28556 34791
29136 34152 33172
29242 32770 33759
35880 34801 26948
32188 37187 27393
30130 37605 27278
27238 28102 34839
28393 30483 34459
32816 36878 27881
33797 35460 30638
33177 31339 33544
28559 30440 34467
34788 33920 31278
32557 36672 29383
30822 29004 34319
32012 36359 30187
29758 33107 33604
