55796 42204 5312
43178 58822 4874
47815 49185 5576
56378 42622 5245
40258 59742 4823
40082 57918 5227
52265 47735 5512
47233 56767 4952
48565 50435 5559
43666 58334 5039
58967 40033 4748
37459 59541 4980
42588 58412 5093
40036 59964 4707
37948 60052 4844
41276 58724 5077
48140 55860 5141
51639 50361 5469
58364 41636 4877
60385 33615 4443
57133 43867 5093
59117 35883 4903
38835 60165 4744
49206 54794 5236
59991 36009 4573
43842 58158 5075
43537 58463 5007
53015 50985 5191
40335 58665 5103
56989 43011 5148
46939 53061 5495
57886 43114 4886
55429 46571 5236
40913 59087 5013
54975 45025 5358
47593 50407 5564
40558 57442 5268
38313 59687 4934
54585 43415 5407
38337 58663 5128
51268 48732 5533
54151 47849 5346
50061 50939 5515
51380 51620 5408
53376 48624 5402
47064 54936 5388
60635 31365 4304
48875 51125 5538
57462 42538 5087
49765 47235 5572
45824 55176 5402
57992 41008 5027
48193 52807 5491
53431 50569 5092
43110 57890 5168
60214 34786 4530
58377 37623 5021
44396 56604 5308
36244 60756 4592
39921 59079 5037
50270 50730 5516
45576 54424 5447
44521 52479 5528
47548 48452 5581
47223 56777 4898
47292 50708 5560
60875 28125 4031
60313 33687 4583
59788 36212 4716
38985 59015 5063
42761 57239 5271
49723 51277 5512
43405 58595 4974
48721 55279 5200
57779 43221 4937
59272 35728 4869
36118 59882 4928
57686 40314 5099
57369 43631 5040
45068 55932 5357
42812 57188 5276
51881 50119 5466
59600 35400 4792
36155 60845 4461
44210 56790 5293
39965 60035 4618
60543 32457 4436
33957 61043 4588
33814 61186 4417
54119 48881 5279
47579 56421 5069
53223 50777 5153
39446 58554 5133
55435 47565 5123
48865 52135 5504
60234 34766 4386
35244 60756 4669
48060 54940 5333
40085 59915 4733
36953 60047 4870
59968 36032 4590
60908 27092 4041
42278 58722 5046
37711 60289 4763
43224 55776 5383
58207 38793 5040
59182 36818 4877
47477 55523 5299
57543 41457 5100
55154 47846 5172
49162 52838 5461
37986 60014 4855
47196 51804 5538
55880 45120 5245
34507 60493 4769
58408 39592 4983
49978 49022 5561
38681 60319 4670
39462 57538 5263
45925 57075 5150
45257 57743 5030
56507 40493 5249
50514 53486 5279
50621 48379 5556
33038 60962 4618
42442 57558 5239
59037 38963 4845
44139 55861 5372
45480 57520 5073
45193 51807 5541
39081 59919 4839
59416 38584 4612
41403 55597 5396
58487 37513 5004
59460 37540 4763
32774 61226 4484
49945 54055 4951
48193 48807 5577
41959 59041 4965
44617 51383 5550
50452 51548 5477
46693 54307 5441
41569 59431 4811
53138 47862 5456
41786 57214 5280
44832 58168 4906
47500 52500 5513
52014 46986 5520
41428 58572 5101
52222 48778 5494
44281 57719 5145
57064 44936 4984
33164 60836 4664
45226 56774 5266
60752 29248 4235
48149 54851 5338
58073 39927 5040
52874 49126 5429
44815 53185 5504
59335 38665 4731
58567 38433 4982
46847 56153 5250
55868 47132 4879
50642 49358 5542
58892 40108 4801
46989 54011 5453
53282 50718 5139
54755 46245 5344
41507 59493 4783
40415 59585 4886
35155 60845 4627
60019 35981 4548
50086 49914 5543
56147 43853 5249
58140 37860 5055
49401 53599 5392
51939 50061 5465
47898 54102 5421
57449 40551 5133
34259 60741 4694
41416 56584 5332
58524 41476 4778
55094 47906 5180
58620 40380 4893
49594 52406 5469
51864 49136 5501
47425 56575 5021
46084 55916 5330
60059 34941 4658
42965 55035 5428
57905 42095 5006
58920 40080 4788
57919 43081 4866
44809 57191 5219
55030 43970 5367
53538 49462 5321
40971 58029 5197
56685 45315 5069
40686 58314 5155
46364 56636 5204
37394 60606 4589
41889 58111 5171
35000 61000 4514
38612 60388 4483
40811 59189 4993
44206 55794 5376
54191 46809 5391
58973 40027 4653
47227 56773 4935
41384 59616 4674
46830 49170 5579
52639 51361 5224
31635 61365 4417
55131 45869 5311
57221 38779 5176
37501 60499 4657
38629 59371 5000
43621 56379 5336
45830 50170 5571
58486 39514 4969
45529 50471 5567
41464 59536 4745
57638 39362 5116
50534 47466 5558
58942 38058 4903
42980 59020 4770
54640 47360 5307
52580 50420 5372
49164 50836 5540
58435 40565 4946
59910 35090 4719
49093 47907 5577
49984 48016 5567
50686 53314 5277
52801 50199 5362
59487 36513 4801
57182 44818 4904
34339 60661 4721
50892 51108 5477
43633 54367 5457
59180 37820 4844
54084 45916 5428
46272 49728 5576
54501 44499 5413
51536 52464 5274
41760 59240 4893
52517 47483 5502
59767 37233 4558
54910 47090 5284
55864 46136 5189
53616 46384 5454
47958 54042 5423
49230 49770 5560
59588 37412 4709
38538 58462 5158
45289 50711 5563
48306 51694 5532
51749 51251 5406
57927 43073 4816
53104 45896 5485
55661 47339 5066
52762 47238 5492
52397 46603 5510
45104 57896 4995
45551 57449 5086
50546 52454 5403
50925 50075 5519
48264 50736 5555
36592 60408 4768
58929 37071 4926
