40937 38274 31440
29639 30689 40347
30288 32454 40083
36060 32076 38723
40977 39377 30202
36162 43066 30031
40952 39969 28417
35760 34414 38605
40751 37837 32104
34173 39664 36657
35027 34600 38805
37063 36278 37374
38544 33275 36905
33698 41938 34138
37275 42500 30936
35242 37142 37889
33052 36853 38573
35955 43133 29527
35979 39272 36385
39705 37177 34353
41711 36111 30614
38919 37810 35057
41222 34856 32405
37591 35049 37400
39237 32075 36169
39987 40941 29317
33986 42504 33248
35533 34045 38756
40054 40317 31237
34620 33609 39164
37765 42579 28588
39521 40516 32211
40028 36329 34100
38975 34955 36067
35743 38517 37002
35608 42391 32890
30679 31753 40153
32514 35840 39095
38423 34298 36832
37322 34010 37862
41621 37634 29952
38105 31901 37400
36280 35379 38081
39061 38640 34460
35532 33401 38873
35780 43076 30742
37217 42156 32246
41767 37741 29233
41992 36163 29031
34722 41178 34911
36810 40207 35202
40277 39228 32097
32480 36423 38855
33147 32375 39667
33373 40934 35437
33311 33904 39448
38622 41033 32770
37808 36620 36747
39340 34465 35706
39308 35932 35367
38275 37392 35965
41993 35567 29346
36766 34360 38105
36356 33104 38500
36337 41910 33330
33806 43379 29582
33615 35436 39033
41384 39267 27680
39188 41804 28295
39155 33072 36259
35020 36768 38129
36484 42342 32446
33864 37949 37930
31781 34824 39512
41975 36734 28564
38181 41610 32318
36062 33995 38555
39513 41094 30782
39828 34872 34954
33243 35084 39212
35045 39024 36924
34117 41748 34324
40911 34408 33075
30457 33439 39904
34227 40424 35859
36450 35267 38028
33950 41109 35153
32461 33046 39782
38694 40296 33588
32057 33158 39831
37651 36892 36765
38163 42024 31120
38721 41739 30763
38680 33736 36684
39877 32452 35193
35048 40608 35492
36706 38854 36339
37421 33048 37953
33546 32968 39523
33136 40279 36123
40515 40240 29964
40793 35349 33113
28803 30102 40412
34611 42097 33777
36023 42010 33374
35278 42883 31972
38158 39202 35035
37856 40721 33984
33623 41567 34650
37142 35338 37629
41024 37395 31779
40107 38503 32899
40345 39543 31721
37466 31548 37928
36739 42970 29532
34590 37371 38024
38046 39578 34857
38104 35213 36902
42123 35592 27688
29999 31884 40174
36970 42912 29302
37203 32026 38123
38143 32814 37330
41155 39310 29754
34177 36522 38514
33627 42486 33335
40462 39051 31873
41676 36796 30449
36497 40977 34503
38457 41723 31677
36699 36971 37305
33579 33833 39392
35515 32880 38910
32103 35710 39190
34954 40999 35086
34019 39229 37054
33601 36497 38631
36996 41836 32987
38653 42129 27943
34378 39247 36967
41403 39205 28221
37210 42739 29995
34395 41636 34408
33758 41730 34411
35011 38674 37196
41044 38960 30607
42089 36343 27945
37796 34211 37431
41102 39599 28980
38973 40965 32337
35776 37753 37416
37543 40021 35002
30942 31601 40131
28628 29710 40419
33028 35344 39169
35550 43179 30170
33046 41392 34934
38962 39238 34217
40695 37017 32656
34762 42546 32924
40304 40687 28600
39564 41358 29325
39453 33391 35756
34321 43260 31093
41412 38748 29606
39514 40188 32792
34680 43278 31006
32949 31343 39713
33030 37801 38127
38719 36353 35911
35131 43262 30018
36350 41552 33877
37958 35874 36848
34001 37013 38328
38831 33179 36625
41233 37518 31255
31140 31249 40103
41784 34648 30374
36038 41808 33688
41824 38067 28037
37852 37905 36163
35707 32969 38825
29404 31280 40278
35949 42667 32094
34498 32891 39261
41886 35910 29860
35562 41058 34838
31529 32776 39938
33748 42752 32731
41078 36402 32234
40444 40435 29482
40812 40067 29109
34046 37446 38119
36682 42481 31894
39522 34223 35518
39623 39085 33402
29554 32261 40132
37597 42183 31640
38841 41790 30094
38448 35019 36640
38433 31221 37081
41330 36316 31691
38297 38756 35239
41292 39256 28901
33410 33206 39537
34489 36277 38497
38303 31796 37227
30056 30389 40304
38392 41962 30736
36303 42164 32905
38180 42359 28895
33252 38175 37887
36451 42860 30864
33754 36943 38411
40890 38919 31002
41505 38679 29043
37062 42508 31288
33904 43077 31928
37753 38503 35920
39793 35557 34789
31558 31868 40010
34563 35826 38620
34697 43339 29801
33868 40406 35946
40407 33039 34203
35275 39956 36132
35121 39521 36529
38557 42107 29228
35787 38184 37172
35952 39568 36181
34744 38281 37537
33651 40822 35521
37162 41125 33943
29996 33114 39990
36811 37148 37166
35753 36582 37929
40293 32677 34426
37729 41650 32787
32800 36867 38611
34019 34447 39149
38886 41884 29255
37230 40791 34303
39901 34512 34891
34082 42764 32660
36891 32454 38271
34924 37707 37758
40067 40988 28051
40963 34813 32925
41590 36666 30809
35813 39955 35889
41609 34849 31128
37014 38330 36559
38407 42277 28542
38108 42336 29483
39170 41275 31217
40527 40087 30285
38070 42279 30032
40652 38455 31962
32125 34297 39602
39693 32495 35473
37934 34149 37326
38311 40999 33309
