67140 75267 68127
68068 75130 67053
67451 69851 74705
71134 70720 70559
68084 75595 63915
70943 72827 64674
67472 69592 74845
65039 67581 76609
67669 73144 71560
71794 70067 69559
67392 74809 68994
67809 75208 67330
73007 69686 62341
73886 65556 65046
60507 69583 76303
68473 74755 67495
63348 77834 60370
71455 69261 71258
61262 67630 77167
69684 74074 66000
72242 69745 68508
70007 73373 67645
72785 68341 68118
73534 67584 65269
69710 69560 73410
70548 67397 73450
63995 77566 61698
58885 60833 78283
70794 71358 70300
59657 78392 57891
62293 77189 65732
73607 67863 63919
61181 78307 58015
69018 73324 69968
61339 78267 59850
65616 71365 74354
68544 65893 75376
57602 60870 78317
62955 73174 73050
73831 64800 65694
67489 75623 66523
69994 70059 72795
73103 69401 63534
70245 70253 72323
73038 69394 64647
65716 68373 76208
66996 76318 63009
69993 71128 71756
67083 74141 70532
63766 70538 75448
73380 68852 61610
70919 70339 71371
69447 72272 71018
68552 67606 75214
60719 77112 66341
60564 65738 77650
69794 68347 73986
62982 70838 75334
69238 73874 68282
67778 74707 68775
72695 69902 65771
64722 74873 70513
69294 74488 65646
62072 77657 64011
72522 70304 65751
72584 69673 67194
73486 66628 66696
73415 68747 62645
66769 73390 71875
73648 66366 65957
67184 75691 66770
67220 73733 71091
70409 73084 67101
73957 66650 60518
72561 69527 67571
69792 72244 70630
73211 68115 66500
70866 66138 73171
70101 72506 69755
60130 78250 61144
68088 71095 73380
73970 66525 62074
71187 66747 72673
63213 66794 77220
72761 70139 63618
67905 73659 70613
67510 68505 75418
58620 61529 78274
70019 71649 71124
66006 65904 76523
71349 70951 69603
69103 71327 72438
62939 67956 76940
70134 73238 67676
73921 66796 60901
68861 72873 70824
69350 65965 74907
67144 74739 69369
65498 76674 65218
66203 76664 63528
65115 76715 65506
74096 64224 64026
74047 65917 62709
73776 67296 63245
64751 67400 76730
70609 69154 72700
66899 66183 76161
61799 77187 65908
62003 76671 67511
66030 72089 73552
62422 75363 70261
68893 74794 65817
64354 71164 74873
73675 67803 61694
67191 70484 74385
64820 70259 75457
65246 72535 73386
61483 68726 76736
63782 76611 67108
68437 74868 67160
62173 73708 72474
68188 70200 74027
72582 67073 69628
59367 63928 77995
65374 69658 75685
71655 71744 65605
61472 64027 77868
69187 74703 64739
61142 68907 76648
68826 71638 72391
68398 73615 70238
65913 69310 75701
62594 76626 67483
61144 78310 59383
74176 64312 63421
71757 71675 65225
73894 66662 63377
61782 63030 77839
63273 77764 61620
69007 74886 64155
63955 73879 72118
68504 74911 66820
60662 78365 59378
66155 75520 68476
68376 68373 75058
65942 66297 76532
61825 68580 76795
62080 78138 60168
63486 77396 64031
69097 74871 62987
74256 63577 62390
63815 74787 70863
72308 70955 63911
73014 66929 68518
66600 72458 72938
63405 76278 68092
60996 69566 76299
66388 75038 69408
63939 70756 75277
68525 73767 69869
60275 77809 63550
71329 71249 68899
63034 71479 74809
70007 73529 67059
65927 75060 69677
73147 69375 62214
62586 72006 74379
69456 73138 69675
68998 72519 71180
64280 75492 69600
62473 71664 74676
66478 75562 68078
73506 67161 66113
61318 64617 77834
72701 67310 69232
64432 77118 64361
63950 77622 61151
74293 63169 61140
61523 70536 75648
70865 72760 65958
68326 66615 75464
61767 70442 75723
66234 74124 71019
70662 73305 61948
67063 76176 64191
69725 73601 67776
67022 76107 64997
67733 74066 70118
68810 75105 63073
62851 76174 68511
66663 76508 62863
68874 74521 67301
71993 71370 64920
66477 76571 63151
69925 66670 74281
66789 76507 61987
69768 73476 68065
61717 68087 76984
60661 78138 62002
66042 75437 68751
68948 66579 75141
62723 77622 63579
72147 70886 66162
73517 68407 62060
73868 65355 65263
70604 69988 72130
66002 76924 60845
70894 72940 63762
61754 78064 61799
67505 72981 71885
73609 67172 65302
60261 65189 77780
69419 72722 70383
73345 67355 66748
62420 78009 61248
73122 68742 65926
74065 64977 63933
68627 74923 66341
63535 76466 67605
73478 68458 63796
72019 71391 64573
74113 65801 61615
67634 71677 73137
65565 71971 73811
61786 78155 60892
72159 71180 64287
70265 66900 73882
70623 72251 68910
69409 74228 66575
68723 67627 75117
61363 76229 68628
73571 68224 63111
70282 73375 66484
69479 73284 69298
59875 78380 59876
67975 68623 75159
58257 59531 78320
68175 74745 68118
73749 65205 66101
67373 76130 62791
61991 64640 77724
66835 72220 73052
71627 68358 71426
64300 64962 77134
70903 68259 72620
68310 68979 74752
70492 73416 63873
68233 74127 69477
71006 72728 64837
73149 67731 67245
73370 66436 67386
70263 67663 73696
73054 69084 65738
64892 75610 69142
61125 77881 63186
67413 74456 69690
73628 66164 66284
72846 69670 65386
61359 75707 69633
67064 70603 74355
62397 68003 76977
61771 65321 77684
70818 68090 72808
61041 66318 77507
74266 64229 61475
64173 76918 65644
62671 77976 60839
73632 67318 64925
71366 72380 63161
69301 68046 74620
61239 77242 65795
68739 69085 74440
70340 71991 70250
64433 76783 65979
64310 69446 76061
67856 71620 73055
66779 75942 66496
69588 74406 64217
62410 76223 68526
61710 78218 59578
67911 75391 66445
68879 74679 66539
61439 78110 61762
72822 69770 65216
72377 69318 68620
70280 72764 68633
60635 67385 77249
71407 71788 66914
62026 76817 67134
72197 68128 70192
70157 70112 72554
63974 75138 70306
66132 76517 64859
62178 78138 59041
73243 66372 67945
68665 67981 75089
59140 61196 78262
71971 65115 71197
73165 66697 68133
63453 65081 77401
70805 70932 70974
66476 67911 76064
71575 71264 67876
73872 66086 64578
65724 67608 76421
74211 64519 62538
68326 68624 74957
72360 67936 69889
73948 65443 64658
64988 68789 76229
62684 68726 76653
69042 74732 65448
70438 73281 65881
64523 67964 76629
72398 70627 65174
60278 64007 77982
64291 74813 70710
62468 70801 75417
58868 78408 58345
72547 70521 64094
66306 73811 71454
67697 75149 67773
66463 76190 65877
71955 68014 70858
63640 67734 76878
71251 69034 71729
71735 65889 71631
70058 72963 68803
69010 68283 74721
60921 64768 77841
71759 71243 66978
73598 68079 63329
68730 74984 65487
67679 75678 65704
65018 76399 66916
70411 65914 73811
73375 65742 67592
59878 78387 58433
72384 70896 63008
69642 74025 66527
71254 72287 65741
71994 66709 71061
69058 72206 71498
62268 70583 75596
63190 77316 64749
67215 75847 66095
63923 77613 61390
69339 67164 74793
70759 72464 67672
60473 76818 67241
60121 62807 78179
64500 76999 64859
72793 69573 66101
64289 75185 70156
66248 69758 75288
66011 75870 67689
73351 68146 65525
68139 72769 71634
66455 75416 68455
69162 68700 74362
67384 72883 72083
66890 73488 71677
68444 74462 68439
60615 78261 61024
65936 76951 61389
71212 72533 64288
65142 71755 74143
61721 64928 77743
68126 69793 74367
66201 75679 68022
62934 64468 77545
72434 68605 69238
63308 77642 62604
68170 73295 70888
69563 74308 65170
70670 66982 73341
63689 75423 69876
63198 68763 76570
68180 74657 68365
62654 66091 77464
72741 66079 69454
65183 71066 74771
67327 73141 71818
71644 71976 64022
71947 70610 67984
69604 66607 74629
62352 75815 69370
65839 74656 70372
69580 67178 74591
71746 69317 70571
64655 69749 75812
71214 72014 67125
60001 78365 60075
69060 68032 74822
66396 70075 75016
73599 65446 66760
63982 68346 76599
66160 73049 72526
72559 70491 64193
70643 71953 69614
68014 72557 72019
70909 72833 64976
70442 68679 73130
72203 69322 69238
65819 77009 61452
68040 66120 75628
67506 74623 69289
70289 66329 73920
65024 68435 76354
63055 66105 77405
69931 74050 64412
63959 77384 63414
63490 77801 59217
73988 65998 63516
61055 77599 64515
74296 63481 60805
65411 69120 75972
66644 76318 64722
62530 68220 76883
65050 77114 62927
74146 65400 62284
62667 78019 59079
66460 68557 75852
72748 70233 62189
61206 78216 60996
65445 76242 67013
72246 70284 67427
64042 77496 62283
62964 75806 69280
66139 67091 76364
73557 67730 64892
60876 78345 58891
62399 77778 62928
63789 71860 74439
67870 74405 69339
64598 76611 66501
74279 63723 62013
63234 76111 68535
71250 68061 72181
61174 78285 60067
66927 76248 64246
66816 71269 73965
61537 76697 67539
73524 68131 64223
68971 74353 67575
72594 70529 62592
65365 75718 68597
73031 68938 66115
66747 69137 75465
65540 66701 76636
61100 77070 66442
67670 75856 63886
70440 66975 73651
69193 73579 69205
63145 77176 65395
73894 66733 63070
63456 73648 72449
61949 72770 73537
71858 71713 62842
68668 75142 64295
68533 68642 74826
68909 73821 69163
63329 75449 69911
68353 75202 65824
69170 73433 69582
65388 75864 68220
68135 75640 62272
72309 70368 66856
67911 74940 68044
62605 72954 73319
66027 74389 70705
63436 76920 66232
68484 72182 72093
61493 78127 61574
63356 66999 77144
69890 73981 65218
67415 74955 68617
71011 69918 71608
74052 63622 64486
71485 64749 72118
68953 73026 70524
61938 69867 76071
62332 78106 59290
61751 77984 62314
64075 66908 77017
72233 71128 63393
71090 68503 72239
71771 71844 63467
63192 72523 73791
65093 76603 66059
61947 78175 59696
70435 70492 71875
63865 70085 75736
73850 67066 61880
66974 75599 67381
67049 76366 61628
70306 71764 70629
67360 75902 65286
71924 70464 68361
73529 66216 66795
70128 73889 63041
65333 73731 71987
62308 66676 77400
66632 76458 63593
64025 76749 66428
73188 66925 67900
66682 76534 62387
73911 64083 65271
64581 72805 73335
71146 70108 71141
70411 69830 72496
69557 69087 73842
64661 66240 77018
60750 78360 58692
67004 66986 76046
72009 71481 62457
62143 66922 77337
71049 71910 68257
69263 74404 66298
69573 74451 63061
69938 69144 73459
58168 61530 78274
71179 68845 71940
68798 70309 73528
62602 77795 62549
66879 76111 65462
64861 71590 74382
71569 67596 71792
70651 69594 72377
65620 70719 74912
71571 72136 62617
68873 70746 73153
66600 72140 73243
61620 69218 76463
65143 77031 63377
69032 74840 64552
60808 77671 64189
68917 71087 72811
72770 70012 64515
65024 75181 69924
64302 71722 74420
65876 72550 73141
63533 75676 69440
62907 69337 76291
71231 72543 63411
68994 71663 72209
73388 66637 67169
62617 76772 67106
72777 68118 68365
61763 75631 69779
62329 74248 71833
61532 74205 71907
72952 66589 68859
71604 71667 66312
61589 70340 75799
67422 76017 63703
65414 77144 61663
66997 65849 76145
66196 74777 69998
72590 66311 69839
65005 77344 60474
67649 73204 71493
68277 75508 63259
66216 76818 60929
67206 73043 72016
68147 75461 64876
67505 70610 74122
67388 73758 70909
64109 65889 77182
70561 69503 72543
65303 67338 76599
