80455 59810 64823
64012 57852 81365
67979 68911 76532
64052 72742 70492
75729 61159 75654
66873 72267 71378
65543 73327 67534
65821 58604 81021
65691 73002 69164
71100 68009 76225
67113 61386 80477
75464 59543 76137
68701 66728 78290
74113 68447 71896
67713 64430 79668
74763 68643 69263
68706 72426 66375
77614 60741 73583
63819 72615 70872
76617 59509 74909
75654 65471 74123
63551 72830 70259
72528 68509 74385
80583 58290 65762
77715 65379 67547
69092 58829 80202
78297 58628 72648
76491 64085 74040
80653 56363 65792
65360 66592 78890
65282 67682 78048
80801 57569 64691
69920 59781 79816
71692 70243 71802
80999 57348 62898
78036 61609 72572
71867 66425 77219
76515 61285 74825
70564 71552 67752
72060 60328 78729
71309 64182 78441
64388 68955 76986
75481 63371 75382
69749 71950 67904
64921 59358 81101
72989 68074 74587
76998 65124 72198
67052 71076 73952
68952 71082 73086
78347 64496 67007
78728 63660 67880
76930 66427 68108
74673 67934 72028
64542 70108 75722
74401 68131 72100
78227 58585 72766
67506 70196 75134
68236 68530 76835
72024 67963 75718
79989 60846 66370
71790 69001 74391
80119 57418 67899
62126 58579 81426
79694 60269 68663
76120 67474 67432
67984 64447 79598
74220 67658 73560
64122 73095 69307
79702 60455 68511
65510 68729 77101
73781 66193 75816
63416 73696 66315
76387 65736 72620
72716 60139 78365
78376 60431 72231
63633 65061 79697
72074 67357 76354
79253 62502 67899
61815 73823 65997
70142 66358 78139
67358 69656 75833
74426 68550 70904
70618 60665 79417
69657 65573 78761
65299 68058 77739
77840 64511 70510
78131 64906 65383
80199 60587 65009
63959 62565 80629
81173 55494 61683
72491 61001 78381
64567 67302 78355
71359 71050 68715
77664 64498 71057
77849 61386 73018
80516 58705 65901
74487 68985 68768
68505 60338 80246
77861 60116 73289
74628 65708 75252
65347 69812 76030
62990 72776 70422
73396 61834 77631
79129 63158 65844
74535 63394 76329
65347 58371 81119
73886 57659 77648
71666 68955 74617
72127 62602 78325
64998 73176 68749
70568 66844 77672
67998 66231 78823
71460 69223 74372
68081 65301 79299
65941 60242 80839
78108 64766 67934
72131 67740 75889
77986 65103 65547
78048 61939 72438
68094 72218 70358
68768 58901 80301
78512 61123 71756
80738 56506 65431
65945 69433 76363
79780 61787 64153
63515 59999 81164
58987 73936 63382
66350 73173 66938
79506 61651 68005
63805 63477 80380
78992 63495 65076
70553 62062 79249
72253 63861 77965
81007 56022 63586
63165 61731 80852
74485 69098 67308
63875 73537 67530
73209 58033 78174
80617 57391 65917
69887 59612 79850
71207 68618 75526
63724 73410 68136
77443 65624 68939
70259 65718 78412
73328 63792 77232
81166 56414 61045
80838 57860 64287
67056 58480 80786
75080 66076 74385
79272 61005 69709
71126 59693 79324
73038 68409 73889
71729 61754 78730
77671 58734 73625
63851 56539 81389
74479 66914 74350
73493 64756 76777
67949 71165 73587
72803 69811 70682
78884 62065 70116
75049 60975 76382
64550 73496 67389
74035 67124 74654
73347 67755 74696
67540 67078 78288
72056 70745 66474
69631 66184 78453
81123 55266 62373
66270 57502 80988
76996 65784 71027
78738 58850 71824
68275 66242 78757
77150 66183 66882
68403 72537 67223
76373 65356 73162
69868 71872 68249
77472 63483 72548
70046 71370 71002
67483 61115 80444
71217 70335 72433
60777 58999 81418
70174 63406 79157
80600 58586 65436
81096 56092 62702
76583 64527 73499
65583 57312 81148
79287 61467 69395
69135 65956 78726
72491 58226 78654
72943 66284 76501
73600 67759 74326
79380 58629 70261
78115 64400 69567
79706 59019 69274
71562 70510 71137
73282 69271 71375
72890 70219 67625
79318 62761 65763
75024 58372 76643
79670 61840 66316
78472 63152 70195
67330 72360 70750
75958 62371 75176
74635 66986 74044
66947 71929 72290
80799 58926 63398
67117 66230 78982
76984 62958 73813
73424 66522 75975
74687 64620 75774
67579 63899 79834
73572 66497 75839
67799 67418 77949
64028 60937 80968
80864 58090 63714
65868 71557 73225
74950 68634 68506
71111 63654 78678
81056 56241 63235
69889 65989 78445
74109 59981 77348
61859 59887 81249
73859 68713 71730
80981 57438 63033
78876 63591 66622
77007 65486 71560
75433 57810 76290
76498 66913 68640
80397 59800 65381
77050 64054 72990
77229 66067 67197
76224 59037 75417
63462 73154 69274
66304 71180 73880
65690 72266 71755
81028 57628 62164
68222 62800 79979
64790 62392 80645
68168 61324 80240
72035 68553 74894
66457 60745 80691
72363 59779 78627
61636 58245 81483
74219 66702 74913
73006 69613 70880
66531 72724 69806
65149 73303 68143
63192 60594 81078
69576 71714 70319
65407 61398 80765
73623 69742 67897
80413 59495 65781
68993 63845 79514
65988 65639 79351
75326 58760 76339
70700 69828 74067
80710 57824 65241
60851 56118 81619
64559 60471 80994
70473 70655 72531
80679 57532 65556
69115 68518 76546
80404 57414 66782
66904 69916 75636
67519 57929 80678
67832 72143 71042
67536 59073 80629
62204 56019 81555
69808 67449 77367
79135 62886 67613
78492 64230 67650
60588 57001 81590
71342 65951 77765
79619 60973 68421
74788 59823 76761
68839 71025 73283
80996 57042 63269
72023 65767 77525
67004 73026 66545
73262 67615 75016
72881 58303 78401
74129 69342 68355
78404 63516 69956
63962 68469 77453
66192 71608 73097
73143 59205 78154
72052 70374 70429
80364 59745 65718
79511 60817 69044
72002 70566 69729
71041 70801 71254
75588 67189 71796
71340 70404 71971
80739 58370 64684
79399 61546 68808
79900 60056 67913
80211 60726 64108
79947 60531 67328
67918 64617 79562
66736 59003 80811
67616 71836 72150
69864 64961 78907
65353 63059 80422
64258 69668 76240
74119 69089 69660
78974 61147 70557
77711 63896 71615
68848 67472 77661
78527 61585 71442
66189 64574 79834
65418 63486 80273
69239 69103 75877
72681 67785 75426
68225 70603 74363
68231 63724 79751
73250 69832 69199
72062 70699 67993
62867 73782 64878
73102 67416 75457
72188 63434 78114
76395 66364 71509
70367 69578 74707
69282 71195 72454
78410 63696 69579
78712 61932 70743
80337 60053 65310
63968 64161 80117
75515 67966 69411
77456 65496 69692
72897 67469 75590
78437 62503 71001
74056 61566 77129
73821 68151 73246
80904 56295 64307
69447 60472 79928
71760 69428 73610
71409 71126 66324
61947 73745 66552
73127 67186 75688
65677 73323 66737
76157 65679 73213
77889 64159 70804
77375 65382 70668
68550 72458 68017
72735 61683 78114
66582 69705 75964
76321 67248 67276
64763 73503 65646
70156 64744 78867
65029 73453 66254
74152 69360 66764
75237 64121 75381
75767 67855 67065
67965 71334 73251
70435 64558 78778
68629 59380 80310
74022 69449 67570
71271 67244 76926
59640 56622 81608
67466 70712 74517
79679 59807 68977
70935 65004 78402
65662 72096 72125
66239 61548 80603
67405 62918 80110
76457 62644 74545
68910 71578 71823
65036 70583 75077
78778 63769 66716
71222 57677 79397
72689 66621 76481
75586 60408 75918
68377 72317 69460
73739 69310 69951
68122 72628 67638
66510 68611 77105
75218 62156 76014
76500 67003 67592
63449 58097 81422
72484 61315 78340
68688 62843 79819
66132 69879 75863
77614 62341 73178
68542 65858 78949
71531 70707 70388
80330 56833 67110
71374 64609 78292
66968 61017 80565
73332 67133 75555
79058 62214 69367
73030 69808 70054
63996 61558 80868
67050 72821 68726
60307 57453 81568
73804 58979 77653
70981 69125 74991
66521 60864 80663
66830 67942 77696
76877 58535 74719
71046 70110 73099
75741 67001 71875
72730 70259 68331
67875 72534 69168
79239 60141 70274
68601 63453 79718
69001 71962 70152
66524 59963 80773
68949 72320 67463
67107 69577 76003
66538 64997 79622
78959 60685 70871
67371 71774 72490
79018 58306 71227
67058 72750 69136
73303 59385 78021
70671 68031 76427
72402 59036 78678
80876 57613 64117
72455 68292 74891
78158 62710 71594
72805 69064 72890
71062 71232 68658
61656 57033 81576
69210 70869 73331
60580 73919 65057
77113 66263 65905
78021 62030 72456
80786 56636 65104
75231 68388 67910
72912 60864 78135
69518 66610 78159
65391 71331 73664
77431 65780 67450
65050 73027 69300
69132 65092 79123
76541 66735 69649
65617 73338 66131
72820 65578 77013
74411 63159 76518
66384 61917 80515
74789 59327 76803
72395 69664 72224
80946 56814 63959
69675 71526 70954
80152 58082 67722
75018 63839 75708
74566 67592 73098
77417 63689 72494
79813 61284 66817
79231 61361 69641
75521 66144 73772
66630 72920 68757
64346 59509 81168
73543 69795 67171
62397 57087 81539
62166 60419 81156
75069 65776 74639
67823 72618 68575
70080 61576 79529
77077 65942 70073
68456 72422 68575
74155 57726 77415
70355 58605 79763
68509 71279 72994
64854 60140 81019
76794 66115 70796
72434 70515 67518
66329 59235 80872
75108 63294 75797
74395 68747 70155
61793 57985 81507
71983 70663 68871
73709 62263 77306
71191 60574 79174
77006 66130 69695
67967 65836 79071
69548 62730 79534
79851 61380 66069
80182 58621 67408
75521 58637 76163
76214 66651 71323
63676 73692 65653
73275 68902 72486
74965 67099 73412
69848 71688 69937
78101 63627 70804
75325 59256 76297
66908 66852 78538
79977 57127 68445
80429 56753 66727
67338 60746 80532
77063 66109 69305
77346 63057 73198
67180 69748 75776
65609 70082 75663
63446 58998 81312
75664 66855 72418
80711 58275 64961
75423 67728 70798
73434 60711 77775
80575 59302 64701
69274 72043 69223
81074 57333 61844
72083 70177 71178
74078 67530 74054
71027 66321 77726
77155 61973 73898
78726 60120 71553
79467 61410 68671
79641 62067 64890
77108 65828 70346
69552 71165 72222
76136 58210 75544
71990 62906 78351
79550 59945 69372
74251 58565 77327
80209 59346 66972
70588 71146 70812
72674 62836 77927
62244 73694 66890
76440 66144 71858
66593 63961 79970
62282 57647 81522
80949 58180 62207
66826 69434 76204
81074 56642 62648
76421 63216 74414
67419 71356 73405
75980 63644 74751
64051 59840 81143
71972 57022 79008
63882 73663 64642
72058 58303 78930
74037 69441 67364
74826 66875 73899
62512 73566 67693
62587 59752 81247
78283 60984 72278
71040 69484 74375
69271 61240 79888
67929 66691 78517
68639 61015 80128
76308 66086 72249
70660 70936 71533
77602 62011 73312
80521 58149 66123
74135 65258 76016
76212 62979 74736
63891 72094 72247
71940 67854 75897
61331 73782 66297
73441 69721 69054
66687 65619 79320
80835 56855 64753
73939 67306 74541
74775 66671 74228
70600 71360 69658
73998 66549 75323
64199 73606 66324
63137 59364 81277
70302 70430 73197
79726 57487 69226
69061 61634 79904
68981 59713 80163
75791 67624 69906
65362 64963 79728
76110 67361 68856
68567 67329 77862
