42080 46221 43245
42731 46326 42685
50372 40044 37488
44423 47423 34775
36226 38975 46274
38623 47886 40250
42869 47792 36408
41465 46628 42741
45989 43633 43471
38286 48145 38590
50215 39600 38175
43183 47536 38450
40887 40538 45960
47361 42358 42673
44477 44126 44020
41093 45301 44505
49374 43510 36151
39165 42971 45699
50381 40030 37461
50864 39528 34896
38951 43189 45649
41062 45554 44304
50692 40560 33830
41845 39944 45764
45397 46937 37065
47400 45912 36459
47985 43352 41427
48797 41911 40858
39135 47936 40018
48081 44996 37795
40119 46659 43188
48719 41559 41053
42132 42222 45371
49902 38379 39021
50091 40449 38187
40237 47918 39647
49953 38429 38898
48205 43628 40653
39274 44258 45206
46705 45594 39955
48923 43630 38546
39920 41011 46056
37886 48355 35977
47358 45493 38358
40780 41003 45941
47659 45239 38322
39939 46891 42751
49042 43904 37005
40449 44953 44847
47298 43180 42416
37857 42222 46005
44367 46819 39816
43450 39813 45329
44006 47536 35377
41972 44647 44745
41691 47519 39973
42223 47792 38315
40196 41921 45833
49495 42853 38003
43472 45981 42970
47160 44216 41595
48396 40689 41602
38753 41360 46089
40150 48018 39018
43766 47478 37506
45302 45132 42677
51136 35709 35109
48829 44055 37654
39899 45567 44491
49390 42874 38559
51189 36740 34708
49545 43279 34298
37788 47048 42837
48747 40325 41113
36640 48388 35218
42282 43472 45019
48322 43162 41018
43002 47701 37570
38276 42379 45942
41765 47918 38180
50093 39490 38505
46347 44846 41973
49045 41424 40510
40698 48152 36258
45982 45134 41950
48525 41622 41351
43370 45530 43602
43884 43528 44553
37843 43934 45380
45863 41954 44104
47112 45887 37642
42732 40200 45523
50192 38385 38293
43566 47644 35497
47415 45814 36904
49362 43267 37490
47731 45649 35324
46814 43840 42544
43810 46550 41306
50559 41010 34557
41046 47194 41524
44609 44661 43644
44303 45544 42961
48508 44459 37919
42600 46842 41463
48021 45180 37093
38289 47252 42296
38566 43554 45529
47194 43219 42503
47011 45720 38570
50951 36865 36153
51204 37560 33976
49858 39994 39025
45022 46131 41155
48152 43972 40114
38967 48316 35604
49107 40318 40588
49286 43716 34968
48351 44939 36009
41880 40804 45718
47650 42318 42345
49959 41932 37260
37956 48001 39591
48197 44964 37290
47476 40982 42707
50589 40362 36058
39833 47811 40334
44458 45914 42255
41967 44976 44592
46876 45989 37968
41153 42594 45521
40931 47596 40315
50719 39211 36433
41194 47026 41913
49825 42331 37200
42601 43220 45008
50963 39344 33776
40263 48030 38846
45182 46052 41153
46681 46334 36631
46595 45050 41301
39679 48191 37664
46944 46338 35052
47161 43613 42332
49385 40980 39934
45006 46478 40068
51247 36722 33968
46444 46033 38994
45932 40782 44092
41595 47472 40214
42876 46617 41865
50982 38274 35619
48080 44221 39770
50531 40273 36654
47852 44451 39814
41241 46448 43274
51202 37621 33265
40317 39427 46066
46400 45926 39479
39007 47121 42434
43663 44358 44314
45293 46154 40694
47281 44579 40878
47037 44088 41937
44031 42288 44777
49902 39250 38991
47308 44841 40276
37322 40756 46205
48099 44198 39773
44791 46232 41163
48037 44889 38280
46617 40440 43534
45414 47045 35081
50519 41173 33501
48851 42440 40553
40597 44825 44892
50712 38568 36883
49696 40920 39144
42090 40186 45703
45270 45782 41688
41751 46930 41871
50444 40827 36290
38201 39029 46257
45645 45772 41281
39276 44062 45287
48681 44521 36277
47695 45599 36515
50341 41615 35560
48031 41652 42000
50887 37920 36492
38907 45260 44711
50540 40259 36627
51286 36366 33492
43132 44653 44387
40175 48115 38308
46298 44323 42587
38418 43682 45484
39811 43782 45378
50297 41508 36045
42455 47828 37512
47525 43079 42193
51342 36057 32023
41449 40565 45835
39566 41155 46067
49487 42755 38415
50267 40840 37254
49229 41620 40094
48702 43421 39877
45464 44236 43401
44257 46407 41292
49423 42130 39272
48264 42581 41416
41487 45857 43929
46141 46588 37052
43392 46193 42540
50390 38952 37784
43240 47720 35885
38956 46672 43375
38932 41020 46131
51134 38112 33406
46287 42444 43727
48254 45058 36153
38885 45676 44478
44264 47380 36970
50867 39912 33439
48117 41862 41867
48845 43729 38589
43068 47058 40465
43731 46355 41912
41848 47614 39499
41747 48008 36649
38617 48259 37241
48222 44302 39214
38581 39622 46229
47833 44238 40346
44711 43167 44357
41164 48066 37593
49567 39296 39811
51322 36277 32860
40422 42569 45669
48464 44352 38404
39204 44725 44998
51004 38759 34963
48184 40967 41889
50018 40988 38127
40454 48166 37010
47953 45427 34857
51083 38475 33997
50025 42398 34961
49076 40738 40593
42936 42197 45155
51017 38923 34027
48778 44402 36133
45397 45568 41953
46657 45885 39030
45142 47050 36937
48991 43419 38829
37300 39468 46271
51257 37214 33427
47602 40512 42565
46032 45572 41204
43128 45544 43681
46299 46678 35829
47326 45994 35854
46975 42549 43013
47253 44938 40189
48323 44781 37447
48175 45155 35812
49642 41789 38803
44671 40595 44789
42057 46686 42268
41663 48024 36821
47303 42834 42573
48078 45274 35956
49099 43998 35868
45539 46361 39697
42793 45936 43339
37999 48367 35805
38016 42694 45848
40274 46044 43981
50734 40362 34166
44187 47484 36092
48945 44023 37149
44165 46591 40852
47379 43451 42168
39224 48091 38907
51034 37452 35654
40575 46817 42727
47697 44905 39144
47814 43039 41865
43828 43818 44461
39859 47381 41635
45743 46391 39247
50023 41615 37476
42104 45182 44369
41296 47741 39495
37841 41284 46149
42915 41056 45401
49189 39775 40467
42618 47570 38936
49265 43386 37634
47905 45212 37598
40610 45547 44396
41132 46721 42685
45319 47079 35456
43164 47105 40224
38370 47750 40868
50230 38877 38194
46354 41549 43749
47146 40354 43026
46677 43738 42757
37975 48263 37232
39233 46379 43735
45386 42098 44284
38895 48081 39062
42385 40856 45587
44645 47165 37841
44533 41358 44782
48881 42875 40175
39350 39900 46162
45877 44687 42616
39764 42126 45846
48594 42405 41025
51277 36994 32590
48986 39834 40774
43985 47163 39014
49873 40682 38727
51253 37258 32674
41624 46063 43706
46678 45332 40557
41168 47456 40612
41282 41789 45674
40514 46441 43474
37521 40886 46192
49727 39898 39382
48624 44427 37414
46210 41438 43876
41620 47874 38600
40572 48155 36984
40027 48221 36726
49490 40050 39876
48557 41062 41363
45361 46735 38445
39284 42243 45872
43703 47609 36115
48331 42993 41133
46507 41405 43621
44160 46165 41974
38728 48167 38263
41097 44195 45088
49423 40945 39854
40300 45360 44605
