31366 39755 35472
27845 40163 35427
28810 36111 38047
29440 37563 37704
29690 40581 33519
30987 37255 37734
30848 40370 33899
28913 35073 38103
34400 37874 34273
28942 40663 33422
34865 35707 35040
32406 35676 37354
35279 36970 32381
29758 40381 34948
35833 34869 31294
34067 36241 36173
30966 34962 37929
34475 37701 34432
29440 40555 34354
33411 39277 33016
35828 34923 31284
30711 35896 37925
32729 39163 35467
28732 34997 38114
31034 40057 35045
35191 36515 33663
31866 36708 37569
35550 35880 32888
35978 33490 30304
35770 35430 31566
33277 39165 34254
32447 36409 37296
35704 34899 33244
35234 36609 33316
30193 38125 37395
35462 34341 33944
31795 40104 34449
31811 36550 37607
35012 36061 34484
30248 40412 34419
31954 39727 35149
33217 36848 36861
33237 38973 34984
34766 35537 35181
33699 37738 35857
36021 33068 29656
28562 40271 35230
32787 39600 33815
32430 39579 35028
30571 40022 35384
32329 39828 34342
29236 36726 37926
28605 40619 33932
32324 38630 36563
34610 36641 35036
34839 36782 34341
29861 34185 38060
30173 35854 37992
31495 36096 37763
33839 38499 34828
32618 39770 33172
29188 40634 33621
32696 37457 37046
34026 35508 36231
29936 40552 33718
35897 33044 31616
30511 39684 36146
34574 37861 33574
34178 37326 35441
35921 33827 31069
34096 38511 33646
33154 39265 34198
35045 35049 34751
30646 40180 34989
35468 36093 33027
33173 38442 36033
32731 35745 37179
29933 39165 36661
28359 40648 33733
31543 40183 33716
33495 37345 36301
33062 37357 36765
30269 36227 37961
33540 38915 34389
28917 38971 36840
34860 37579 32357
32698 39020 35734
