56697 60187 46533
59044 55966 50560
50891 54629 54503
55335 53936 53795
48345 62789 43313
47311 47905 56420
61450 52822 49349
55786 58014 51064
57729 58778 48733
56663 56045 52177
51710 51680 55565
63661 51171 44858
64118 49194 42616
55639 55320 53068
63394 52554 44695
63981 50492 42450
62466 53242 47373
61538 56749 44828
56995 58501 49756
57863 59907 43963
53341 61732 45299
48809 62968 40905
63816 49721 45228
52609 50823 55580
62296 54319 46959
47590 62894 42482
62376 55351 44786
57873 57604 50212
61236 56736 46407
52413 60596 48955
61630 54785 48079
61957 52714 48584
53183 56280 53138
58225 59310 46625
55380 60843 46509
49234 62678 43695
55578 52789 54047
62142 53484 47933
56573 55386 52620
61422 53482 49124
56509 50965 53923
62015 53352 48232
57830 54970 52148
63088 54287 43229
59630 54319 50955
60656 51800 50423
57651 58934 48548
59295 57963 48148
53101 59947 49817
50684 53065 55344
60522 55879 49092
60236 51484 50886
59939 58206 46175
57147 49748 53596
64087 49778 41691
59576 56304 49833
58479 59504 44159
49861 58299 51739
63973 50709 41396
62766 53494 46359
63154 54004 43488
52121 52036 55400
54469 60318 48557
60009 58073 46504
51499 55411 54001
52329 60041 49842
50645 52470 55543
53359 51056 55297
56845 54530 52848
62670 55138 43754
60653 53278 50234
53832 57052 52479
61155 54515 49059
63326 51995 45772
63522 52942 42701
53091 53829 54557
63509 50157 46252
51959 61280 47758
55782 53693 53663
63855 51421 42135
53765 61755 44529
52027 59068 50926
54615 61532 43119
59223 58409 47271
62676 52437 47335
59887 55067 50428
59488 57744 48226
56528 54467 53046
59225 50796 51968
61321 56299 46948
52562 61717 46125
51610 50706 55817
49309 54457 54673
51382 57639 52300
48201 62832 43093
54009 54435 54033
62550 55414 42961
50355 55200 54246
63601 52710 40318
59060 58614 47048
49686 54892 54453
52863 57893 51981
51554 62323 43952
55072 60252 48257
55327 50422 54571
62106 55583 45494
52827 52405 55174
55288 58753 50567
63935 50588 43410
50362 54805 54467
63842 51300 42881
61972 52997 48447
62186 54750 46769
57195 56653 51463
51462 49603 55981
52754 61825 45544
59104 58902 45752
63187 54071 42384
49493 62922 40916
59927 58445 44551
56475 60618 45120
61818 55136 47339
61138 51412 49900
62225 55043 46191
54128 60716 47996
54791 48903 54911
48657 62980 40682
51078 51269 55777
53663 61644 45294
55610 60508 47220
62058 55791 45221
51167 60696 48985
62563 52873 47359
63662 52082 43271
55284 59718 49097
52526 57850 52055
51563 56911 52894
57109 52406 53321
64057 49064 44159
63756 51813 42683
59974 50879 51189
58164 59462 46039
62635 55278 42922
52204 62266 41046
59335 58430 47016
51920 62319 43173
49907 62674 43276
61831 54902 47526
51194 61230 47908
53256 60882 48123
61785 56621 43638
63696 52287 41693
60433 49359 50714
63910 50920 42946
58692 50785 52423
51725 49833 55903
63628 52562 41675
51147 56239 53426
53602 61853 43212
60155 56991 48441
54868 61313 44746
63215 53785 43563
58893 58883 46588
52575 61451 47075
54945 53459 54125
57947 54129 52326
63794 51249 43637
60718 55491 49115
49301 49135 56390
58572 54560 51738
56600 56385 51974
63853 51575 41167
61465 53105 49212
60010 57940 46881
63637 50126 45855
59315 55950 50336
51892 60119 49780
57684 56232 51468
54457 51972 54762
63311 53010 44478
60801 54754 49470
57920 55629 51705
62980 50810 47289
60539 56082 48910
54540 61269 45980
57858 56932 50894
48957 62713 43606
54211 57360 52168
56673 60154 46680
57843 54123 52397
51897 62341 42391
59447 58798 44898
58235 58037 49420
63225 51788 46244
55721 54408 53456
62012 54634 47352
61662 53784 48637
59795 51891 51325
51541 52490 55382
63618 52167 43616
56682 54962 52784
55984 60942 43558
56295 53530 53464
53768 59229 50596
50895 58793 51252
60611 56338 48495
51903 50454 55806
54796 60897 47119
60745 54349 49737
56955 50128 53697
60005 56537 49204
60792 57690 45216
63177 51332 46650
52192 58485 51494
60034 52475 51036
62849 53049 46495
63643 51835 44080
50286 62762 40966
63757 51222 44014
62968 54563 42436
59280 58943 44184
52997 62040 42516
55018 57099 52102
60050 54635 50492
63918 49872 44590
53862 60563 48460
57531 50824 53281
57194 59399 48155
62388 54611 46255
51823 49080 55931
53245 54324 54295
50371 62721 42319
51748 51547 55593
63821 51729 41413
57009 59818 47234
56014 49545 54252
59474 55084 50778
58024 55635 51634
58669 50411 52468
58656 57605 49483
62538 55387 43834
60881 55059 49179
63056 53399 45348
55582 59846 48675
63949 50800 42082
52866 53000 54975
56357 60773 43526
50792 60981 48494
63746 52075 41966
57448 59868 46227
61611 54510 48345
52131 60894 48457
53946 61747 42287
62704 54773 44543
62823 53963 45478
62548 52515 47605
54669 55297 53380
62403 55647 42881
53336 61603 45853
62572 54533 45614
54661 58341 51160
63097 52419 46206
62482 52326 47857
58721 58668 47570
58180 58538 48609
63362 53552 41655
50064 50738 56017
60033 58367 44408
59168 58699 46556
61413 50439 49556
59836 52284 51260
56113 59270 49306
61039 55809 48343
59320 52853 51743
58156 54173 52172
61346 55967 47412
59909 57312 48289
54971 53122 54230
50294 53777 54997
61220 57161 45064
54198 50295 55148
62749 52632 47052
53296 61540 46148
61357 57150 43790
52674 62044 44313
52634 60881 48374
50978 50295 56029
52827 60649 48752
52624 54844 54149
54529 59751 49449
47844 47468 56423
61850 52022 48975
58584 56952 50272
52013 55708 53726
58301 51858 52635
53334 61101 47548
57785 51413 53059
50847 60480 49305
61811 54517 47905
53935 60948 47618
58973 57937 48613
51033 61495 47271
62448 51086 48156
59069 57162 49528
51324 61268 47812
55554 52044 54233
61720 54948 47730
52134 51533 55518
57368 58336 49705
62907 54699 42368
48802 51211 55952
49575 62267 45119
48710 62921 41645
63358 52441 45084
64006 50156 42786
56774 57085 51400
56371 60599 45491
63234 53171 44763
59059 58747 46671
61753 55841 46373
62044 56199 43727
61979 51725 48834
60696 57203 46890
52650 49992 55680
51982 53771 54837
58152 59641 45002
54249 61053 47069
51259 62021 45846
55753 56818 52026
59360 58171 47587
52599 56571 53058
59677 56957 49075
59529 58665 45397
59447 58811 44598
58604 59145 46222
56508 52287 53677
50838 53560 55082
50041 51133 55932
63769 51581 43173
61514 52308 49401
48614 50706 56097
56789 58275 50152
63064 53138 45668
62076 53927 47778
54567 61454 44442
54675 55939 53015
60475 52068 50597
50803 62534 43464
60434 57592 46787
52272 62187 43833
52450 62196 42046
49757 54269 54767
53360 61332 46888
57233 53316 53014
51932 62017 45427
50447 49484 56190
53483 59995 49633
61906 55535 46407
54469 55773 53173
50419 56700 53139
60751 56702 47701
62952 53253 46052
60017 52016 51086
54705 56661 52547
53428 60496 48822
51122 59534 50506
62277 54044 47225
56925 49661 53744
60152 57721 47078
54584 55235 53441
54487 53848 54160
51053 62562 42265
63547 51264 45346
53321 57361 52327
62553 55192 44323
51828 53276 55099
63416 53330 42514
49772 62844 42235
55479 56899 52073
53046 49190 55544
52717 53691 54717
59272 58718 46185
56306 48988 54106
63209 53503 44299
60792 50766 50334
59406 50528 51794
50191 61653 46843
56301 60745 44862
59712 58462 45751
56784 59233 48833
57934 54976 52077
53549 58437 51386
60812 56455 47942
57021 55953 52037
49625 52705 55523
52250 62021 45083
61841 55327 46968
61168 51842 49858
60710 57823 44717
57882 49516 53105
59851 58479 45032
63900 50536 43812
63139 52943 45565
53032 55454 53703
56862 59077 49018
60100 57492 47630
