39663 30201 33202
38219 33948 35603
29432 40393 32198
38209 34657 33900
34397 32411 40302
31241 34616 40307
29071 40376 32731
31843 36128 39429
34179 39386 31942
34062 34306 40037
33083 32945 40479
32938 39431 34388
35932 38022 33197
32565 39991 32893
38178 30406 38153
36963 32701 39063
33848 38331 36272
29756 39666 35045
37943 31395 38384
32441 40071 32097
35820 37487 35435
32750 38304 37105
32982 36447 38998
35105 35763 38676
38644 30777 37279
39417 31503 33050
35878 37934 34117
32746 39240 35161
39439 29932 34938
35863 34759 38823
39722 28973 33108
35217 38515 33933
36076 36486 36664
37771 31086 38638
38936 31021 36465
28046 40111 33749
30340 39512 35410
37346 35400 36002
38789 31518 36792
35533 33779 39628
32382 37012 38729
32735 40003 32057
35086 37801 35856
38357 31119 37832
31535 35229 40081
37748 34275 36560
33615 34254 40190
35987 37963 33378
39536 30980 32651
36231 37408 34704
38886 32913 34736
35340 36640 37281
38923 32984 34253
32542 39741 33767
31844 38220 37527
33396 34809 40018
33484 37360 38008
38004 30101 38362
39699 29463 33492
31921 39361 35263
33168 38632 36287
34870 34192 39753
34652 39074 32764
31945 33403 40568
39714 29590 33281
33301 39837 32276
31321 39715 34738
34598 39137 31831
34751 38397 35056
36877 35638 36639
33257 38834 35767
32664 36100 39333
38507 34096 33667
31200 38983 36407
28737 40398 30676
32667 39328 34991
39071 32823 33304
29994 39747 34830
38123 32573 37628
38782 32728 35492
38680 33256 34977
35089 38183 35014
34442 36176 38801
30462 38861 36704
35773 35870 37811
30850 37190 38756
38368 32544 37028
35679 32462 39904
38389 31925 37532
35019 36227 38201
37218 31782 39074
32037 37933 37829
38948 30167 36638
38242 31685 37846
36720 37113 33944
39663 30148 33510
31097 38650 37036
32305 40108 31631
38175 34592 34634
35841 35609 38059
38330 33278 36262
37742 31547 38638
32507 32271 40609
38884 31808 36186
37559 34202 37176
31999 40157 32674
38016 31819 38174
33059 37816 37653
35598 36964 36551
38446 30078 37826
37448 34872 36517
35209 31419 40171
33630 39401 33611
37749 35428 34314
34312 31208 40389
36263 37694 32277
33180 39912 31359
35859 35206 38485
36228 37026 35546
39661 29335 34001
39526 30624 34267
35953 33806 39341
35182 38707 32768
36711 36678 35197
34197 37783 36913
34615 37534 36844
36968 34008 38233
32191 36973 38783
36157 31224 39876
37634 32581 38333
32512 39118 35531
31008 40158 33264
32737 35551 39680
35947 38025 32437
32473 36061 39387
32029 39685 34484
33566 39011 34916
30221 39974 34067
37660 35403 34898
36898 36868 33090
37991 35075 33978
34913 38609 34183
29515 36220 39433
34931 31096 40252
35415 38198 34398
32511 37493 38189
34665 35174 39311
39128 30452 35998
30052 40172 33412
39638 30452 33166
37306 35982 34931
35282 36325 37774
29664 38843 36811
33836 38739 35422
30153 39070 36341
30624 37129 38814
30436 37797 38167
38952 32673 34794
34952 32310 40211
36221 34631 38634
37383 33016 38401
31253 36141 39477
32863 33994 40358
33834 39549 32453
39351 31541 34307
30035 40363 31376
35596 37216 36171
37642 35685 33826
28434 38996 36540
38894 32165 35731
39242 29950 35627
33645 32151 40470
30696 38150 37802
36920 36236 35682
37016 30151 39271
32651 38700 36370
37127 33803 38216
39653 30005 33866
32349 39941 33291
37580 33583 37680
35512 31090 40083
36263 31757 39724
30088 40349 32566
30432 40313 32705
37117 32191 39065
37273 36237 33993
39544 30671 33909
38207 34678 33090
33046 32062 40580
35234 37454 36241
37371 36163 33196
34598 33837 40010
36428 32703 39426
35483 38473 32350
34800 38778 33735
36300 36757 35928
31754 34674 40253
32097 38100 37600
39188 31213 35549
38936 32218 35494
33681 35856 39246
39453 30407 34837
39139 30660 35933
39320 30298 35339
34447 38491 35306
31580 34205 40414
33835 33205 40311
33340 35154 39835
31250 35973 39591
35110 35109 39146
34351 31801 40353
35821 38092 33562
33962 36906 38308
33170 38331 36818
31569 40262 32248
