41482 55182 41245
52409 42772 44943
52471 45578 41249
37854 55633 37733
50453 49207 43632
45277 48864 49073
41624 53822 44902
45194 53183 44621
44232 54180 43323
53009 41177 43798
51302 45582 45611
43581 48136 50235
43099 54481 43259
44021 54076 43767
43110 47584 50521
42747 54869 42179
49120 41846 49210
43729 43321 51721
41114 45240 51321
43992 51280 47805
44477 46573 50638
49107 47442 47170
49534 44760 48120
51734 47227 41144
41975 55127 41012
46320 43717 50837
47522 50559 46256
44637 54433 40748
46235 52046 45677
49825 40479 48689
41732 44354 51584
39810 55344 40981
48153 41563 49962
50816 43585 47345
46521 47719 49049
46438 46448 49782
45853 49881 48048
41701 52742 46533
52526 43655 44094
41082 53090 46123
51744 43168 46204
46877 53109 42606
49790 49463 44705
50145 45513 47235
44788 51733 47017
53170 42940 40703
50525 49069 43661
50698 48665 43882
41264 43016 51942
50318 48092 45341
42061 55141 40686
51605 40501 46864
52746 40619 44634
40978 43346 51855
48902 42580 49270
53120 43070 41614
42114 48956 49986
53052 42931 42772
48152 43622 49661
46525 48376 48624
51329 47469 43985
42971 51517 47825
42520 46902 50789
52523 44194 43674
50957 46508 45579
47062 53187 41457
51287 48050 42183
41345 52384 47035
47062 47174 49027
49915 50400 41755
42708 48218 50290
49452 50690 43268
53289 41543 41556
52365 45729 42289
44109 49940 48923
45274 41869 51485
42525 40503 52191
40282 54410 43947
50378 41791 48149
42826 54982 40730
50344 48942 44391
41975 53024 46092
43657 49432 49405
44235 54502 42239
52196 46241 40076
44105 46265 50873
45350 47235 49968
44861 51136 47612
46638 45542 50090
51053 40412 47554
41283 45317 51297
52532 42178 44844
46240 42953 50995
42254 54924 42412
40024 55500 38185
43398 47174 50634
41511 54639 43438
38108 55617 38682
44541 50885 47966
49545 44895 48056
42655 46573 50887
49768 50586 41942
52396 40819 45479
51315 48058 41331
45991 50903 47207
39309 55568 37760
47159 43755 50319
42628 53650 45021
48992 44008 48870
48008 47972 47875
45481 48104 49411
41778 55215 39374
42055 54246 44068
47543 46993 48804
41147 40398 52328
44759 50020 48589
45618 52711 45121
49690 40779 48790
48066 43823 49679
43943 47212 50559
47313 50982 45985
45371 54147 41876
41067 55076 42067
50663 49268 41419
45761 46133 50284
46074 44348 50854
48664 46051 48345
43591 54544 42725
50922 45167 46511
46454 45172 50359
47353 53042 40753
52057 45120 44420
53240 40641 42507
45581 43453 51220
42186 47635 50558
50023 49368 44481
46720 42962 50730
52146 40460 45930
44598 54162 43040
52019 46128 43332
53057 39709 43648
53241 42459 41081
53163 39995 43090
41647 40388 52285
42109 51635 47810
47948 51761 43941
41366 54884 42787
45281 51678 46784
46216 51251 46674
44649 47919 49910
47450 48249 48090
48139 51197 44706
52248 44301 44522
41787 51053 48488
49151 50924 43482
42859 44457 51510
47945 48525 47533
45690 52252 45766
47609 45335 49559
42678 51030 48382
48199 42657 49841
44164 49636 49125
45451 51853 46464
45916 49328 48390
51203 48245 41886
46942 52537 43881
46832 47633 48894
49933 50147 43316
52003 46653 41965
49411 43432 48680
44514 54021 43534
45592 48769 48960
51679 42223 46681
51218 48072 42921
50753 46928 45582
52155 45949 43018
46799 51450 45928
47123 51708 45308
48711 50848 44395
40689 55415 38871
52931 44317 41394
38411 55471 40037
53252 42325 41123
50318 43038 47978
42740 49136 49819
52362 44814 43745
42752 54599 43128
50341 46670 46374
43250 48939 49839
44789 44424 51264
44038 54403 42809
50703 45121 46821
51500 44128 46108
41975 53247 45771
42315 54993 41784
53220 42604 39833
47963 44204 49656
42657 55025 39923
46564 51728 45790
53320 41242 40407
42615 53321 45536
41118 51578 47989
40886 55327 40509
43241 50737 48598
40738 54359 44029
41788 50497 48991
44125 41603 51821
51370 43293 46761
40124 39542 52430
48225 52338 42167
53146 43056 41203
49283 47591 46898
53125 41381 43165
47037 53146 42079
47936 42964 49963
47319 44628 50047
47480 52449 43300
44138 53531 44638
45059 51120 47520
40949 39683 52379
44795 53887 43539
52720 44652 42350
44153 47538 50308
50582 44370 47270
53036 41614 43639
38903 55599 37999
50626 41237 47945
45944 51798 46231
42559 49152 49834
52542 42940 44549
44701 53238 44854
45906 53485 43178
40950 53755 45085
42446 54566 43344
41864 54011 44569
50388 43365 47818
53131 40529 43240
42397 46700 50857
51680 43443 46168
44870 43141 51495
44988 48159 49644
52060 46443 42480
48703 49683 45815
49721 43693 48351
46820 43515 50585
52986 44013 40964
47104 45623 49795
41091 54211 44293
49760 48484 45755
42122 45940 51102
39531 39601 52449
43133 54036 44142
48291 50440 45484
52605 45229 41041
50140 49741 43614
44354 43381 51592
53115 43244 41133
45961 45227 50592
43469 48965 49759
42141 49132 49879
53225 40187 42710
50435 45509 46924
43058 49376 49596
46254 46078 50051
52632 41551 44805
42604 50691 48723
43524 51797 47376
47448 42640 50344
46629 50127 47393
53222 41696 42288
51156 47601 44244
47743 46087 49112
43234 52973 45946
47357 41974 50444
48003 44491 49536
50931 47246 45083
51381 44868 45902
39344 55416 40476
47144 51427 45635
52717 44142 43024
44084 54489 42492
49423 41108 48996
41237 55282 40631
45252 49965 48356
44282 44274 51439
51705 46707 43685
45356 51412 47055
51972 42483 46050
41040 55370 38993
40659 55403 39596
43507 41821 51994
42246 41928 52165
45015 53371 44427
51725 47079 42964
49636 42114 48733
41015 54929 42665
53272 42032 39878
45676 53281 43972
51948 44573 45076
49569 50145 44139
42320 51191 48265
46624 52974 43394
40968 45849 51133
47155 41004 50593
50067 47264 46268
41160 51048 48516
44888 52594 45769
45712 40775 51281
48198 47432 48026
43305 49544 49418
44677 45667 50946
48532 45165 48858
44863 51467 47288
44258 51018 47959
47329 43112 50332
51160 43968 46766
47606 52794 42087
46509 52825 43872
41947 52364 47031
50209 44102 47750
45985 48561 48864
46269 53684 40395
38046 55600 38974
49320 51135 42237
51449 45004 45704
50811 48170 44361
45926 47890 49292
42261 54213 44070
42399 54679 43063
52448 45649 40587
39538 55502 39410
45011 46995 50234
51275 47862 43436
41131 55227 41123
47467 48517 47897
50675 42051 47818
50837 48833 42655
43203 53707 44712
48774 50606 44727
48401 51520 43674
50551 49455 41974
48468 43747 49379
46752 50983 46504
39833 38094 52487
48717 49463 46002
36997 55646 38411
42808 54938 41551
41418 55031 42189
42469 52369 46949
43452 51247 48012
48047 50718 45456
49197 43432 48860
43031 54797 42224
48947 46103 48064
42786 48386 50202
41823 49371 49746
46248 46988 49631
51589 46406 44427
43532 54761 41901
45827 42822 51203
50185 49555 43827
48420 48178 47334
40723 41082 52310
42524 49005 49928
49468 50894 42654
44011 52754 45980
51104 45170 46210
51223 44430 46416
48390 41494 49788
46574 44146 50602
43906 54664 41287
42826 49741 49405
41746 41938 52208
49057 42064 49229
48948 41102 49374
49132 51468 40740
51355 45973 45259
46313 49289 48167
43231 45120 51288
39407 55242 41457
47525 50965 45765
46599 53484 41233
44784 48919 49306
48346 50735 45085
53246 39789 42582
42861 40889 52147
