55439 79561 7074
72580 63420 7465
69040 62960 7661
51198 80802 6770
64564 70436 7686
78122 54878 7019
68159 71841 7323
56412 71588 7818
57944 79056 6968
75759 62241 7177
67548 73452 7125
71942 60058 7540
57367 78633 7226
57236 70764 7840
78787 57213 6837
79237 52763 6828
56794 70206 7859
75320 55680 7332
69310 61690 7655
49844 81156 6586
58034 78966 7014
60823 73177 7676
61731 76269 7344
62489 76511 7234
65828 74172 7267
65120 70880 7644
71486 63514 7541
78823 57177 6826
51926 80074 7125
61523 70477 7777
75034 65966 6751
46973 81027 6931
74491 66509 6931
81106 46894 6193
76854 57146 7188
57793 79207 6809
53726 78274 7412
56116 70884 7844
65245 64755 7788
58177 70823 7830
54286 78714 7342
60989 72011 7731
63290 74710 7436
77787 60213 6890
75171 56829 7342
61394 76606 7317
74032 65968 7174
71381 64619 7524
62458 69542 7787
62011 68989 7815
50335 80665 6970
61148 68852 7839
56853 67147 7910
75354 60646 7285
62874 77126 6869
51736 79264 7303
77763 60237 6895
56554 78446 7299
57900 71100 7823
78065 56935 7004
75979 57021 7279
52658 79342 7276
80427 49573 6532
76135 61865 7141
51762 80238 7073
74486 58514 7389
66711 72289 7419
57059 76941 7489
70906 65094 7543
78380 59620 6632
69594 68406 7503
78587 57413 6885
76453 63547 6762
65321 75679 6902
77594 55406 7095
60526 76474 7394
61982 71018 7746
58817 73183 7728
49567 80433 7090
79712 55288 6571
49774 80226 7148
69888 66112 7577
79154 56846 6713
56433 77567 7438
59087 67913 7887
52394 78606 7385
80074 50926 6634
71294 67706 7404
72268 68732 7122
49842 81158 6572
54580 79420 7186
55710 75290 7650
78407 55593 6969
57264 76736 7505
74704 63296 7260
65199 72801 7496
67026 70974 7525
50069 80931 6834
73836 60164 7425
60936 78064 6851
77169 61831 6874
57577 77423 7412
64493 66507 7800
77129 56871 7153
72888 62112 7471
56727 71273 7827
52583 80417 6885
79508 52492 6767
60191 68809 7853
66933 69067 7641
77386 57614 7102
69855 64145 7619
80305 51695 6546
56787 69213 7883
72102 61898 7523
49967 81033 6759
55161 66839 7916
68842 71158 7331
60801 77199 7266
73030 67970 7082
78250 59750 6747
74856 66144 6838
48689 81311 6684
50534 79466 7289
63798 65202 7827
77571 56429 7090
71355 68645 7307
62920 77080 6907
45295 81705 6552
78794 58206 6728
66037 71963 7512
58002 67998 7895
55431 64569 7932
63924 75076 7337
68181 72819 7151
74343 57657 7401
53750 80250 6802
66502 62498 7754
48589 80411 7105
79321 56679 6628
80142 53858 6378
67993 66007 7679
65585 70415 7647
81170 46830 6133
69585 66415 7586
78947 56053 6844
69720 70280 7338
73557 67443 7048
71203 63797 7554
57049 72951 7765
61275 72725 7686
64847 70153 7688
80449 51551 6459
69835 69165 7429
80077 53923 6514
77030 55970 7166
67052 72948 7302
79869 55131 6435
73505 66495 7206
55340 74660 7682
65556 71444 7591
67762 62238 7712
47567 81433 6700
63305 75695 7302
65862 65138 7767
70181 66819 7536
50321 79679 7250
58844 69156 7864
61715 77285 7139
79664 54336 6678
45220 81780 6448
80408 52592 6377
51581 79419 7281
74738 62262 7296
60319 64681 7896
79300 54700 6785
68384 62616 7688
56998 75002 7649
65355 70645 7646
75670 57330 7305
64659 67341 7784
79154 54846 6825
63963 69037 7761
55620 79380 7135
55867 66133 7925
52953 80047 7077
58841 78159 7224
71936 69064 7134
77000 62000 6914
63427 71573 7677
71918 64082 7500
60913 66087 7882
73099 60901 7468
62993 74007 7525
80653 50347 6390
64547 74453 7366
75387 61613 7248
72844 68156 7093
66806 70194 7588
66571 67429 7715
51540 80460 6984
80893 48107 6344
48642 81358 6597
75044 65956 6718
78941 57059 6787
63235 73765 7532
81333 43667 5893
67923 65077 7692
74017 61983 7379
49199 80801 6975
76527 63473 6642
72118 59882 7531
60502 63498 7896
77123 57877 7136
73167 57833 7473
81214 45786 6134
56591 79409 6988
56489 76511 7549
76332 60668 7163
55423 77577 7465
52070 79930 7158
48018 80982 6933
67258 69742 7586
55211 79789 6934
53098 79902 7124
57825 79175 6862
78269 53731 6999
52422 80578 6712
78984 54016 6884
47922 81078 6895
44171 81829 6404
58014 66986 7905
49890 81110 6696
79284 55716 6747
70428 70572 7175
81169 44831 6177
79588 55412 6656
52978 78022 7443
71981 68019 7280
79810 55190 6496
71321 66679 7462
57992 65008 7923
60977 78023 6913
81222 46778 5998
70771 64229 7570
63017 76983 6965
76637 59363 7170
66258 72742 7409
75795 63205 7115
59368 78632 6975
66817 74183 7092
54893 77107 7523
77351 57649 7107
55091 69909 7873
56190 72810 7771
58815 70185 7841
68657 69343 7512
70661 61339 7600
64504 73496 7481
59661 78339 7093
72082 62918 7513
77914 57086 7026
45322 81678 6577
55394 76606 7560
56104 68896 7888
63013 65987 7841
75947 60053 7234
75606 64394 7007
58955 72045 7780
70763 65237 7548
58657 74343 7662
65787 64213 7774
79586 53414 6741
69417 61583 7651
75011 59989 7333
62322 72678 7655
72835 63165 7451
81330 43670 5931
71988 65012 7468
68369 61631 7691
64674 68326 7760
49380 80620 7037
68757 72243 7167
64116 63884 7823
72965 59035 7485
74937 59063 7350
64308 75692 7163
68096 72904 7148
61413 77587 7081
61923 77077 7173
69059 71941 7174
66533 68467 7687
70985 63015 7575
53791 80209 6854
67787 69213 7582
55694 79306 7155
76191 62809 7072
61181 77819 7025
65492 67508 7752
61882 67118 7857
62143 75857 7374
63628 72372 7622
55086 78914 7289
57638 65362 7923
61228 75772 7444
66574 63426 7750
50711 80289 7111
64408 72592 7564
77516 61484 6718
71240 66760 7464
62823 73177 7598
79976 51024 6660
51149 80851 6716
68955 68045 7565
80716 48284 6417
79603 52397 6744
61772 74228 7560
55506 71494 7825
65274 69726 7690
77257 58743 7095
63463 65537 7833
50151 80849 6878
53283 79717 7167
79150 54850 6826
59041 74959 7608
53194 76806 7549
54605 76395 7578
78486 58514 6848
61706 69294 7812
74308 66692 6967
56916 78084 7344
60975 74025 7611
72409 65591 7408
62583 75417 7401
57698 76302 7534
76401 61599 7115
49031 80969 6907
61837 65163 7870
73913 63087 7353
64730 67270 7783
77508 58492 7059
68515 63485 7679
56803 65197 7929
79480 56520 6532
56431 79569 6825
58153 78847 7069
66287 69713 7649
46774 81226 6847
75804 64196 6960
56415 66585 7918
49875 81125 6672
76506 56494 7226
79950 53050 6634
54167 77833 7457
65896 71104 7591
66002 74998 7032
54332 79668 7123
78879 58121 6677
58139 77861 7319
57918 79082 6948
54125 79875 7060
61734 64266 7876
65104 71896 7581
67200 61800 7731
51106 80894 6636
55815 70185 7867
65876 66124 7761
52191 78809 7362
61024 77976 6959
48784 81216 6752
79754 51246 6713
71696 64304 7510
78747 56253 6892
79912 54088 6592
58721 77279 7385
44162 81838 6343
64956 73044 7491
57391 71609 7810
59900 77100 7343
56017 78983 7223
54007 79993 6992
64522 69478 7728
65480 74520 7249
67647 71353 7435
74912 65088 7099
72111 60889 7527
76592 62408 6999
72440 66560 7352
60112 66888 7889
57474 64526 7931
61502 77498 7100
81300 45700 6041
73822 58178 7433
65328 68672 7728
73144 66856 7225
61528 67472 7857
78950 55050 6874
60539 74461 7593
81065 45935 6241
56765 79235 7068
57620 78380 7259
80460 51540 6452
67336 63664 7724
62451 71549 7709
55743 69257 7883
80642 51358 6298
75701 58299 7297
51259 80741 6813
64942 64058 7799
80991 49009 6196
73788 64212 7325
74394 65606 7152
59605 74395 7632
71100 69900 6836
66341 73659 7285
77771 59229 6976
51232 79768 7228
63405 72595 7616
63945 72055 7630
58687 64313 7920
79480 51520 6774
63058 71942 7670
47450 81550 6465
70954 66046 7514
53041 77959 7449
78095 59905 6816
73328 65672 7307
63184 69816 7757
65121 74879 7229
61247 77753 7041
47639 81361 6769
46321 81679 6428
68873 61127 7672
78976 58024 6566
72617 67383 7251
51475 80525 6951
73777 59223 7435
80733 50267 6322
57919 74081 7691
80858 49142 6304
68005 66995 7656
69427 65573 7617
75394 63606 7152
57779 79221 6733
75031 63969 7184
72287 60713 7518
59132 77868 7258
76096 62904 7084
78341 58659 6875
52696 80304 6960
46600 81400 6767
60732 76268 7410
75021 60979 7311
81335 42665 5833
81033 47967 6218
67770 70230 7520
58012 76988 7451
62538 76462 7239
68391 67609 7616
77138 60862 7008
77523 60477 6939
74257 61743 7364
63754 76246 7107
80394 52606 6413
64855 63145 7802
55914 74086 7711
75910 61090 7202
58170 74830 7638
59531 75469 7550
75299 64701 7055
55276 69724 7876
60668 72332 7725
75932 64068 6928
76515 62485 7014
46336 81664 6558
50821 80179 7140
75555 59445 7293
71437 68563 7304
75032 56968 7352
76788 60212 7115
51122 80878 6671
58452 67548 7897
63313 69687 7758
66237 69763 7649
63189 76811 7039
54620 79380 7196
74007 60993 7401
76672 61328 7086
79867 53133 6660
55668 78332 7355
77431 61569 6790
65088 67912 7757
48251 80749 7018
43140 81860 6332
77082 59918 7078
53711 80289 6686
76545 57455 7219
67807 71193 7436
65854 69146 7690
48670 81330 6651
66298 66702 7740
56125 74875 7671
69985 69015 7427
80314 52686 6472
51972 80028 7137
63467 69533 7759
46324 81676 6461
79246 56754 6671
55126 79874 6855
60447 70553 7799
81121 47879 6104
63087 68913 7793
65448 64552 7783
52413 80587 6692
79021 56979 6760
64173 71827 7633
61922 75078 7477
59542 78458 7055
74109 64891 7256
68923 70077 7441
70384 69616 7328
79248 54752 6800
74046 58954 7418
59714 77286 7324
58208 78792 7094
59949 78051 7166
53144 78856 7346
46466 81534 6682
76416 63584 6801
78325 57675 6935
64219 64781 7817
59007 76993 7410
77274 59726 7052
76616 58384 7197
78989 58011 6532
65428 75572 6938
60216 72784 7715
71677 69323 7143
74683 66317 6890
58646 76354 7504
50634 80366 7087
53606 79394 7235
56392 79608 6725
59234 78766 6890
72984 64016 7413
59758 67242 7889
