22930 25233 31566
26514 27627 28562
25824 28468 27302
27803 24901 29069
25943 23082 31192
24900 28796 25995
26991 27542 27803
22839 24732 31752
26118 24862 30764
24397 28870 26850
25328 28671 26667
22458 23539 32099
24538 23486 31794
27497 25731 29157
25708 25750 30607
22602 24045 32017
23336 29101 24937
27225 27376 27684
26035 28115 28092
28797 24536 25677
28613 24894 26637
27086 23788 30161
23561 29061 24941
25099 28640 27397
22335 22748 32145
24133 25508 31189
23136 27993 29143
23316 27060 30316
22922 25895 31317
24396 28020 29062
24063 23727 31876
28529 25428 24666
27530 27260 26936
27793 26905 25385
27749 26971 25972
26272 24495 30768
27936 26559 27725
24157 28407 28549
27963 26164 28181
23115 28764 27812
26542 28024 27513
23543 24753 31630
24310 24429 31595
28878 22576 23772
27495 25999 28948
26816 27868 27279
24999 28549 27918
24363 28786 27443
25295 23837 31497
24875 27532 29532
26541 27232 29018
23521 28644 28074
28200 26034 27173
24750 28815 26626
23318 23681 32079
26053 28499 26572
23249 29073 26447
22273 29163 24546
22594 24707 31768
26225 27526 28877
25374 24033 31405
28032 26518 25898
27876 24675 28952
24754 24366 31502
25337 22992 31586
22757 26499 30821
25714 23683 31256
25312 25178 31014
27571 24448 29669
26556 23825 30625
26988 25822 29585
27009 26596 29101
28431 25422 27067
28026 26502 26756
24539 28882 26227
23536 28151 28928
25699 27090 29649
28124 26014 27966
28047 25615 28281
26781 27637 28026
23937 26702 30578
27510 27358 25459
25901 23927 31103
22065 23957 32034
28166 25169 28055
28120 25389 28164
23988 26160 30899
28369 24180 27425
28352 25759 26320
27044 24633 30072
25318 22724 31601
25417 24513 31214
24018 27588 29680
26658 28075 26794
23445 23153 32063
24403 26816 30342
23619 26159 30998
27464 26989 28197
27628 26772 28146
28051 24726 28423
27036 25295 29823
24830 25772 30870
28875 23553 23795
