65644 50356 6094
43043 73957 6138
49647 69353 6562
70058 42942 5161
54100 61900 6754
62091 61909 6167
69884 45116 5349
46887 66113 6772
55131 65869 6597
61654 57346 6418
51091 70909 6327
39707 75293 5577
41257 74743 5938
48789 61211 6835
68929 51071 5435
42182 72818 6339
69239 49761 5532
41552 73448 6253
54329 66671 6587
61189 56811 6456
69288 49712 5486
63126 61874 5887
51764 65236 6743
70131 39869 4970
63362 59638 6152
56932 66068 6468
51776 64224 6773
44552 71448 6473
48139 65861 6778
50473 69527 6523
57478 64522 6532
69043 49957 5594
65645 55355 6042
46735 71265 6461
60427 60573 6453
55520 68480 6257
63110 56890 6297
67366 53634 5808
65216 51784 6136
38828 75172 5769
45279 69721 6604
43805 73195 6272
63510 61490 5837
61714 58286 6398
48799 65201 6798
53165 67835 6563
68168 52832 5624
42392 74608 5889
60517 61483 6407
70119 40881 5014
58224 66776 6109
56051 67949 6290
50379 71621 6219
48193 69807 6561
46860 70140 6561
52023 62977 6791
69581 47419 5504
54520 69480 6141
51300 61700 6814
67768 49232 5854
49854 72146 6080
58026 61974 6596
38629 75371 5607
40883 75117 5549
51403 69597 6487
62991 58009 6283
52757 69243 6456
60625 63375 6263
51779 61221 6807
58661 59339 6604
59653 62347 6453
54866 69134 6200
41735 74265 6089
43334 73666 6191
53621 62379 6761
69986 43014 5248
51913 67087 6648
50555 66445 6716
44677 72323 6376
65736 53264 6070
67244 48756 5922
45496 68504 6667
44305 73695 6150
53010 63990 6753
47853 67147 6723
49517 71483 6336
55300 59700 6734
51646 71354 5967
68374 52626 5503
50578 70422 6435
67546 50454 5880
58361 65639 6338
46852 72148 6352
59724 65276 6114
45752 73248 6187
47009 70991 6483
64050 59950 5992
53927 63073 6744
54002 63998 6725
51133 65867 6731
48023 70977 6461
49673 72327 5970
55416 66584 6538
63905 56095 6232
48835 68165 6659
68254 52746 5584
42126 74874 5616
43496 74504 5765
65181 57819 5978
68938 49062 5647
40208 74792 5948
45736 72264 6365
39596 74404 6058
66515 49485 6005
47195 70805 6497
58928 63072 6490
46285 71715 6422
49635 70365 6475
57343 65657 6469
44809 71191 6495
39906 75094 5782
66700 56300 5655
45447 72553 6332
65054 52946 6146
67576 50424 5876
63385 54615 6298
55049 67951 6427
56568 61432 6679
69453 45547 5545
46289 73711 5797
53140 64860 6725
68068 50932 5782
46488 69512 6608
37685 75315 5692
39711 75289 5600
60122 62878 6376
59814 60186 6513
60808 64192 6076
64293 54707 6210
50667 71333 6275
50128 71872 6165
65034 55966 6102
42901 71099 6513
67514 54486 5646
56758 64242 6601
68543 51457 5638
53248 60752 6778
43676 69324 6628
46168 67832 6699
43859 72141 6412
66435 51565 6007
44477 73523 6195
45190 73810 6005
64666 59334 5919
69449 48551 5508
46203 68797 6649
46347 72653 6290
58054 60946 6623
68186 51814 5712
57303 67697 5937
68150 49850 5787
50458 64542 6791
43768 74232 5958
65924 57076 5874
49798 72202 6059
69745 47255 5282
67505 53495 5783
64427 52573 6209
70092 41908 5081
45456 68544 6665
54634 59366 6749
39986 75014 5847
35416 75584 5443
55788 65212 6599
52578 64422 6751
37498 75502 5491
51574 71426 5881
55642 60358 6721
47931 62069 6839
52156 69844 6420
58927 58073 6596
50801 69199 6539
64116 57884 6154
46822 63178 6833
62245 55755 6382
55108 64892 6649
67853 52147 5780
64086 56914 6194
44347 70653 6550
45092 67908 6698
68801 47199 5689
58570 64430 6442
41114 74886 5853
45822 71178 6485
55952 60048 6712
54443 62557 6737
49397 62603 6830
42896 74104 6100
36449 75551 5425
67130 53870 5849
62335 61665 6150
63634 54366 6277
47171 71829 6385
66040 49960 6055
69951 45049 5240
44160 73840 6108
67295 49705 5913
42408 74592 5901
40828 74172 6116
53696 68304 6497
66743 55257 5832
59019 64981 6329
52454 63546 6774
56348 60652 6696
47505 71495 6417
43618 74382 5854
51418 66582 6688
40898 75102 5609
68763 51237 5580
62906 62094 5909
56922 63078 6627
50157 70843 6402
53271 66729 6625
69182 47818 5613
41006 72994 6318
45952 66048 6776
46468 70532 6534
68877 51123 5528
61506 62494 6207
60758 56242 6490
48037 68963 6622
50511 65489 6760
43128 72872 6325
50452 61548 6823
45438 73562 6099
54581 69419 6153
46919 73081 6144
48510 71490 6388
70045 43955 5161
65630 58370 5661
55018 61982 6727
58160 58840 6632
68760 48240 5692
43634 73366 6245
47550 68450 6659
44310 72690 6334
54887 60113 6743
66588 50412 5996
65194 58806 5831
46465 73535 5995
47000 70000 6569
47445 65555 6791
69601 48399 5426
65569 58431 5698
53256 65744 6679
42090 71910 6439
69923 45077 5304
56100 62900 6673
68090 52910 5652
61042 61958 6325
55114 63886 6690
54003 69997 6004
38553 75447 5441
44791 74209 5698
41823 74177 6112
47941 68059 6675
62631 54369 6356
66246 52754 6017
54504 65496 6643
50802 70198 6451
53419 69581 6346
66701 53299 5950
69525 48475 5473
47923 73077 5975
61767 60233 6337
42285 73715 6201
44978 74022 5911
59228 60772 6544
60851 59149 6451
69809 46191 5383
50790 68210 6611
69969 45031 5185
69991 44009 5241
57232 65768 6469
56333 65667 6544
47904 72096 6315
52402 65598 6711
68317 49683 5759
68951 51049 5343
52686 70314 6267
42137 74863 5636
63861 61139 5710
45147 72853 6297
53728 60272 6768
57012 58988 6677
61435 55565 6445
57923 63077 6571
62547 60453 6213
47403 69597 6590
51606 68394 6574
52061 68939 6517
60172 61828 6426
69099 48901 5612
51308 64692 6771
58025 63975 6520
56951 67049 6333
55182 68818 6234
45501 73499 6117
67688 54312 5534
48338 72662 6119
38659 75341 5644
53898 70102 5914
48119 72881 6049
65636 54364 6070
55378 60622 6727
58524 58476 6615
67026 50974 5942
48999 70001 6530
50341 64659 6790
41053 73947 6159
51996 66004 6703
49000 65000 6801
49207 68793 6612
58924 62076 6529
55371 61629 6720
66895 56105 5507
60663 57337 6491
60693 58307 6480
49085 60915 6833
67594 54406 5596
67124 52876 5896
37490 75510 5420
67742 48258 5860
38967 75033 5843
42728 73272 6274
49845 70155 6488
54589 63411 6717
58154 66846 6106
46068 66932 6742
55789 62211 6699
38739 75261 5709
64809 54191 6162
58589 61411 6574
64470 55530 6183
48277 62723 6835
54394 60606 6753
50065 62935 6822
59684 59316 6545
54001 65999 6637
40923 75077 5681
68199 48801 5791
47432 63568 6829
48959 66041 6763
49189 61811 6832
64517 53483 6196
64001 53999 6244
45260 71740 6437
51550 71450 5816
63815 61185 5759
66583 56417 5697
49537 65463 6778
59847 57153 6545
51071 63929 6793
44864 73136 6261
63749 61251 5795
58475 66525 6114
69502 47498 5532
47669 61331 6840
67638 48362 5875
45961 70039 6578
66931 49069 5958
48625 66375 6751
59986 58014 6536
65964 51036 6060
58693 60307 6593
66844 56156 5558
65336 52664 6119
49241 64759 6804
63492 53508 6289
53554 61446 6769
55489 67511 6443
48082 64918 6807
36446 75554 5392
48588 72412 6185
67565 51435 5862
44789 74211 5621
53861 70139 5830
58110 64890 6453
42633 74367 6007
63213 55787 6303
46322 73678 5900
39784 74216 6107
51755 71245 6043
43394 74606 5655
56537 59463 6695
49611 72389 5863
52756 63244 6772
57576 66424 6344
36467 75533 5504
62795 56205 6334
50859 65141 6766
52386 61614 6794
70111 41889 5033
67731 54269 5458
45278 70722 6533
51825 71175 6074
52126 70874 6163
67046 54954 5773
57430 67570 6036
51016 69984 6466
52395 67605 6607
62944 59056 6252
44816 74184 5770
67282 51718 5905
49271 66729 6728
48173 61827 6838
53205 69795 6324
47447 70553 6514
42312 74688 5824
63083 60917 6092
64762 52238 6180
47876 73124 5909
49707 72293 6008
59366 57634 6573
49935 68065 6645
67460 54540 5676
67859 50141 5833
56172 63828 6645
60082 60918 6472
41860 72140 6416
55647 64353 6651
67349 52651 5862
61918 63082 5989
64154 55846 6211
42506 73494 6238
52807 62193 6782
47461 66539 6753
64820 57180 6079
66000 56000 5953
39741 75259 5637
42184 74816 5702
52136 64864 6748
50420 67580 6660
58279 61721 6587
38588 75412 5550
68326 52674 5543
66458 56542 5737
51672 71328 5993
66283 53717 6003
37602 75398 5619
47483 72517 6260
54542 68458 6407
64303 58697 6062
69733 47267 5358
61384 59616 6395
66654 54346 5919
68889 50111 5636
57710 64290 6528
40058 73942 6160
66257 54743 5968
48871 72129 6258
53826 65174 6686
43274 71726 6457
69741 45259 5456
47154 72846 6201
53319 64681 6728
46409 71591 6433
70113 41887 5018
48738 71262 6406
48177 68823 6629
48858 64142 6822
57517 62483 6611
53555 63445 6748
57124 61876 6649
48630 70370 6504
54350 69650 6103
46749 62251 6842
45750 67250 6728
59563 61437 6499
40052 74948 5887
42679 72321 6396
57496 67504 6076
42627 73373 6258
51794 70206 6391
