55421 76482 63305
60237 76613 58757
68458 62226 70150
63547 75325 62841
69663 65677 67702
56841 77062 58174
70065 70454 60102
69399 67883 66781
66599 64878 71436
71311 67957 61827
63409 71732 69965
67643 68620 68860
69407 61769 69143
67343 72324 64995
71549 66945 62702
71172 64275 65806
62268 67546 72682
64508 72656 68196
59998 76443 61303
58000 76375 63250
65524 72684 67148
67626 72168 64679
60798 66540 73136
70955 66328 65074
69469 71213 60239
66750 72854 65071
64224 74964 63544
55215 76809 61544
71552 67590 61500
57594 76241 63954
67000 73642 60346
59609 60780 73907
69434 71013 61782
59861 76559 60556
62415 70919 70918
65496 68120 71174
68658 63659 69657
67400 69798 68230
56785 76624 62354
67736 61834 70897
63577 66700 72688
60399 60239 73852
67281 64912 70864
69386 66695 67640
67966 68007 68834
68415 68990 67456
71224 60815 66326
68115 62945 70439
73440 60580 58131
63476 68908 71806
66045 74073 63276
62168 75901 62085
61587 75320 65542
55962 76321 63856
68035 63688 70385
71007 67428 63888
54974 76999 60195
71557 65211 64555
60229 60722 73860
67546 67835 69433
62504 75094 65479
73129 61763 60584
72874 64259 58667
70514 64519 66853
61405 68211 72546
64481 75133 60101
60376 65459 73388
61609 75577 64517
72975 62822 60769
64601 74557 64615
68849 71882 60673
72775 60539 62061
62346 75328 64793
60241 75777 64779
65771 63768 72169
58816 76797 59683
60590 76519 59530
71977 63996 64107
73600 58330 56052
64581 63922 72738
62355 75657 63418
70376 66369 66172
61956 75264 65413
66288 73090 65488
60736 74597 67547
70598 67207 65068
59110 74399 68163
57339 76312 63690
71978 63572 64265
70089 61441 68238
65378 74128 64715
67596 64611 70608
67236 67853 69764
67325 69384 68670
69936 66314 66974
69408 62515 69020
66705 69341 69400
71549 65858 64042
60965 76442 59150
59846 65085 73491
72090 65019 63263
61768 75009 66191
62320 74874 66170
59562 60901 73907
64803 65795 72361
59080 76430 62258
62154 70280 71419
63278 75523 62022
69817 61789 68617
68315 69397 67228
69251 63257 69042
71507 62802 65534
61547 76185 60846
69589 64214 68326
56367 77092 58454
73290 61068 59449
57951 76018 64772
58892 76593 61340
69956 62089 68358
59631 74517 67934
66615 62280 71756
60695 62150 73787
59143 75785 65310
70113 70489 59324
63779 64856 72948
69104 62829 69321
59115 76213 63483
61184 64437 73520
62027 73400 68813
70010 63646 67922
70478 68599 63710
60927 76409 60042
60487 72817 69750
71279 68554 59354
65138 70452 69890
67782 71023 66264
73485 60280 56953
71344 67255 62947
65030 73293 66785
65895 61075 72209
58995 76839 58006
70876 62122 66838
60978 64886 73466
59189 68077 72642
68659 62561 69894
62608 75896 60879
71553 62000 65610
73514 59790 57040
59827 72454 70085
63447 70321 70977
64640 70873 69894
62881 65598 73113
66340 69615 69517
62176 61208 73587
72731 63165 61945
62678 75411 64082
69246 68511 66538
63196 74897 65320
73296 61944 58998
58610 64497 73632
69718 67559 66502
69881 66995 66661
62718 74279 67131
67157 72337 65291
71893 61290 64857
64583 73363 67105
72578 61214 62819
70858 62787 66744
60375 72309 70184
68507 63973 69744
63478 63103 73222
64979 71623 68882
72383 65610 60656
67619 65402 70326
72834 63419 61278
64534 62618 72869
72520 65041 61112
72790 64374 60177
68381 67881 68344
65216 74385 64044
61942 72470 69858
72219 64893 62979
68597 69844 66289
70488 69078 62948
73065 63378 58705
69987 64565 67662
62343 72773 69402
69211 68797 66340
65229 73865 65570
68344 68536 67947
70905 60895 66952
72280 64404 63132
72675 63436 62106
67360 68539 69263
58760 76707 60620
65644 74422 62922
73252 62389 57476
58530 76224 63770
57559 76666 61802
60523 61909 73816
69560 63819 68480
60661 69370 72022
67671 66999 69695
58587 76888 58363
62511 73256 68782
62814 75491 63479
70575 69807 59141
71221 66524 64256
68155 61022 70506
54975 77047 59435
65577 64238 72211
61440 64439 73496
58215 76554 62123
67966 71243 65573
67645 64699 70530
67417 62158 71176
65884 72877 66523
69355 68874 65970
70598 62325 67290
64215 69207 71369
65630 69083 70571
57212 76479 62961
65650 62601 72300
57236 75239 66827
67795 72908 59628
63119 73930 67485
64118 71243 69953
72409 64278 62848
65030 67567 71757
69931 61118 68517
73463 59091 58219
64868 74916 61560
73001 63600 59692
67213 66206 70521
60984 75962 63308
61399 71879 70442
63641 74626 65571
72496 64668 61899
61864 69072 72087
70009 67293 66219
66270 68391 70461
59596 62272 73864
61227 76343 59916
59433 75304 66414
68928 68953 66656
55899 76732 62021
70397 60302 67840
69044 71586 61195
68774 67853 67786
61205 66616 73069
69039 68624 66802
70898 66693 64910
63767 75162 63453
57983 75413 66406
72106 63870 63823
73142 63003 59183
71082 66913 64219
58506 75961 64924
61950 75941 62276
72091 65892 61955
66447 63952 71744
68942 71323 62931
66973 72117 65982
69206 63688 68976
72146 65437 62451
67626 69226 68402
66547 73828 62451
71207 67824 62491
63154 72202 69625
56703 76840 61018
60340 74876 67189
66360 61085 71938
71747 64596 64424
73135 62341 59959
64933 66298 72186
62833 66784 72823
67599 70721 66951
61276 74905 66653
72623 64193 61763
69273 68449 66543
61092 75765 64220
68830 70908 64286
59801 66776 73122
61115 62143 73741
65139 63379 72535
67969 63587 70490
71979 66813 60695
69931 68205 65496
71386 68352 59177
64991 71324 69177
69236 70420 64158
64313 73515 67128
61125 76226 61544
64858 73655 66408
60878 74497 67661
69553 68877 65576
59667 71127 71038
59817 76022 63962
63250 72762 68975
66843 73744 61307
72964 63268 60382
64861 62139 72741
59086 64396 73649
59083 76387 62515
66857 71835 66610
54343 76734 62071
66654 73827 61939
62858 75117 65067
64963 69512 70734
59302 76757 59168
61667 74374 67525
65815 66911 71483
68102 71189 65388
59735 73766 68916
69537 68245 66255
71849 63698 64549
64660 69402 70990
67074 67466 70121
68882 66741 68279
69503 70766 62488
69695 61560 68789
68893 67056 68110
65099 67236 71819
60002 76628 59649
59758 76690 59017
59755 75694 65419
63397 72339 69367
68000 71466 65162
59503 74219 68376
67035 67893 69953
63812 67729 72213
65327 67639 71545
58134 62277 73958
62871 66153 72988
55649 76651 62441
72435 62728 63193
69939 63950 67925
71274 63670 65809
72239 65753 61382
62369 75861 61896
63937 72760 68593
70370 69461 62465
59873 67377 72901
70324 65134 66984
70159 60825 68186
62543 75824 61705
61161 67198 72903
60843 75404 65677
59743 76514 61039
70662 63253 66992
71682 61874 65326
55780 76891 60945
62694 72286 69749
71683 62620 65203
67720 67798 69242
64321 67656 72044
63420 61814 73303
68263 64917 69737
60790 60687 73815
57056 76764 61465
70357 64159 67222
58079 76099 64461
70733 60924 67258
59895 63882 73696
70796 69298 60399
63418 73245 68355
62407 75936 61068
68158 72362 62279
56708 76944 60214
58823 76845 58763
66847 69954 68737
68437 64880 69546
64394 71521 69477
68720 70685 64930
65592 73456 65860
64690 72302 68415
72154 61468 64169
62253 72066 70157
66923 61473 71583
59118 75870 65033
58562 73676 69014
57195 76901 60359
68466 71591 63812
58530 75899 65138
67347 71415 66465
63587 66145 72813
70786 65867 65725
59777 74645 67725
67467 62608 71121
66785 73534 63076
58850 75180 66797
73630 56980 55444
54409 76917 60794
65704 69164 70459
66210 67140 71070
65858 71014 68717
58254 76926 58746
62544 68686 72136
68756 64556 69267
56207 76639 62412
66361 67421 70833
73558 57351 57241
72619 62948 62502
67095 69742 68669
58595 74701 67721
62373 62594 73533
58532 74950 67281
68843 70064 65569
71474 66373 63711
61963 75600 64105
70138 66550 66496
65430 73825 65381
62268 73119 69040
61243 65985 73234
64719 67479 71939
70134 70208 60955
67535 61874 71086
70200 63031 67791
68472 68834 67505
73636 56787 54561
63831 70854 70470
60659 76036 63207
71261 62360 66106
67668 62568 70932
64780 68445 71510
69250 69895 64986
61713 75710 63853
72363 61539 63534
71790 65971 63258
68069 72535 61703
68397 70295 66120
71819 67423 59409
69349 67350 67243
55118 77072 58995
66962 63711 71399
60257 76557 59913
66811 73101 64399
63799 75261 62581
61613 61321 73693
67845 66962 69504
57641 76957 59171
61309 73350 69083
66537 63795 71701
65550 71519 68485
60555 63160 73736
56482 75774 65488
67000 73291 63395
69934 67808 65888
66106 69266 70023
65934 66068 71665
60412 74091 68404
63379 70768 70713
66414 70850 68319
58872 67323 72927
60551 76474 60181
65604 73788 65190
69709 64050 68216
72698 63914 61599
73656 55599 54228
69057 70523 64414
57613 76996 58391
70678 60560 67389
72041 62652 64437
62133 63022 73567
70059 60224 68356
56531 77045 59385
61326 75975 62853
72243 66380 59341
63412 68606 71990
66831 70432 68290
65424 74585 62310
70914 66165 65283
69131 63421 69152
66751 68079 70147
66082 73446 65159
60618 76219 62107
65005 61775 72672
69657 60457 68879
60870 75770 64386
67701 69640 67962
65171 68078 71432
68456 61665 70199
60335 76590 59266
62842 74874 65732
72907 64059 59379
71440 67831 61543
62457 64336 73372
64070 63363 73035
70967 62829 66540
60754 67986 72667
59758 72687 69888
68987 63058 69413
68743 68765 67145
72450 60916 63261
64282 75060 62612
59814 68233 72567
66084 65119 71781
63412 61029 73327
70615 68030 64166
63440 75055 64578
60561 75938 63827
64987 64259 72496
69023 71537 61693
63939 60087 73138
70605 60796 67500
67100 71266 67025
66136 73626 64682
58327 76854 59856
62670 75884 59445
58825 76501 61994
71183 61410 66398
68600 61204 70069
63428 71586 70081
64115 73660 67063
72663 64849 60313
66661 63068 71706
73358 61155 58814
65112 74584 63430
67652 63146 70872
67717 70272 67283
59958 74255 68279
69666 69824 64039
55777 77072 58971
65294 65062 72226
70511 65979 66171
63967 69324 71397
68915 63954 69259
61963 74028 68036
73394 61427 56715
59242 76046 64212
70309 62269 67763
60689 76151 62467
62407 75354 64633
63506 69703 71342
63180 71703 70109
59497 75861 64914
64744 74806 63026
63467 72092 69592
56415 77018 59741
62784 63854 73359
63793 74454 65830
57663 76512 62636
60433 63956 73654
65776 73676 65169
73086 63274 59344
64440 67475 72062
66442 74093 60953
64595 75011 61947
65078 62743 72614
71066 68819 60418
64169 70245 70737
68356 71286 64680
69459 63135 68810
61280 68894 72258
60911 73364 69174
61303 65736 73282
70239 68013 65059
63061 69046 71867
60911 75629 64908
68406 62679 70156
71222 68694 59132
72785 64147 60817
69502 71123 60548
63450 75306 63248
70225 68860 64058
70508 69620 61211
58937 76803 59280
60628 73769 68760
67077 68555 69552
66183 63385 71962
70129 69439 63478
58066 76842 60230
67114 70416 68001
59390 75532 65881
59879 76657 59417
64036 74656 65050
70423 68233 64368
63382 75219 63883
72813 62356 61879
57120 76963 59838
71011 61439 66704
67231 73368 61525
66709 73908 60629
68710 70525 65189
64662 64673 72592
60879 64474 73541
62968 71519 70334
69217 62384 69274
71886 66547 61854
63609 74234 66521
56237 76069 64664
69968 62809 68198
59819 75476 65944
69233 61806 69334
59234 66213 73288
60151 70075 71639
60532 73209 69410
67321 70458 67689
68495 68122 68022
65844 72079 67605
59111 68598 72412
67890 69106 68134
64616 73923 66153
69030 60694 69616
66869 65241 71124
57467 76408 63225
71614 63201 65211
60099 73820 68848
65085 69719 70488
60355 65666 73346
64894 61305 72730
61550 72431 70002
68092 72179 63556
68133 64585 69995
62135 75820 62806
66278 64649 71739
68911 68326 67244
72017 65613 62825
68742 68966 66952
61443 74753 66875
73566 58515 57154
70616 61660 67384
64868 66850 72079
69633 70412 63100
67809 72335 63872
57171 76208 64157
67602 71844 65323
66691 69074 69602
67751 72743 62510
61602 76266 59536
65924 67965 70939
64786 74312 65069
66906 66287 70812
64498 63852 72787
71336 67698 62207
64664 74766 63553
65368 65444 72117
71365 65638 64733
70982 64890 65937
59428 76706 59792
67237 66468 70391
64346 67914 71928
64095 70164 70849
65413 61312 72471
69237 61153 69393
58726 76407 62670
67966 72734 60745
70638 69266 61823
72348 66159 58784
67305 63734 71078
67251 71055 67095
69340 71339 60523
60350 74294 68135
57970 74337 68286
67068 73378 62760
65498 71161 68895
69780 70875 58872
57897 76703 61398
65059 72207 68186
70506 67295 65188
64632 70741 70012
