33070 17930 2510
28275 26725 3223
27531 26469 3311
24068 26932 3389
25199 27801 3353
21590 30410 3261
29951 23049 3169
20570 31430 3126
31954 22046 2751
31330 22670 2947
27383 27617 3255
32300 20700 2814
24882 30118 3202
29044 25956 3182
24041 30959 3018
25961 26039 3381
30645 23355 3070
32813 19187 2697
25975 28025 3316
23287 30713 3213
24195 30805 3126
21584 31416 3105
27609 27391 3251
22587 28413 3354
22664 31336 3001
30339 23661 3110
28192 26808 3227
22101 30899 3214
25483 29517 3227
31708 21292 2953
24430 25570 3395
24054 30946 3070
22872 31128 3152
28652 26348 3203
32845 19155 2594
33160 16840 2421
23829 27171 3385
29365 24635 3199
29003 26997 3023
23819 30181 3241
20294 31706 3002
30846 24154 2893
26755 25245 3360
29618 23382 3198
26654 29346 3062
29298 26702 2883
32954 18046 2636
26762 27238 3319
21924 31076 3197
28782 24218 3268
32415 20585 2749
30504 24496 2987
27245 25755 3347
30405 24595 3012
31129 21871 3050
18085 31915 2813
30866 23134 3041
28899 25101 3236
30911 24089 2868
17069 31931 2876
24524 27476 3376
30150 24850 3059
31291 22709 2955
30361 22639 3130
27085 28915 3098
22723 31277 3104
30734 24266 2928
26407 28593 3250
20222 31778 2897
18091 31909 2916
27872 26128 3297
31105 23895 2793
32504 20496 2657
30976 23024 3019
28144 27856 3099
20935 31065 3199
21792 31208 3166
29753 25247 3107
24419 28581 3339
27818 25182 3321
32004 20996 2901
29467 24533 3190
22436 29564 3312
27571 28429 3118
32491 20509 2689
30209 22791 3145
25420 28580 3303
21440 31560 2985
26874 26126 3356
31530 20470 2989
26632 27368 3319
22665 31335 3055
20326 31674 3029
26520 29480 3011
24192 27808 3374
20451 31549 3083
31856 22144 2813
32445 19555 2811
25568 25432 3386
24514 29486 3274
23145 29855 3293
