24240 20899 22920
24235 20355 22960
23763 18842 23162
23028 23054 21499
24182 22999 20956
24471 21603 22664
25389 21655 21883
24266 21829 22575
26275 19459 20101
24913 20262 22760
25383 21638 21927
21365 18097 23627
25629 21517 20916
24683 22628 21168
25969 20284 20952
23116 23187 21104
23945 21605 22852
25149 21510 22464
22925 23504 20038
23481 21140 23035
22787 20943 23152
25893 19812 21353
25279 20796 22470
25594 20783 21922
23390 22451 22410
21259 17110 23670
22632 19651 23389
21410 18503 23601
24623 21512 22652
26241 18963 20272
26031 20341 20044
22147 17335 23519
24017 22561 21896
23512 23088 21191
23782 21071 22987
25942 20626 20922
23347 22650 22131
25274 20252 22510
23130 23036 21514
24060 22362 22175
25189 22151 20485
22261 23446 20648
22643 23498 20325
24918 20806 22720
25369 21789 21517
24900 22242 21785
25158 22192 20856
21192 23760 18720
22394 20278 23344
26246 19507 20232
23712 21844 22779
24669 22779 20758
25585 21478 21472
22247 23597 20238
25420 21821 20495
23040 23422 20321
20653 17641 23685
25599 21327 21882
23535 19521 23193
21870 23667 18520
21717 16938 23603
23155 19079 23315
24943 22043 22064
24442 22414 21852
