56347 78653 6938
66472 69528 7361
65089 72911 7294
59205 78795 6585
80880 52120 6397
57736 77264 7128
69593 62407 7357
59322 78678 6737
60076 77924 6975
65437 74563 7156
79002 58998 6617
80278 54722 6503
57874 79126 6561
63128 73872 7295
60517 76483 7167
63549 74451 7250
67429 66571 7387
47791 80209 6414
74016 64984 7067
69208 72792 6990
45678 80322 6168
67771 74229 6957
61650 70350 7417
64459 72541 7331
63859 77141 6656
78869 59131 6644
64761 71239 7365
64067 76933 6808
58601 78399 6928
79517 56483 6617
79854 58146 6367
46687 80313 6081
72595 69405 6889
77390 63610 6398
65669 70331 7365
81720 51280 6209
47741 80259 6328
62273 76727 7098
57680 78320 6984
63019 72981 7341
69783 68217 7273
48757 80243 6206
66713 66287 7407
73495 65505 7097
69432 68568 7282
66741 74259 7096
81918 52082 5916
63993 77007 6769
78299 61701 6467
56810 79190 6711
63552 76448 7050
77378 60622 6838
73507 68493 6832
64450 67550 7428
70342 67658 7258
63903 74097 7263
68124 62876 7397
81028 54972 6241
73149 69851 6563
58636 78364 6935
61786 71214 7407
56974 79026 6786
74535 60465 7120
66645 72355 7263
78936 60064 6493
75814 63186 6934
57158 78842 6857
64001 72999 7319
78251 60749 6649
77346 63654 6441
55510 79490 6592
61565 77435 7005
65704 68296 7403
79279 59721 6323
55617 79383 6694
62806 65194 7449
76504 64496 6678
69070 63930 7367
74559 62441 7108
66080 75920 6714
71480 64520 7274
66850 65150 7412
73336 63664 7170
75402 62598 7010
66156 74844 7080
80548 56452 6305
55522 79478 6606
77771 62229 6599
71840 63160 7275
64070 68930 7417
82401 48599 5844
82317 49683 5863
76298 62702 6893
77148 62852 6717
76330 60670 6961
76283 59717 6973
61638 76362 7151
73887 61113 7164
73760 64240 7121
57286 78714 6900
75537 64463 6892
75082 66918 6690
62708 74292 7279
68647 74353 6663
80007 55993 6539
81466 53534 6177
72753 67247 7085
77929 61071 6702
59734 78266 6905
71227 69773 7089
82522 46478 5737
59391 75609 7245
81565 53435 6026
67309 71691 7267
59221 78779 6635
75587 66413 6593
49833 80167 6216
79493 55507 6627
73572 62428 7174
77844 61156 6713
80248 55752 6497
48991 80009 6556
68897 68103 7317
50919 80081 6385
45670 80330 6142
62944 77056 6979
79635 58365 6464
75200 60800 7068
59422 76578 7177
82538 43462 5458
80686 54314 6433
56670 79330 6509
60539 74461 7306
55764 78236 7010
62959 70041 7416
67340 70660 7302
50178 79822 6659
65642 69358 7389
64253 69747 7405
68714 71286 7218
61946 77054 7070
79208 59792 6389
72164 66836 7161
82397 47603 5871
59095 77905 7024
79714 56286 6586
61249 77751 6948
72321 64679 7215
46694 80306 6187
63020 71980 7372
62828 69172 7428
80718 55282 6375
62929 75071 7224
68688 67312 7342
81114 54886 6175
64671 71329 7364
70775 63225 7318
67383 74617 6944
47718 80282 6165
46690 80310 6127
57352 77648 7088
71548 70452 6940
60633 78367 6690
65022 69978 7390
69290 71710 7136
57413 78587 6928
51115 79885 6603
77022 61978 6819
54359 79641 6595
76243 63757 6823
77121 63879 6548
47768 80232 6385
59132 76868 7153
62781 76219 7133
52648 79352 6803
82298 49702 5917
63487 66513 7446
53191 79809 6529
60419 77581 7041
69551 66449 7330
74703 67297 6734
57199 78801 6871
64799 73201 7287
81754 52246 6171
56865 79135 6740
78927 57073 6701
78384 60616 6622
62147 77853 6627
62500 75500 7206
80943 54057 6371
74737 61263 7102
70871 68129 7211
59252 76748 7163
69158 72842 6990
67525 65475 7398
62371 71629 7392
63936 76064 7090
71408 63592 7292
80028 56972 6485
82310 47690 5952
65199 70801 7367
68624 69376 7292
82296 48704 5949
60778 75222 7261
81134 54866 6156
44657 80343 6065
81528 53472 6135
69578 67422 7306
58734 76266 7203
61977 75023 7248
82084 50916 6031
62256 77744 6754
62614 77386 6906
78732 58268 6714
58955 76045 7218
55782 79218 6775
51017 79983 6533
75163 65837 6838
58182 77818 7059
75829 66171 6425
50910 80090 6366
56144 78856 6896
65795 73205 7245
67551 74449 6950
80598 56402 6205
79918 58082 6325
59603 78397 6878
64316 76684 6901
52398 79602 6729
82167 50833 5926
80495 56505 6329
81973 50027 6130
73302 68698 6847
50075 79925 6606
61909 72091 7384
58100 77900 7047
65836 73164 7246
72001 62999 7267
49862 80138 6441
70610 69390 7181
68025 68975 7326
63563 73437 7307
76613 61387 6907
60458 72542 7376
63641 68359 7429
55201 78799 6920
46705 80295 6245
72714 69286 6883
66217 75783 6768
72154 61846 7261
69675 73325 6714
81610 51390 6241
54335 79665 6551
66555 72445 7262
65471 65529 7429
70679 63321 7321
66855 68145 7379
56007 78993 6860
81724 52276 6185
78035 57965 6800
59248 78752 6668
63254 76746 7016
66138 67862 7401
69949 69051 7239
65940 76060 6652
62922 67078 7446
81987 49013 6133
79528 58472 6497
64169 63831 7445
66344 75656 6803
81457 52543 6284
52026 79974 6365
62808 77192 6949
66420 67580 7399
71046 61954 7312
77351 62649 6688
54314 79686 6379
77533 60467 6824
78471 61529 6338
58689 77311 7114
79185 57815 6651
68333 72667 7132
70492 72508 6704
76878 59122 6918
69702 70298 7199
79155 59845 6413
61153 73847 7334
73244 69756 6532
58225 78775 6811
55541 78459 6980
81891 52109 6029
56735 78265 7004
82314 49686 5873
53309 79691 6669
66875 75125 6909
72791 68209 7018
64510 76490 6944
81912 51088 6136
79270 59730 6333
67650 67350 7371
75751 66249 6502
49974 80026 6530
73004 67996 7007
75887 65113 6764
53200 79800 6571
73761 66239 7025
70655 66345 7278
73250 66750 7058
67220 63780 7412
74304 66696 6909
60560 73440 7348
50410 79590 6741
77634 58366 6841
82001 50999 6091
51281 79719 6700
69193 73807 6709
78152 59848 6748
61591 73409 7346
76910 59090 6915
58305 77695 7074
77158 63842 6533
71024 71976 6689
67199 66801 7390
82416 48584 5755
79756 58244 6414
81137 54863 6146
67971 72029 7223
71489 68511 7143
73041 61959 7213
77854 59146 6817
54356 78644 6955
66285 73715 7183
72894 65106 7162
64865 76135 6998
54415 79585 6654
65609 72391 7306
69776 63224 7350
66735 70265 7335
77944 62056 6559
59542 77458 7089
62384 77616 6835
65900 66100 7422
68044 69956 7298
70424 65576 7307
64813 74187 7216
54005 78995 6892
63140 65860 7449
71296 71704 6534
71315 66685 7230
62049 72951 7358
68146 66854 7364
80041 57959 6201
66115 66885 7413
74433 67567 6760
61216 72784 7367
69953 72047 6987
66274 75726 6784
59546 76454 7186
55499 79501 6554
75569 66431 6598
65675 63325 7433
71301 65699 7256
66968 69032 7358
69965 67035 7296
70350 64650 7325
65677 75323 7051
79890 57110 6520
60179 75821 7229
58532 77468 7100
74157 63843 7099
78469 61531 6382
71730 61270 7284
66538 75462 6852
62123 73877 7317
68619 70381 7263
59262 78738 6684
70892 65108 7293
63288 65712 7449
58447 76553 7183
72616 70384 6628
79355 58645 6537
75248 66752 6661
75117 64883 6928
73660 64340 7126
54675 79325 6799
76615 64385 6658
62281 68719 7434
77337 63663 6448
62168 75832 7185
57894 79106 6634
68963 65037 7362
68477 64523 7379
56833 78167 7018
63961 72039 7356
71936 64064 7256
70458 62542 7331
76903 60097 6911
65453 64547 7432
72756 70244 6616
78315 58685 6763
62180 72820 7360
61022 75978 7200
60619 78381 6674
76815 63185 6763
82070 49930 6073
55484 79516 6473
82278 49722 5931
82353 47647 5914
71071 70929 6963
63404 75596 7167
68733 63267 7381
60950 78050 6879
45661 80339 6045
64596 75404 7122
82446 46554 5819
76921 64079 6600
75297 61703 7048
64311 70689 7389
59855 75145 7270
64108 65892 7443
73108 62892 7201
68738 74262 6684
81820 51180 6173
71911 69089 7063
67553 71447 7268
52040 79960 6428
