42010 46464 38585
39839 42260 44664
37697 39574 45875
44472 40976 42089
38414 40946 45408
47301 39769 37881
37714 46552 40551
38936 44607 43360
37399 39333 45945
44626 43378 40916
44829 44582 38629
37362 38603 46022
42570 38911 43873
39867 44038 43655
43757 44628 40746
39460 42466 44667
43958 42137 42391
43781 40001 42889
44672 39171 41999
38743 47248 37526
39063 41086 45230
38908 41223 45231
39867 40101 45156
35692 40665 45761
46082 42744 38938
46886 40190 38656
36432 39123 46018
39653 47014 38575
42236 42809 43490
46231 43074 37038
43008 44767 41367
41976 45518 41036
41950 46014 40036
43586 43407 42214
48656 36322 33761
39855 46249 40873
43694 45484 38703
42982 44057 42295
45012 41891 41335
38302 45811 41846
45388 39978 41102
48251 39039 34966
38894 47104 38817
39402 44654 43264
46548 39829 39335
45501 43780 39023
39306 40816 45219
46649 42270 38053
44800 42631 41289
45760 43200 39179
42102 40352 44138
39740 45034 42815
39228 39430 45464
39773 46621 40121
40331 41778 44725
37137 41436 45423
34859 37829 46212
36408 38481 46109
48115 38571 36141
47828 39168 36753
48114 39492 35394
37919 40688 45578
40164 43949 43645
39310 45215 42617
48637 35746 34281
39917 38932 45248
44970 44604 38152
42022 43471 43263
39000 41885 45029
38859 40181 45458
47836 37503 36930
42234 39516 44103
44037 43743 41444
43878 44273 41072
42686 42496 43360
37178 40085 45796
37301 44751 43235
42910 41459 43547
43040 45156 40729
37035 47366 36468
37364 43915 44033
46013 42118 39591
40908 42899 44051
45083 39458 41502
39564 42732 44507
38550 43031 44545
39603 46671 40025
47383 38679 37910
44062 42403 42231
47502 40921 36214
40994 45365 41957
46325 42909 37839
46649 39725 39177
43010 45128 40812
40129 42712 44376
38311 47250 38038
46240 39471 39913
45987 43416 37454
45095 40311 41442
40411 46083 40921
45120 41096 41336
40042 38352 45250
41569 45973 40515
43643 45087 40100
43110 45547 39928
39000 38343 45657
38645 44115 43820
38715 44994 42971
38782 46595 40344
36082 41494 45450
43479 42541 42679
40727 46884 37601
45734 39327 40681
46782 41343 38373
39926 46748 39600
36087 39317 46002
48502 36754 35016
40845 46468 39888
38288 45480 42313
43050 45944 38064
45328 40910 41089
40025 42446 44536
46745 41747 38198
38405 46994 39345
38341 41437 45276
45261 43749 39514
45827 42077 39985
45002 44278 39045
47533 40380 37112
42670 43014 43132
43059 43134 42771
44216 38892 42511
37597 38524 45993
44312 41402 42187
44251 42889 41814
46258 41387 39482
48247 37198 35962
39038 46175 41155
35282 38946 46077
45261 42454 40654
39389 43406 44180
36986 38505 46078
37230 41207 45486
45375 43239 39847
48558 37316 34604
48311 38821 35203
40307 46789 39121
44094 45345 38075
41181 46729 38405
38677 44561 43431
44228 45099 38751
39235 46942 39354
48601 37428 34205
46096 42263 39326
39172 42729 44588
37209 42583 45005
47297 41034 37292
44328 39590 42358
47966 38828 36478
47927 39831 36122
41614 42457 43986
40211 42030 44657
34803 39169 46048
35637 38356 46143
46344 38982 39773
38357 43509 44266
46406 40427 39481
37195 47327 37810
46107 40835 39943
46609 41258 38814
38984 42403 44801
38098 45651 42079
43514 43481 42246
42003 43800 43095
43954 45233 39030
46593 41762 38544
48006 37385 36550
44876 43788 40182
39201 43949 43868
38698 39096 45656
38635 46164 41216
46209 39011 39997
38287 47177 38787
42055 45245 41449
46351 41662 39148
46840 38247 38978
43020 40423 43550
38454 38080 45842
36211 40260 45823
46862 40725 38527
42863 46010 38665
37729 44258 43718
38561 46841 39732
41529 44278 42983
45688 43824 37916
40264 44422 43252
42049 46520 37930
39501 45886 41588
44828 41410 41670
43416 41628 43033
38737 47261 36750
48545 37038 34790
46855 39607 38821
41737 46563 38453
38880 42137 44961
48423 38207 35223
43115 43578 42511
41812 41762 44097
46624 42501 37377
41098 39676 44667
45594 42008 40394
44316 38737 42418
47467 39916 37457
41092 46187 40383
36690 40037 45852
45953 38704 40394
37912 43798 44128
47670 38082 37298
46204 41397 39579
45628 42157 40259
38809 43077 44474
39602 47156 37732
40112 45534 41992
39687 40909 45085
38904 44161 43749
47689 40582 35486
45304 41577 41001
44858 44177 39790
42787 40497 43710
47279 39168 38050
47044 41339 37736
47403 41026 36728
44684 40024 41939
36174 41857 45308
39321 41159 45142
41505 43307 43580
43280 45855 37340
34121 37319 46217
37757 47331 36771
41031 43785 43468
39259 41931 44958
47126 40221 38165
45473 41714 40700
42154 43072 43409
48657 35568 33400
47163 41566 36350
44633 43855 40491
39250 40581 45274
40705 40721 44759
37332 43469 44422
41380 38403 44627
42506 45478 40677
47013 40881 38116
43182 44020 42188
34416 38925 46093
48531 36207 34939
38517 40823 45415
45328 44084 38607
39143 44608 43335
42773 43551 42750
46709 42372 36386
41097 42293 44303
43532 44306 41447
46948 41862 37591
44933 41443 41528
41401 44910 42478
45838 39593 40521
48570 37897 33972
43364 38949 43311
