32318 35682 3137
40902 26098 3085
31475 36525 2852
25633 38367 2904
32284 34716 3300
34579 30421 3469
40312 28688 2883
34817 29183 3487
41610 25390 2875
27780 37220 3124
38618 29382 3254
33209 34791 3244
32573 34427 3317
28432 33568 3427
33254 33746 3356
35926 31074 3401
29824 37176 2785
39214 27786 3270
29534 35466 3304
40027 25973 3213
42440 20560 2610
37439 28561 3399
31523 32477 3462
39715 29285 3034
24661 38339 2992
36577 26423 3452
38108 26892 3379
31977 34023 3376
41820 22180 2973
28352 37648 2854
37393 27607 3412
41045 26955 2841
38544 26456 3350
33871 32129 3441
24928 38072 3032
42281 20719 2823
40405 25595 3175
41489 22511 3033
42414 20586 2732
41497 24503 3025
40247 25753 3192
42499 19501 2667
36527 32473 3260
24542 38458 2956
26807 38193 2702
34454 33546 3315
30357 34643 3359
39849 28151 3143
37549 26451 3408
41123 24877 3081
26942 38058 2910
25431 38569 2676
27372 37628 3057
23096 38904 2738
30085 33915 3404
35848 27152 3475
28795 37205 3073
31425 31575 3489
31123 31877 3481
40775 24225 3135
27091 35909 3281
35863 34137 2906
36098 33902 2952
34949 33051 3333
30402 31598 3491
31388 33612 3413
30288 36712 3063
31825 32175 3470
40300 28700 2909
28472 36528 3222
35059 27941 3492
25778 38222 2961
29895 36105 3238
34221 30779 3471
31691 34309 3359
24178 38822 2693
36455 28545 3442
36966 31034 3327
27001 37999 2940
38001 30999 3192
35232 30768 3439
41924 22076 2952
28734 35266 3328
41516 25484 2962
39705 24295 3255
33325 35675 2846
41548 25452 2943
30153 36847 3013
39333 26667 3278
23049 38951 2683
30458 36542 3109
39665 27335 3227
42000 23000 2920
25420 37580 3105
38613 31387 2942
32826 35174 3212
34768 34232 3189
28462 34538 3373
25921 38079 3004
34060 33940 3297
39350 25650 3285
35273 31727 3403
33244 32756 3431
40056 26944 3187
37828 30172 3300
31456 36544 2819
38268 27732 3365
25472 38528 2779
37419 26581 3414
36432 27568 3450
23213 38787 2822
26129 37871 3057
42334 21666 2774
32175 30825 3500
31579 36421 2929
41929 24071 2924
41902 23098 2952
40709 25291 3140
37824 32176 3012
39965 28035 3128
31613 29387 3522
30717 35283 3299
33599 31401 3467
41398 25602 2994
35342 31658 3403
26836 38164 2819
41008 26992 2966
42231 20769 2851
39102 29898 3109
42022 21978 2920
32448 28552 3528
31656 28344 3529
36302 31698 3347
38035 28965 3344
39057 29943 3114
39928 29072 2990
29462 34538 3371
31811 33189 3430
29226 32774 3454
41831 24169 2956
24246 38754 2808
37184 27816 3419
36652 33348 3052
31923 36077 3055
39458 28542 3183
24156 38844 2639
31722 35278 3264
31404 35596 3237
33515 33485 3367
36267 29733 3435
34895 30105 3467
35327 33673 3223
33538 35462 2987
34446 34554 3162
28698 36302 3242
40731 27269 3024
28302 37698 2797
29246 36754 3149
30006 36994 2951
41238 23762 3072
36418 30582 3392
28236 37764 2706
33940 32060 3441
41562 23438 3019
30729 33271 3435
28515 37485 2975
37664 31336 3213
37348 29652 3373
39062 26938 3302
27264 36736 3216
27229 37771 3014
33451 29549 3510
40670 26330 3117
28660 37340 3032
40230 24770 3203
34118 34882 3125
31786 36214 3005
34088 32912 3384
42079 23921 2873
24407 38593 2915
42373 21627 2681
39007 28993 3226
34523 32477 3392
33904 28096 3517
31072 35928 3200
33708 35292 3033
29890 37110 2876
36233 31767 3347
38644 28356 3306
