31410 38536 31708
37326 32877 33831
36235 34605 34909
35707 35844 34367
33197 36657 36441
34481 37107 32498
36516 34428 34475
32372 34823 37953
31856 38241 33378
37877 32355 32155
32225 37673 35246
38027 31393 32394
29489 34251 38587
29791 31528 39121
29954 38847 30691
35408 36306 33679
32263 36659 36779
37824 32971 31355
30567 32478 38917
28117 30751 39259
31689 37578 35828
35478 36477 32218
31698 38418 32486
33204 37954 31116
33744 33327 37590
32210 34708 38055
32896 36962 36112
38305 30719 28532
31984 34417 38198
37184 34302 32235
33075 33875 37906
31175 38499 32972
36202 35426 33800
37580 33058 32806
33832 37221 34344
33056 37398 35222
31834 38003 34550
35321 34028 36429
31012 34111 38512
33800 35950 36748
37854 32737 31698
29425 32278 39099
35515 35932 34759
31330 38118 34623
31118 36670 37059
31691 33696 38444
32229 32655 38416
38187 30489 31539
37628 33312 31816
33089 37670 33974
36751 33507 34675
34271 37219 32777
31591 32346 38650
37519 33810 31225
36975 33347 34318
33528 36042 36828
35948 35991 32393
36966 34707 31513
34843 36646 34275
33926 37436 32638
37603 32676 33263
34161 36345 36161
35107 36611 33350
30605 37442 36288
32366 38067 33375
32264 38286 31890
38318 30056 29551
33504 34505 37588
29770 35485 38003
35349 36492 32927
32712 38129 32410
38264 30909 29760
33357 37093 35551
31693 35238 38021
31485 36375 37276
36708 34340 34083
34217 35160 36898
38255 30111 30926
33591 34923 37423
30380 38106 35076
31305 34832 38266
30292 37652 36005
37489 33463 32365
29700 38400 33955
38284 30408 30472
30916 38201 34494
30392 32778 38912
34995 35890 35826
31927 35877 37531
36855 33515 34454
32743 37608 34939
29196 33530 38833
34399 34404 37052
37032 33781 33822
29888 32893 38985
30181 33614 38739
34704 34106 36891
35234 36109 35193
33558 35315 37238
38158 31905 29842
36435 35445 32383
30140 31368 39033
31809 34717 38193
33782 37593 31636
37463 32240 33562
34239 37226 32921
32316 33327 38277
34637 33597 36948
32202 38303 32413
33998 36944 35168
37009 34163 33365
34400 36564 35528
31516 33996 38439
32819 35798 37358
27942 31051 39254
38345 30319 28683
35954 34331 35762
34791 34524 36726
30339 38397 33935
31444 37307 36261
30279 36805 37086
30158 35891 37758
33120 34758 37699
31061 38574 32379
36286 35428 33492
36155 35172 34285
35799 35974 33502
34008 34736 37229
30671 38614 33045
33638 33981 37666
