26880 27701 32117
29071 28599 31184
26892 30734 29310
29697 30006 29816
31498 26998 28964
27633 30765 28737
31295 28559 28149
27946 28051 31838
28376 27902 31672
26697 27040 32189
30373 28723 30291
30083 29863 28519
30958 27013 30001
30222 29433 29961
29121 29443 30918
26351 30889 27757
25481 25743 32322
28029 30671 29075
26726 30824 28829
26431 26401 32251
31746 27499 27730
28618 28842 31318
31955 24960 28164
28756 30276 30125
31103 28825 28162
30265 29618 29700
26252 30878 28220
29497 29629 30509
27975 30292 30390
27556 28850 31688
29415 29907 30212
31369 25870 29372
27262 29048 31582
25456 30919 26395
31783 27591 26706
30494 26870 30522
29415 30287 29469
27033 27818 32084
30468 29526 28498
27633 30537 29975
28505 30558 28677
29925 27882 30796
25757 26925 32308
30538 28445 30192
27696 29836 31077
25527 30919 27166
26508 27763 32145
32404 24549 24819
30865 29068 29428
30120 29317 30172
32274 25965 26217
29897 28836 30689
26661 27880 32112
27629 26610 31939
28603 27473 31608
26058 28444 31956
27236 27320 32063
27228 30835 27939
30242 29699 29020
26823 30411 30329
28179 30437 30091
32194 25142 27116
26278 26284 32284
26715 27961 32087
31806 27510 27386
32448 23877 25209
32386 24795 26062
29701 29774 30210
31977 26141 27927
25944 29141 31589
28461 30156 30438
31275 28293 29090
30826 29165 28185
30980 28194 29764
31267 27885 29261
32009 26955 26828
30235 28059 30577
31062 27105 29861
28921 27312 31476
28506 29962 30723
31954 26568 27918
30518 28985 30034
31537 26231 29102
29554 29145 30781
