34097 24923 26686
33990 25389 26676
28595 30422 26289
28987 26286 31429
31297 29042 28526
31697 28298 29319
33349 26757 27775
31304 25695 30969
30002 26928 31193
30568 26106 31229
28720 26772 31387
31766 28326 29164
29593 25738 31439
30188 29015 29840
29138 26681 31356
31756 27727 29754
32089 28813 25590
31621 28870 28304
28424 26988 31355
30158 26394 31275
32930 27282 28515
27024 30586 25337
29743 27483 31040
32905 25410 29371
31432 28919 28598
32719 27309 29046
33576 26261 27820
30780 27539 30668
29264 29040 30075
29224 30242 27081
32519 27945 28244
29940 27916 30852
31214 28564 29622
32169 27091 29692
34214 23983 24709
31616 29285 26498
34148 24946 25263
28822 30300 27201
31262 27150 30565
28587 26235 31472
30231 29640 28594
30292 26473 31233
33256 27237 25648
30972 27605 30525
29011 29329 29797
30618 29912 25637
31080 29623 26345
29135 27905 30949
33399 25987 28560
29493 29784 28707
30342 27858 30732
31219 28293 29875
29829 29698 28714
33577 26533 26489
33800 25457 27546
30866 28295 30133
32180 28530 27810
32626 26540 29481
32261 28634 27075
28863 29658 29186
30727 29512 28103
31837 27311 29913
32504 28301 27303
33849 25962 26060
30720 27987 30433
29744 26133 31366
30254 29136 29577
30160 30005 26584
30758 28581 29941
30584 29477 28573
30971 28897 29394
33848 25046 27513
31078 26163 31076
30441 25808 31306
33174 27365 25742
29186 30315 25875
29791 28802 30213
31198 29320 27841
29934 25403 31443
27922 27876 30974
33133 25157 29100
33250 26652 28487
32374 26067 29930
30355 29744 27861
31002 29728 25785
29832 28202 30660
32565 25261 29748
28207 30431 26747
29326 30265 26730
30066 29910 27563
28016 30556 25098
32664 28184 25472
29234 29423 29658
27563 30298 27465
31846 28957 27329
31635 28984 27860
31063 28956 29237
28889 29981 28411
33515 26682 25801
34197 24397 24427
30663 29120 29339
30193 28744 30093
34165 24532 25545
31744 26542 30348
31070 27084 30708
33205 27214 27071
28539 28876 30282
32852 26072 29374
30371 29978 26053
28823 28685 30416
29169 25590 31478
28936 24909 31488
30802 26530 31080
33330 25959 28715
30621 29271 29078
29487 30065 27883
28183 30534 24805
34092 25268 26213
28418 30498 24978
31478 27738 30028
33464 26659 27224
28572 25396 31494
30546 27368 30862
