91150 84627 78658
83230 92609 74715
92713 77634 79824
82288 78111 87279
86732 86071 82284
81323 93636 73104
95231 78274 69173
79513 84217 85603
86031 90978 76183
84399 90217 78964
88902 89715 70931
91021 79077 82320
94586 75052 75290
86593 90752 75973
93038 81931 76380
94399 74834 76036
77908 76940 87966
82365 91848 77203
85657 88314 80724
92102 82500 78814
81545 81489 86683
91284 78002 82148
89149 82660 82670
91433 77436 81930
77260 87347 83541
77317 88133 82886
85248 90608 77753
85221 92351 71888
88437 88792 77325
80623 94268 69337
81054 80988 86914
85537 92254 70930
88271 80387 84593
74954 93745 74573
88202 81687 84066
84793 92649 70608
80134 91305 78969
87347 76564 85741
87527 90801 72702
84275 88026 81612
87195 80274 85271
83930 77157 86987
83214 86479 83291
92570 85062 68360
94089 82302 69001
86016 91172 75768
81904 76679 87526
88386 80042 84641
79233 81796 86807
90903 81313 81644
79565 94559 69029
83283 77192 87154
73934 95668 65748
87213 91103 71929
91979 84200 77316
94229 77236 75673
83917 93098 69824
77426 92422 77513
73904 95707 65207
82083 81505 86586
89218 80466 83768
90992 87317 71382
76168 92318 77692
85548 76693 86514
93197 76715 78974
93360 79425 77450
86185 75617 86328
92635 82848 76808
72813 95795 64846
80559 94136 71108
90757 80764 82078
85771 91318 75749
92857 80227 78534
77560 89029 81991
79749 84522 85407
94993 73070 74187
78904 85896 84600
84628 92128 74695
85211 92260 72631
92775 84587 72551
86963 84984 82922
95260 72920 72925
91901 81739 79824
87448 81676 84641
80257 80871 87050
90603 77180 83109
91090 84647 78743
83465 91748 76759
79798 92676 76674
92166 81613 79362
92087 85814 69553
82190 81275 86643
85547 78674 86295
83838 91269 77521
75628 95478 66199
89036 84325 81677
93014 84359 70329
81745 75736 87639
93377 78891 77710
89886 79797 83406
77184 92184 77918
91194 87077 70740
93882 79267 75711
89760 81768 82614
88585 89845 73049
80653 94030 71770
76798 95209 67440
88146 90337 72003
89208 76783 84538
91565 84657 77679
83466 92950 73318
87343 90794 73630
84383 91123 77442
83290 93174 72264
82379 77564 87335
78792 79843 87427
88183 89881 74949
81872 91863 77432
85317 92325 71591
95843 71677 68016
90998 87345 69819
77545 79367 87580
82875 91936 76739
80603 88988 81715
85722 92072 71891
91180 83642 79632
77448 83959 85898
90908 85332 78196
90716 87406 73961
87646 76522 85567
89769 78931 83785
86843 88388 79841
85752 78389 86274
77036 78810 87713
76230 85727 84790
82450 82950 85847
78235 84777 85416
78344 88350 82627
84058 86884 82685
89508 87810 77011
80039 93754 73659
76489 94652 71560
95228 78085 69571
83585 76301 87175
94977 74719 73834
93819 82926 69526
81749 93908 69986
80834 93540 73783
88151 79211 84988
91537 81241 80770
92553 84310 74686
87962 81092 84539
76713 88777 82280
95282 73787 72754
89830 80498 83210
89681 77438 84105
89761 76897 84039
93222 83044 73944
75363 91567 78945
92658 81901 77848
85794 83652 84424
94789 76036 74090
88511 89865 73597
80752 86836 83616
78846 89970 80934
79563 94604 68100
81591 78072 87428
95060 78968 69349
79602 80066 87329
78892 90890 79786
84838 90395 78454
90656 85916 77857
95660 74462 70454
93190 77470 78772
82576 76169 87454
80051 92942 75954
78079 87075 83732
78906 82617 86470
85385 86344 82695
77225 92510 77351
93525 77068 78003
79680 80910 87074
77423 95148 66678
88210 90335 70974
89535 82666 82290
95674 75803 67501
87974 90526 70859
76444 91290 79370
81113 82478 86308
94330 81545 69877
95516 76827 68237
86452 84548 83524
91988 80208 80573
78785 92801 76614
77286 75228 88163
94267 76757 75746
85292 92232 72557
83348 76837 87180
76978 75917 88109
82086 90944 79060
76345 95402 65331
86874 90953 74428
83560 84219 84803
83188 80593 86639
89776 88789 71291
86543 79571 85755
94026 75881 76955
79562 94263 71557
92548 85072 70722
85219 77385 86552
91671 85511 75855
89112 88470 76545
73504 95620 66720
79993 81622 86807
92799 76407 79792
87658 78178 85467
91143 81781 81073
75352 94774 71266
81345 93452 73685
75704 91876 78434
89579 88061 76318
91212 82844 80171
84195 92966 69451
87132 78542 85685
78209 75062 88104
89094 83560 82145
95382 73690 72282
81327 75657 87710
81388 91437 78515
79880 93383 74956
92633 78990 79677
93444 76155 78456
90570 84350 79978
82999 88809 81287
94331 81645 69095
92786 83884 74506
92089 85201 74659
86819 86916 81501
77229 95079 68286
79109 92650 76885
78345 85155 85154
76719 77673 87932
91745 80080 81030
77715 86901 83883
82516 79363 87038
90430 78986 83089
82883 73806 87505
83226 81098 86473
92384 85251 72058
81206 80165 87131
84053 90890 78141
88076 85879 81410
74633 95244 68911
93252 80716 76865
79761 90895 79645
92746 84077 74310
84366 92836 71385
78805 94776 68237
94262 73375 76501
93899 82446 71118
93094 82026 76032
95317 78097 68474
88794 88996 76089
83222 89227 80774
80442 73786 87919
82175 93057 74321
92352 81050 79304
93961 77364 76543
93310 79780 77394
77209 86310 84355
93581 83266 71081
81548 85128 84724
82619 85863 83937
94922 73784 74327
88533 89595 74826
82495 92412 75870
88235 90078 73675
84769 89884 79236
81102 90142 80402
78869 73470 88120
81817 89893 80530
80073 89457 81327
93018 78492 78908
81145 94125 69178
86651 88239 80196
94726 75424 74582
90171 88124 73846
89257 78154 84417
90752 77596 82892
80612 85420 84737
88731 88836 76602
81894 93814 70648
78919 83276 86170
93508 83065 72301
83997 89962 79516
80176 78495 87591
86313 84708 83490
95454 77141 68813
85758 82351 85221
88358 76995 85128
85973 82788 84865
94602 76189 74754
91524 82663 79789
88055 87689 79413
84822 89857 79242
95454 77338 67376
95742 74123 69622
78374 83730 85968
76949 86183 84451
94464 76816 74966
88953 89122 75105
84520 89638 79693
83906 90645 78620
74795 95563 66537
92530 78212 80109
83296 87667 82286
87447 90930 71349
90326 81137 82371
82180 83859 85385
77775 95047 67238
91367 79274 81833
93231 78213 78436
91795 85928 73683
77913 86296 84351
94769 80386 67691
85291 89248 79794
76550 95058 69414
75272 95299 68344
79360 87183 83561
90654 87285 74761
76277 84977 85318
87725 90181 75181
86997 86461 81778
83943 74985 87153
87371 80680 85073
83097 82936 85706
89319 88084 76879
82517 93645 70254
94723 78081 73019
94998 73709 74053
80899 94222 68296
88242 88551 77967
84877 74594 86859
87895 89865 75938
95110 75914 72695
78090 92830 76639
78586 75898 88005
92761 82704 76547
93099 82460 75433
94760 78559 72362
85545 90056 78462
81467 87246 83111
81796 79638 87129
89338 77048 84420
72769 95407 68260
94088 82202 69783
85879 85547 83081
94257 81344 71097
93889 75159 77441
93207 84069 69923
92678 81504 78128
84011 83003 85455
89638 84772 80718
78482 85579 84853
77242 84473 85610
95089 78135 70706
86230 91808 71342
86457 80739 85537
95713 75148 68682
92276 77778 80623
94832 77895 72630
82568 86894 83124
88668 83228 82762
77496 90961 79788
73624 95475 67671
83143 81754 86284
78935 77670 87808
88191 82458 83670
84398 89981 79299
90755 84751 79208
82287 76583 87469
90541 86632 76917
89866 87917 75872
76757 94677 71403
87357 76045 85737
94336 77738 74974
87085 82310 84565
90813 80063 82274
83060 93409 70889
79279 81412 86948
88791 89593 73625
89995 77607 83813
92049 76655 80999
80003 93737 73742
94563 77149 74395
78613 77282 87875
94591 80867 69120
94149 78734 75053
95841 72970 67571
79054 94756 66910
86494 83579 84136
91324 86361 74970
85119 91788 75158
76552 93123 76119
91867 86125 70765
87292 88908 78571
84899 82273 85590
93712 78873 76574
92265 79196 80422
86571 91560 71718
89359 83950 81639
76015 95428 66148
91969 85908 71955
89248 77180 84488
78579 75185 88061
90185 87384 76299
82003 92965 74732
88500 78497 84907
91100 86087 76648
86071 87346 81472
92202 85403 73220
94014 80143 74343
87816 84381 82732
91837 82626 79276
83921 92968 71941
74496 95466 67521
91301 85629 76853
89057 87755 77905
87041 90400 76128
85831 89657 78892
90938 82960 80506
80625 91477 78626
75410 95558 65123
86691 78172 85937
89447 76728 84331
82610 78440 87159
84722 84493 84262
94638 73827 75367
89210 89370 71713
78542 82079 86708
95436 77350 68262
86066 82383 85053
91383 78533 81955
83507 82536 85832
80816 77815 87598
81895 93754 71304
89485 89000 72555
90081 88093 74401
75288 73169 88315
94798 76729 73688
81322 92434 76545
82108 81793 86478
80307 83602 85845
92772 76703 79828
74559 71308 88319
88894 89027 75667
89814 88771 70834
95380 73151 72300
89055 89551 71458
93955 79974 74788
75858 74127 88267
95629 73485 70801
76978 73859 88267
95028 75204 73393
87061 87154 81096
91908 85678 74061
85586 84046 84260
84000 92278 75007
79461 76639 87870
76944 77748 87922
95581 73689 71122
86417 81515 85337
83711 83356 85313
89274 79765 83964
95236 76814 71393
81989 93648 71966
78497 94545 70943
89165 86508 79535
87065 77069 85877
91179 85140 77870
95307 78141 67727
90886 86748 75590
93328 75403 78874
80571 92600 76527
82384 92276 76276
80077 85988 84407
88924 77764 84719
89672 88856 72028
79738 94039 72611
93128 80571 77440
93368 83537 71880
91886 81313 80128
90234 87394 76129
89352 86658 79073
80910 93712 73110
90757 84500 79516
83423 82364 85942
88286 89557 75786
81293 94046 70097
83894 91411 77191
83155 89855 80034
75409 95077 69734
93213 81089 76707
89257 76919 84493
84924 81337 86014
77564 94294 72685
86423 85481 82888
83009 89854 80095
84505 85328 83750
89477 88461 75605
88587 84646 81860
83970 88878 80878
87552 82649 84070
81886 93507 72893
87196 91036 72706
88001 79808 84967
76942 87583 83356
77095 76478 88053
85453 89144 79843
78481 94458 71503
80959 93352 74291
92648 83824 75298
87372 90165 76124
91673 86419 69599
95583 74954 70718
85486 84621 83918
92575 80661 79002
93874 76493 77203
94893 73532 74499
95498 76403 69853
79183 83436 86063
78623 92008 78082
79596 92159 77710
79325 93335 75284
75246 94262 73129
81294 82502 86272
81811 93930 69109
83465 88573 81362
77883 83641 86041
91135 77586 82365
87132 81240 85043
79351 81785 86803
87446 90886 72558
89100 89524 69384
95091 74635 73359
85559 82833 85049
87333 89520 77503
83312 93252 71557
93617 80218 75902
92482 84881 73462
89617 86996 78126
84086 83983 84810
75841 93522 75129
92250 78756 80590
82898 75308 87447
84835 88880 80500
95365 77129 69910
92024 84764 76107
94165 80505 73210
94198 74861 76641
88079 84219 82637
81696 93875 70666
78598 94871 67019
77306 72934 88252
88042 86896 80468
80712 94286 67563
89961 88539 71982
86711 75253 86110
84738 75892 86844
86483 89797 77983
81844 90706 79465
92549 77039 80221
80156 94428 68412
94496 78376 73849
80211 81961 86650
86706 87544 80935
88802 89423 74503
85654 91002 76593
90257 85490 79147
88143 83332 83185
93193 78692 78363
79652 89852 80981
84367 88289 81322
76552 94216 73189
77157 94782 70586
88601 89971 71357
89385 88857 74441
87070 85547 82436
80965 92771 75936
91231 86969 71900
91092 84396 79051
82827 80369 86774
95081 73610 73744
82106 79036 87183
80691 75577 87813
95272 75995 71830
85770 91744 73830
88478 90114 70899
90426 83203 80980
80181 93202 75287
83098 92176 76003
90666 79510 82651
79712 74739 87976
86446 88977 79397
83789 85783 83650
88235 82200 83772
90391 87579 74879
92177 80850 79849
83940 89360 80347
76626 86494 84222
81377 74098 87794
94993 78001 71531
94209 76475 76067
76573 89225 81855
88300 89358 76320
81325 83840 85572
90108 78591 83501
81736 84367 85175
86507 77719 86052
86713 91193 73815
79352 86344 84230
93464 81962 74470
84117 87903 81784
85196 92439 70583
80751 88535 82117
81289 91097 79069
94590 80767 69902
83189 76019 87310
95412 77336 69067
78029 94748 69970
87972 83615 83124
89304 79418 84058
87338 85507 82265
83527 91466 77330
88318 86117 81005
95249 77596 70225
88630 81723 83687
82229 83693 85470
78188 78329 87795
76414 85401 85017
89270 82276 82796
79655 92828 76390
80155 77621 87709
86722 90182 77068
93541 78875 77173
89392 89205 71471
81161 80758 86971
91588 81776 80337
84328 91065 77601
83862 87984 81806
95603 76135 68505
84675 88200 81284
79565 85267 84993
78639 85844 84652
85269 85456 83406
90234 85950 78627
94463 74505 75865
90739 83403 80462
93187 84014 71282
83101 78735 87004
92766 84186 73891
87894 90291 74019
88043 89468 76566
87011 79126 85647
79069 73139 88096
85562 87749 81333
86362 90265 77321
75730 75194 88205
78588 81695 86849
90289 86464 77710
87366 91001 70912
82893 81921 86271
93623 81922 73801
90831 81862 81390
95076 74762 73378
92722 81014 78396
76606 92742 76900
95722 74965 69036
93028 79961 78217
78999 92321 77518
83725 77442 87008
75047 76152 88106
92445 84550 74645
81874 82901 85975
95092 79042 67758
94580 80930 68615
84622 92208 74394
87280 88265 79616
83584 80063 86653
84395 77102 86845
84516 74844 86974
78589 94761 69012
81797 86429 83713
87225 87523 80594
89601 84188 81234
94670 79860 71164
93490 77527 77953
77996 78712 87715
91937 78793 81103
91190 86861 73603
94842 72551 74739
76506 95361 65801
82059 90131 80125
78347 93944 73771
81083 79924 87208
88773 86384 80182
82273 91452 78051
84891 92606 68926
80233 90137 80543
91283 86940 71022
88936 76770 84739
80327 84513 85339
95197 74853 72748
82762 83867 85247
85618 75732 86536
86684 89633 78036
81381 93469 73602
85669 90808 77008
76040 91912 78374
95076 78545 70185
80462 88864 81861
86497 91134 74704
85792 86624 82311
92946 80695 77951
87933 76598 85398
87932 82602 83801
89676 85786 79737
91639 78943 81538
93958 82116 71580
83788 89975 79595
81634 74463 87743
79483 83083 86205
84583 87937 81574
88213 90333 69668
88804 82554 83060
89100 81855 83205
78665 80941 87098
93290 76537 78786
92820 84610 71565
81813 86052 84020
89465 87403 77763
93893 78323 76297
91946 78158 81142
92118 80414 80235
83855 86060 83426
89887 88718 70288
93962 80273 74418
91990 80700 80311
84445 79047 86565
87532 87030 80878
81586 88197 82251
91668 83725 78745
84488 92816 68951
91697 84915 76899
95543 76416 69036
87510 79577 85285
80968 83074 86036
92345 80336 79768
95813 74264 68592
78770 88430 82499
73985 95708 64181
88149 89461 76384
83374 93315 68676
92221 83118 77842
85375 80088 86124
90118 88271 73109
86694 83967 83782
90575 87885 70905
92212 79235 80517
91686 80607 80926
90636 79857 82557
84807 75555 86837
95419 75035 71566
84480 91121 77365
88441 76337 85073
87290 86792 81283
95582 76384 68052
87074 90714 74909
89402 89218 69723
88065 90422 71859
84704 81807 85892
81174 81903 86557
91164 84019 79325
73672 94726 71503
93374 81482 75551
92595 79469 79604
87843 89386 77093
76868 89754 81270
77092 93657 74789
87475 90331 75329
76283 95263 67799
93143 83563 73264
77797 94425 72065
94981 77574 72097
78165 92311 77648
82662 84442 84905
93371 81253 75865
92950 83853 73670
93572 77233 77828
78360 94263 72504
73386 95759 64235
92275 83978 76620
86619 91456 72501
86297 91373 74223
89329 89156 72622
82808 92492 75404
90843 79716 82368
91443 80479 81383
94742 74313 74886
73670 95079 70040
76727 95324 65177
80795 87935 82658
89005 81008 83712
80907 84204 85434
95253 72807 72963
81514 92869 75411
78066 72723 88195
79344 87560 83254
86349 91570 72949
71891 95874 63790
92332 81110 79315
80306 92236 77454
77993 93567 74900
88605 90006 70791
87762 80368 84937
95504 75892 70512
93214 83636 72613
87283 84226 83221
86030 88724 80048
90069 82479 81883
79212 79303 87547
83794 80537 86503
90616 83060 80846
87016 90915 74182
73350 95767 63772
83867 93105 70907
92596 83614 75866
72632 95629 66870
90337 87527 75293
76640 90732 80085
90472 87960 71818
89154 77365 84556
87052 82844 84260
81484 93833 71811
89675 87332 77497
77346 91797 78559
90875 87499 70674
79809 82511 86441
92693 83148 76175
76199 73129 88302
89940 86989 77564
76980 91537 78976
76093 85303 85091
79647 79473 87489
85579 91907 73493
93739 80771 74810
77142 95043 68818
83751 78405 86868
83532 84626 84544
85228 87515 81716
79045 94728 68140
91420 82036 80427
89434 88682 74922
73761 95253 69061
78942 91249 79254
87422 76870 85688
86319 80259 85724
91881 79181 81133
72643 95725 65931
83297 91081 78207
78043 82914 86394
79626 93154 75615
82498 88912 81324
79603 94463 70123
85697 85351 83302
93558 78341 77433
82909 85521 84115
79868 91812 78246
91653 77577 81605
94898 79793 68520
92086 82877 78507
76008 95360 67131
93016 77265 79251
94019 76467 76731
95360 74314 72165
87663 78762 85365
84214 91614 76506
87850 85840 81615
89327 78803 84212
88447 87813 78766
85110 88252 81050
82862 93519 69709
77704 93078 76189
80148 93992 72479
77064 93211 75890
78462 93799 74166
76659 76176 88095
76850 74926 88205
80547 90533 80006
83128 73937 87443
76030 94412 72574
80188 87924 82790
80898 89517 81130
84950 83536 84808
82192 89024 81299
76600 95127 68754
78912 93970 73529
92818 84655 70636
77462 95146 66342
79617 80396 87231
80129 87065 83567
87811 85489 81916
93729 82334 72453
84416 90733 78156
87860 90466 73178
91026 86892 74439
89075 85774 80515
78103 90204 80742
88642 88054 78124
92553 78387 80017
84526 74240 86991
94001 74563 77227
88408 89206 76457
79138 93023 76049
93582 83366 70299
89098 79689 84145
90097 87298 76727
83485 83239 85448
81300 77361 87565
79562 81867 86757
94317 74460 76348
77466 80574 87220
91684 86292 72704
90873 87405 72795
