29372 17628 2130
22238 24762 2330
25282 23718 2309
17734 25266 2251
20284 23716 2545
18720 25280 2229
21190 24810 2377
27981 21019 2359
19768 25232 2147
18764 25236 2276
29923 16077 1928
30055 14945 1821
22891 23109 2570
23579 24421 2274
20058 24942 2369
21715 23285 2576
25019 20981 2593
22601 22399 2617
26861 22139 2435
29275 19725 2047
28058 20942 2349
19765 24235 2497
21450 24550 2432
19000 25000 2362
26027 21973 2537
29426 18574 2114
21152 24848 2366
21893 22107 2626
22835 24165 2480
23374 23626 2529
22159 22841 2598
29022 19978 2140
24162 23838 2477
22436 23564 2549
22604 20396 2637
24062 22938 2560
19770 25230 2212
21180 22820 2599
22531 22469 2615
29020 17980 2198
16696 25304 2128
20895 25105 2247
27693 19307 2404
25739 22261 2538
26381 20619 2530
20314 24686 2433
21847 24153 2499
25761 21239 2565
22159 23841 2528
21741 24259 2483
25403 23597 2417
28156 19844 2345
25507 21493 2572
22023 24977 2253
23853 22147 2608
25297 23703 2336
28133 20867 2339
25223 23777 2190
28004 19996 2365
25099 22901 2534
28562 20438 2261
26554 21446 2507
26165 22835 2435
29690 17310 2025
23565 24435 2248
23296 21704 2620
24722 21278 2601
22487 24513 2406
28610 19390 2274
24141 21859 2607
29316 17684 2141
23457 23543 2533
23149 20851 2631
29748 18252 1968
24938 22062 2577
28305 18695 2329
26974 21026 2477
26549 22451 2441
27255 20745 2453
22445 24555 2394
29520 17480 2099
24765 21235 2600
29972 17028 1862
24504 22496 2579
20847 25153 2127
23749 24251 2411
26795 21205 2492
23563 24437 2183
23856 20144 2628
18190 24810 2411
23643 24357 2330
