50708 55701 63582
57204 51941 56325
50420 58931 61349
55204 51826 61476
49452 61265 56572
52533 57344 61464
45990 49543 65545
56302 51980 59246
57251 52998 52844
51987 57922 61405
48575 53218 64965
51122 60181 57643
44657 62494 53340
48815 54713 64514
50112 55247 63955
54848 52069 61853
50977 60481 56314
48039 52721 65138
54744 56670 58718
52710 59083 57172
54360 50419 62486
54845 57323 55722
53988 58237 53385
56723 50933 58226
46688 54224 64888
52064 56595 62428
55352 56657 56293
45316 49744 65532
52134 57013 62083
52598 58553 59544
51249 59010 60684
54744 56843 58273
55138 55774 59501
57203 50717 56645
50249 50705 64740
56246 55200 56085
51363 59434 59611
56006 54223 58953
54951 57023 56949
55598 56380 55881
54225 51432 62562
43535 62589 51487
48877 53941 64724
49785 53368 64606
53912 58016 57484
48352 59110 61904
49065 60789 58992
54889 56332 59041
53464 57997 58839
45233 62438 53689
56938 53110 56812
54014 55073 61739
53928 53124 62474
51972 54767 63325
57350 52014 55139
56581 51719 58526
47340 55225 64524
55583 56194 56897
51575 50969 64186
49138 49768 65115
50590 60582 57270
55928 53071 59827
51469 57812 61901
45303 61642 58392
56046 51221 59886
51209 59779 58846
54160 57299 58769
52137 58202 61012
48278 61887 54628
45481 62103 56508
50656 50917 64584
52899 59051 56531
54146 54377 61970
52919 52000 63403
46579 51196 65410
49553 53509 64650
55422 56542 56599
54261 52666 62327
51836 60041 53269
43517 62557 53532
56434 50552 58987
51842 58641 60779
51498 58961 60567
51680 51083 64135
57501 51333 54199
48831 55712 64087
49258 59868 60653
51219 60393 55487
48189 55652 64210
47531 59256 61954
52970 51560 63428
50189 59752 60323
52636 55103 62814
53391 52651 62993
51980 59721 56807
57079 53571 54764
57433 51027 55071
46949 56918 63770
52940 58995 56657
52876 56513 61859
48914 60576 59609
46782 62171 55423
50115 54455 64228
53583 56599 61082
53348 54186 62644
53512 58681 53314
50790 56780 62996
50648 52080 64489
48421 61833 54729
52669 57631 61046
52957 54281 62879
43913 62574 52205
56420 53588 58409
45286 62298 55372
47916 61962 54899
46431 50646 65462
50219 61058 54403
55337 56471 57309
42828 62454 54428
47879 53797 64902
45982 61633 58277
48439 54194 64720
54973 54568 60771
53383 55371 62113
46559 49075 65545
50115 59892 60135
47267 62199 53599
56381 55203 55042
56611 54773 54736
49585 58474 62152
56799 51135 57990
49252 61459 55423
48564 61467 57625
47654 58733 62432
55632 55997 57225
47308 62038 55533
50420 59486 60567
54669 57407 56451
45834 50152 65505
50452 58218 62018
55571 52505 60657
46836 52232 65256
44630 62516 52779
55246 54215 60534
52871 57375 61092
45868 50363 65490
52059 55914 62834
44086 62516 53616
46184 60203 60915
51507 51979 64160
54077 56157 60966
56674 52406 58103
55697 56294 54724
42254 62571 53326
52444 58898 58779
48809 61028 58612
57137 51260 56828
51305 52359 64189
48159 60479 60136
54915 57208 56028
47775 59828 61241
48809 57290 63240
44919 48554 65590
52469 59507 55853
57086 50333 57162
49939 55034 64091
55636 53094 60351
56886 53409 56667
45212 47981 65599
50534 55982 63503
49672 51333 64918
55272 56884 55001
49781 50786 64905
54711 54905 60993
49070 53462 64793
47227 60650 60155
49176 59212 61522
55878 55720 56813
50013 60924 57204
57223 52899 55008
47025 56510 63975
49412 52386 64910
49129 61204 57883
51310 60269 56272
46762 58044 63032
54716 50176 62109
50754 60145 58590
47100 58207 62885
53814 50188 62981
56673 53521 57431
45901 61608 58365
46888 51086 65402
49058 61463 56240
47431 62150 53997
44371 62508 53453
48817 61634 55411
51068 60355 56812
52768 58891 57833
54239 50268 62596
51616 51432 64147
53365 56933 60976
46054 52601 65203
45536 62438 52749
50489 60893 54794
54284 57867 56156
48343 61803 55375
52688 52434 63473
46166 58731 62479
50125 57540 62681
50180 52161 64654
49283 60859 58648
54507 53847 61778
44293 61761 58008
50547 51464 64597
53576 51154 63078
48584 61632 56204
45442 47805 65600
53570 50258 63166
56521 54490 56423
50172 60476 58651
45615 60051 61138
52405 59592 54257
50021 55588 63844
52168 56923 62129
45628 47160 65593
49948 53158 64586
46360 52752 65173
53341 54612 62489
43776 62565 52858
56134 54945 57601
53305 53525 62844
50829 60640 55586
56925 51965 57480
46455 59496 61831
51355 53676 63954
56717 52900 57736
45473 60905 59937
46354 62316 53772
47586 54262 64810
48131 58907 62170
55660 51511 60697
50341 60533 58169
53183 58929 55397
46613 51662 65347
50942 51163 64453
43147 62600 51954
52006 56192 62741
51158 56391 63072
57281 52231 55504
47946 62000 53874
55781 55172 58689
52301 59665 54923
53963 57512 58747
48824 52837 65009
53600 58580 55416
54156 51973 62555
49067 56565 63677
47593 51643 65315
51727 57087 62338
48017 48843 65391
51679 59953 56827
45815 61874 57589
50532 57505 62559
52155 58708 60031
57022 51258 57287
46115 62295 54641
53464 57824 59284
50383 56815 63118
44948 62446 53852
57011 53604 55660
46301 61448 58736
52653 54202 63095
48090 61636 57589
55954 51478 60082
52760 55897 62358
52969 53578 63063
52221 53872 63421
46983 57459 63410
55462 54777 59877
51962 55172 63199
53793 52546 62710
52813 55619 62451
55948 55900 55701
54787 56891 58000
45903 56486 63986
52608 50878 63723
52575 56849 61874
50517 59126 61053
53741 58458 55073
46272 62354 53029
54522 57705 55069
48737 50869 65240
49894 60293 59391
53018 59123 53430
52922 58546 58598
52169 59689 56166
44131 62174 56625
52956 57853 60404
56717 53893 56674
51753 49748 64130
48655 61373 57847
52920 57238 61186
49027 50566 65148
49185 57786 62771
47478 61506 58328
53778 57923 58154
52152 52204 63823
49420 59008 61650
50347 54314 64184
53698 57165 60297
52710 54878 62841
49806 57889 62530
56202 51425 59521
46720 58539 62622
50585 60685 56588
45185 47364 65601
52583 55381 62721
49717 61326 54261
47793 59946 61092
51540 54437 63651
50049 50422 64814
50441 57218 62805
54160 57126 59214
54455 52876 62099
46412 62361 52454
56050 55770 54372
46473 61961 56794
55403 56121 57951
54624 55916 60468
46728 57503 63392
51858 59505 58347
55838 56086 54722
51546 58086 61614
50958 59446 60140
53961 55351 61646
48219 58559 62437
49251 54918 64332
48991 54134 64651
47868 50512 65365
53747 58282 56798
50271 60988 55672
49122 60605 59395
52103 53382 63596
46862 55037 64649
47566 52453 65210
48500 51525 65235
56467 54414 56983
50754 60769 53833
57360 52469 54109
53914 57108 59879
55815 52379 60236
54051 58165 55156
48180 50317 65339
53264 56576 61450
50018 60821 57886
47875 58148 62810
48244 61291 58354
51664 54537 63564
55514 53706 60371
46788 49948 65502
49559 57202 63104
42307 62608 52428
44717 62339 55288
48093 60846 59473
44689 62462 53865
51395 49764 64285
47008 54191 64896
49298 59542 61132
51230 58408 61490
55414 51788 61109
53350 51914 63134
47576 56195 64052
56264 50763 59415
