26404 21736 18014
25357 24120 16140
25119 22238 19200
24356 21562 19925
22021 21567 20543
23366 24588 17746
21628 25208 16684
23388 23669 19253
20478 19753 20759
25115 24404 15313
20967 25381 15518
24113 24805 15986
24051 22530 19808
23847 24801 16930
22695 24898 17447
25100 23933 17177
25392 23600 17355
26685 21009 17849
22306 24540 18200
25752 23861 15194
25339 22611 18899
24451 20810 19964
24926 22364 19312
26107 20250 18580
25674 22657 18344
23613 23474 19373
22946 20886 20607
23109 22516 20170
22541 22947 20004
26789 22091 15939
21993 24273 18617
26449 22354 17020
23121 23589 19405
21886 23015 19978
21380 20479 20696
23023 24466 18134
23111 24312 18382
26979 20553 16792
26196 22343 17884
25804 23355 16947
25265 24289 15111
22671 23743 19319
21835 25307 15250
24450 23030 19229
26923 21332 16593
22140 25019 17282
21815 19064 20813
23515 24351 18102
24838 24303 16685
26588 22685 16060
21883 25268 15850
23433 19921 20460
24556 22687 19409
26627 21501 17517
22039 23712 19480
26963 20917 15672
26032 22263 18250
24652 21056 19826
24732 20083 19799
23636 21699 20350
25165 23075 18519
21978 24972 17513
26727 22052 16389
25121 19968 19553
21061 20364 20707
24449 24006 17916
23043 20525 20594
26157 23309 15757
23139 25085 16073
23955 23401 19232
24877 20528 19700
25623 23852 16090
22988 25073 16389
22034 25280 15534
25274 23365 18025
22289 21825 20488
25789 21396 18789
26618 22300 16476
25351 21013 19340
25915 23519 16268
24444 24714 15014
23342 20999 20487
22258 22557 20253
22552 25233 15184
25823 22976 17658
23490 21790 20403
23187 24783 17415
23666 24463 17829
25323 20627 19393
23392 22906 19921
24456 23564 18664
23659 22986 19769
20466 25404 14932
22128 25178 16493
24401 24714 16129
26757 21667 16805
