45023 43977 4969
36558 48442 4896
41156 49844 4625
51178 36822 4712
54296 31704 4050
36627 47373 4950
45252 42748 5004
46838 39162 4982
40290 45710 4998
37906 47094 4960
53206 35794 4436
35083 50917 4618
45351 41649 5018
44251 42749 5026
39763 44237 5040
54148 32852 4132
47984 39016 4934
47873 41127 4919
45930 47070 4685
38286 49714 4782
51582 41418 4330
52465 39535 4167
45090 40910 5030
42659 44341 5014
39819 50181 4663
38098 45902 5008
38874 48126 4904
53989 34011 4198
34994 51006 4594
40950 48050 4876
40019 43981 5044
45882 45118 4864
45343 43657 4967
46554 46446 4692
51243 40757 4554
44253 43747 5001
46308 41692 4990
52690 37310 4495
47985 46015 4484
42202 47798 4862
46085 39915 5005
48300 43700 4753
44265 46735 4854
36403 46597 4981
47481 46519 4417
54125 31875 4169
36838 49162 4847
52959 38041 4348
49266 42734 4705
42786 45214 4979
36986 51014 4546
38703 50297 4678
37527 47473 4943
47054 42946 4898
40409 43591 5050
41274 48726 4808
35761 47239 4956
47689 45311 4679
44792 42208 5024
46009 45991 4786
40683 49317 4755
48507 41493 4863
52460 39540 4252
52983 37017 4449
50608 40392 4678
41153 44847 5016
50797 42203 4479
43275 42725 5041
47954 45046 4671
49376 39624 4843
43394 45606 4947
43504 43496 5023
54301 31699 3996
36095 50905 4602
49216 40784 4833
40962 49038 4781
42957 49043 4651
39590 42410 5071
50062 41938 4650
51048 39952 4643
50141 39859 4766
38964 43036 5067
53132 37868 4174
53637 34363 4330
44518 47482 4761
42567 42433 5053
40906 50094 4547
50752 39248 4720
41296 42704 5060
38276 43724 5057
39611 49389 4785
44571 43429 5003
51551 38449 4653
53261 36739 4350
37957 51043 4470
41850 48150 4842
42142 44858 5005
43566 46434 4903
50034 38966 4801
53746 35254 4211
54497 29503 3914
48948 44052 4629
54189 32811 4002
54369 30631 4035
47498 44502 4777
43304 48696 4682
49032 41968 4781
43561 41439 5052
39304 47696 4922
43084 47916 4805
37618 49382 4822
45642 42358 4999
47210 44790 4784
36546 50454 4718
52314 39686 4358
53567 34433 4355
44778 45222 4922
37841 51159 4359
52807 35193 4512
34385 50615 4689
43173 43827 5020
49324 43676 4603
42694 49306 4548
52122 36878 4604
52445 38555 4474
36173 50827 4623
50564 42436 4503
45509 44491 4921
45936 44064 4917
53672 35328 4273
49885 41115 4735
39676 46324 4980
38285 50715 4594
52418 35582 4569
51628 41372 4315
53397 36603 4288
53326 34674 4413
40111 48889 4827
41871 43129 5051
49208 38792 4859
45068 47932 4652
40827 50173 4505
44873 48127 4568
43681 48319 4715
36665 51335 4392
46674 44326 4859
39370 50630 4565
39512 41488 5072
51439 38561 4664
37892 51108 4436
52704 38296 4422
45760 44240 4919
53130 36870 4408
36015 50985 4578
50556 41444 4610
44861 48139 4561
42146 40854 5060
46501 42499 4953
50230 42770 4534
45831 43169 4963
35816 50184 4760
41979 44021 5030
43623 47377 4831
39120 49880 4737
45900 41100 5009
46059 40941 5005
39051 49949 4729
54490 29510 3968
50794 37206 4745
52257 39743 4378
50979 38021 4723
51990 38010 4600
51501 39499 4605
48597 42403 4803
34508 51492 4427
51834 40166 4460
40375 46625 4960
51667 37333 4657
47110 40890 4966
42995 47005 4886
48031 39969 4927
53054 37946 4292
44439 44561 4964
44934 47066 4777
39205 46795 4964
42594 49406 4491
38405 50595 4627
52168 38832 4520
41871 49129 4718
34479 51521 4354
37887 44113 5051
46861 40139 4981
45314 40686 5026
39298 50702 4527
47286 41714 4937
47327 45673 4686
41675 49325 4699
44744 48256 4418
51124 41876 4422
52439 39561 4308
36711 51289 4457
40908 43092 5057
40519 48481 4857
45082 45918 4866
38313 46687 4977
37837 48163 4906
50890 42110 4463
46913 44087 4854
53579 35421 4327
54325 30675 4062
43922 44078 4998
38557 44443 5043
48787 45213 4460
44744 48256 4471
45594 43406 4965
46667 43333 4907
39155 50845 4380
37318 50682 4641
41218 41782 5065
53757 35243 4121
49373 44627 4426
53462 36538 4167
51601 39399 4595
39182 50818 4416
37849 42151 5077
40909 45091 5011
52295 35705 4587
50888 39112 4709
38544 50456 4653
42096 45904 4967
42022 46978 4919
50041 43959 4349
49866 38134 4817
38807 49193 4831
48886 38114 4880
53726 34274 4298
41002 49998 4591
51290 36710 4701
42248 48752 4751
46497 45503 4788
40099 41901 5070
47796 46204 4475
41380 47620 4894
39246 44754 5031
42368 46632 4928
48730 40270 4881
34701 51299 4502
52452 36548 4564
