64405 79863 64751
76710 73325 74626
73133 72935 77951
81359 68353 68796
71032 78612 66821
69717 70298 80860
79144 72564 71685
67842 74721 77701
74760 75383 74104
73298 71338 78896
80837 69369 70002
73388 77265 71162
81738 65154 68780
69743 70451 80785
67907 75656 76739
70955 75342 76703
75820 68794 78250
68813 71460 80472
68637 74774 77639
74009 76849 71675
68492 69303 81563
71447 67002 81110
70831 65748 81439
78771 73301 71342
72391 68466 80521
73744 76925 71820
68207 73634 78731
69693 70979 80554
68215 76173 76094
69589 78960 67664
77558 72109 74779
69499 78081 72499
68602 68470 81782
75160 75167 73998
74013 74781 75705
73861 75815 74288
72073 65545 80977
77255 75291 67134
75086 68155 78947
76798 74963 72032
67710 68900 81845
78593 65196 75706
71352 76454 74972
65954 68421 82189
75328 75876 72391
73636 75528 74977
80471 71201 66877
75717 76370 69046
81143 66001 70837
75388 71742 77236
70075 68065 81435
75740 73523 75469
75969 70560 77440
70490 76297 75520
69244 70724 80799
68381 79297 66654
77696 72695 74051
79487 63976 74331
67676 77746 73671
70453 78548 69613
72725 70586 79587
64363 79651 67305
76275 75405 71934
65688 79494 67881
78703 73857 69888
79526 69917 73265
73180 77010 72312
81057 69825 67445
79091 71891 72541
74845 75656 73509
82495 63513 62333
67836 77163 74736
68392 70102 81281
63548 79772 66333
79524 72060 71349
77972 66352 76548
70118 75221 77092
81340 69150 66768
76872 74974 71842
72137 72417 78745
78771 72535 72540
77797 74557 70473
82289 65060 64813
80771 66663 71604
80981 67553 70819
73878 71345 78556
73619 77337 70563
79402 72047 71758
65241 79297 69370
67741 72968 79322
81099 69707 67945
80984 70016 66790
81921 64153 67926
80360 66190 72552
71166 77961 71499
79392 72890 70190
70592 78204 71198
71436 78195 70218
67360 79099 69526
78019 69194 75816
80866 65391 71575
81760 63811 68837
72789 77932 68869
64679 67847 82335
73232 77841 66172
80232 70591 70872
65131 65914 82703
67684 72000 80119
67635 78830 70723
77825 72970 73609
72652 72158 78674
75171 74688 74673
74378 69874 78917
76606 75796 67637
71192 66485 81259
70171 73137 78866
71840 75950 75478
71766 69786 80357
67972 66002 82244
80502 70274 70220
78514 72910 72520
69353 77933 72995
79566 67827 73834
78993 68304 74640
76717 70707 76611
72719 75798 75200
78695 72933 72126
74033 74570 75925
70669 76566 75060
81560 68134 67665
69749 64199 81821
65891 63655 82617
78976 70638 73683
72026 77955 70399
77610 74992 68332
67764 79483 65172
69653 76618 75317
76438 75933 67308
66759 68128 82179
70046 75827 76365
73497 77709 67328
72935 77805 69620
81090 63675 71165
80297 71418 68457
77567 66606 77027
67998 70545 81102
82398 64643 63274
81277 67972 69634
68542 76816 75223
62920 79834 65778
73756 72853 77632
72817 64881 80687
68735 65351 82071
81528 68670 65503
71261 72144 79292
79140 72831 71245
82022 66880 63412
71923 64234 81081
74357 69223 79157
72249 65649 80891
75833 76231 69499
77870 74350 71117
76213 72192 76215
69739 65319 81789
68920 65952 81991
66294 78920 70723
81108 66725 70718
77378 70267 76119
75020 75871 72847
77263 69682 76504
82379 64420 64164
71618 71652 79471
67479 79506 66098
81796 66169 68143
68114 79259 67720
64657 79746 66153
72774 78001 67310
63402 79826 65809
77870 72564 73929
68258 72139 79996
73268 76116 74272
72689 78060 65937
77340 67889 77059
82243 65319 65031
69088 78719 70369
78384 66841 75882
82122 64873 66545
68449 65077 82139
76575 75440 70905
75068 72859 76733
77108 75153 70231
75914 76048 70207
69129 79022 68433
78893 69223 74522
66917 67254 82381
67179 78109 72835
78200 74380 69276
77065 69034 76958
70132 71440 80152
71858 78362 66977
66732 65153 82494
71416 77417 72950
62225 79925 64417
65228 66973 82527
71628 69117 80694
70958 75766 76136
64875 79775 65708
76021 76211 68312
77899 66671 76613
75431 70910 77660
69288 73671 78636
73045 75965 74705
68552 78598 71271
76041 67386 78431
66845 79211 69225
68296 79124 68642
76343 68084 78021
78132 65524 76373
69212 70355 80975
66895 79611 65072
78712 73987 68486
78312 67186 75958
68287 75916 76410
73102 74267 76934
70342 77100 74265
81251 67236 70167
68204 72489 79708
81252 64483 70720
77065 75304 69581
78373 74341 68159
81970 67091 64134
77316 74853 70874
77391 73275 73810
72131 73145 78231
67156 79240 68789
72557 77502 71564
67667 65016 82320
70274 70636 80510
70350 77582 73236
70388 77942 72216
69435 77108 74547
74908 76723 70104
77607 68705 76482
78434 73575 71666
78990 73153 71027
72644 76889 73214
67890 74103 78305
77999 72839 73487
78389 72716 72972
72137 70508 79868
65674 77576 73997
63833 63519 82775
65239 79688 66375
78906 67513 74967
75655 76485 67776
67877 73336 79008
66141 79368 68593
74641 70694 78383
78656 69622 74738
68786 73032 79212
69682 74838 77529
71043 74034 77879
70019 74043 78157
71628 78289 68887
77989 67150 76399
82116 66144 65181
69510 66797 81766
69650 69579 81156
73794 69871 79300
81235 65125 70712
69663 78570 70583
71367 65039 81265
71367 71332 79767
66635 78731 71364
79531 71482 72125
72103 74341 77278
68570 78153 72626
65978 79680 65977
80898 65838 71454
68786 72788 79412
76164 71580 76684
66137 79712 64805
81682 68076 66415
68455 68049 81903
70762 73806 78163
71541 75597 76137
70219 75017 77263
72927 77525 70915
75430 65972 79097
71474 78307 69150
76467 74704 73029
68788 74382 78012
74579 74188 75862
74026 64959 80090
69140 64611 81973
64322 79030 70390
71792 69939 80282
81384 67298 69565
82147 63527 66649
74981 73302 76401
69553 78830 69140
77254 66264 77380
69176 74840 77552
68332 70836 80893
69217 76889 75000
68373 70356 81148
64943 79617 67298
74605 64888 79707
63731 79911 64679
75299 76174 71499
73294 68217 80079
69838 69720 81050
79458 72963 68925
82007 64709 67377
78576 71820 73508
81641 67057 68381
76753 74053 73660
72965 77815 69437
75844 72697 76181
77752 68378 76393
64454 79777 65923
73645 77466 69821
82165 65735 65417
78004 74508 69616
77302 74346 72323
81790 67770 64872
70850 70529 80354
67452 71612 80437
69611 76963 74755
74369 77302 67274
69609 72488 79500
77187 73748 73459
78714 68650 74985
77703 74925 67702
71994 65132 81040
79243 68344 74243
68790 76825 75186
71838 68506 80738
63196 79667 67476
68417 77679 73705
81294 64534 70571
78986 73606 69156
77208 75255 69169
80833 64128 71760
69096 76020 76242
74586 68607 79183
69025 76708 75321
69474 76349 75777
73667 68825 79745
78210 73886 71638
71562 77565 72454
73073 77908 66054
82297 64631 65149
76507 74533 73271
74689 69830 78719
81492 68771 64876
65005 79487 68272
78751 72695 72373
81441 68633 67592
82383 63371 64180
72121 75113 76549
65405 78288 72484
81963 67074 64958
77825 74817 68018
70678 65406 81495
65906 79553 67263
81506 67847 68430
74907 76915 68946
79022 73505 69783
78953 71305 73269
66853 63717 82485
75444 76244 70740
77334 71127 75740
73031 70522 79473
82022 65543 66866
74734 66552 79493
76607 75584 69996
66842 79428 67630
74218 73487 76808
76451 71171 76630
71539 74954 76905
77206 74891 71090
65144 79798 65013
70552 78431 70300
70568 63871 81545
76207 70748 77108
66767 69887 81629
63746 79869 65166
69323 75745 76573
65000 79799 65351
75702 69744 78017
73198 77802 68584
71469 78517 65378
74846 67494 79235
76695 68048 77677
76527 67774 77906
73704 77588 68551
72645 74923 76480
66761 78145 72778
74625 72393 77409
70455 74426 77720
81906 67319 65161
71691 73255 78341
65351 64573 82685
65812 79077 70229
78287 70698 74772
75801 66725 78719
79207 65781 74730
72744 76306 74341
74142 77358 69268
75535 65359 79042
69873 76396 75590
67331 70766 81024
79729 66453 73815
81629 68352 64504
65559 78013 73149
72820 76744 73422
70413 78740 67727
77327 65945 77315
81829 67251 66657
68718 76671 75431
67955 76657 75503
77545 74537 71417
79582 69163 73433
80511 64107 72421
79708 71750 71234
74765 77057 68036
81872 66814 67021
72098 77686 71552
75119 73888 75673
72590 69927 79974
81895 67324 65392
72422 78034 69202
68488 77601 73840
80437 69612 71084
69529 70157 80966
74298 76929 70867
69994 67079 81610
81164 69315 68470
73938 77528 67244
78360 73564 71856
77494 66925 77092
81468 65320 69878
69382 79129 65464
69928 67644 81556
74915 76963 68021
80009 64648 73416
74141 69466 79220
81556 66155 69362
82306 65575 62894
71252 77037 73845
72486 66886 80687
77900 70939 75204
66993 79552 66173
77787 70368 75595
81282 65150 70549
78748 73886 69113
80826 68035 71059
78907 73596 70216
75068 76674 69821
78603 73755 70950
76821 71756 75892
77215 70546 76168
68121 63803 82219
65387 67501 82407
79402 71207 72567
75225 76459 70393
76516 66002 78139
80083 68671 72657
80436 65270 72562
73271 67360 80253
70150 68862 81227
68583 74927 77482
81103 68727 69567
76520 74970 72465
70797 77320 73561
66122 79679 65639
79347 64695 74540
68739 79280 65991
75402 76642 68144
70270 73522 78528
78459 68794 75323
80177 71474 69352
70106 78644 69599
67547 78610 71516
75776 75170 73195
78639 69177 74923
81124 69302 68749
71126 77523 72923
75916 76313 67410
77979 74496 69843
74669 70115 78636
73667 74893 75816
80281 70996 70219
68958 79235 65116
64361 79675 67076
79397 69142 73773
76205 66502 78421
72208 75362 76183
71697 72527 78855
70458 66747 81513
67932 71063 80815
