17156 23281 14576
18711 19414 21830
18440 22522 18489
22236 21344 16899
20430 21378 20073
20760 21184 20027
22464 19077 18398
22226 21419 16579
22806 17496 17613
15628 23356 14419
22471 21302 15293
23269 19549 15016
19888 22628 14307
22415 20288 18106
23106 20069 14431
17389 22960 17410
19713 22463 17498
19628 20407 21252
17196 22712 18335
21312 22102 16681
19666 20140 21345
19717 22404 17988
23332 17371 16363
19043 22507 18081
23577 17467 15437
18992 21615 20615
17560 22246 19540
23319 18152 16406
16520 23299 15480
16442 23067 17078
20798 20917 20120
22300 21467 15980
18346 21739 20628
22425 21214 16472
20263 18936 20947
18326 23009 15428
21693 21550 18136
21284 21753 18243
18783 20426 21574
17005 18370 21978
16877 16736 21991
19183 19448 21666
22283 19876 18530
21512 21173 19085
20060 19284 21117
21160 20206 20119
18365 20045 21707
23125 19909 15900
23013 20340 16037
22850 20860 15452
17302 22578 18803
18374 18950 21932
23601 17877 15171
23695 17718 13611
18642 22991 13376
20592 19908 20664
18704 22256 19406
19718 22565 16539
23798 16661 13634
16851 22904 17662
18088 22071 19891
22387 21016 17442
22613 19749 17883
20338 22467 14584
15839 23326 15210
17958 17809 21952
18505 21124 21335
16168 22690 18429
19816 22601 15739
19582 22728 14915
21676 19995 19616
23324 19172 15315
20134 20079 21002
20089 21146 20582
15999 22901 17719
16326 23259 15978
21096 19641 20209
22174 20981 18145
17875 23169 13861
23532 18470 13926
15989 23345 13667
18424 23045 14628
16123 23221 16268
22038 21260 17878
21912 20195 19177
20222 21673 19793
21409 21500 18735
18017 23048 15918
21436 20566 19610
21903 21588 17066
22603 20392 17579
18115 23084 15118
20152 20513 20905
19549 21325 20864
23039 19729 16979
