80969 94031 9243
66442 101558 8707
95949 77051 8880
80042 95958 9017
85216 82784 9637
88762 78238 9511
58016 102984 8124
95346 74654 9029
79572 93428 9415
77662 96338 9225
98766 69234 8578
96793 69207 8887
78256 87744 9772
70892 99108 9189
94956 81044 8647
97551 69449 8791
83745 85255 9656
75403 96597 9313
96899 73101 8848
89960 82040 9381
83936 93064 8980
76349 92651 9601
94380 78620 9048
83155 80845 9726
87316 79684 9573
75526 96474 9321
71025 90975 9752
79318 85682 9790
74669 93331 9605
94640 79360 8964
87260 87740 9285
87800 89200 9006
85979 77021 9632
88515 89485 8688
75200 92800 9623
66212 101788 8416
80744 95256 9074
97052 75948 8709
79672 88328 9718
80892 85108 9759
98746 72254 8499
90851 86149 8900
80696 91304 9520
74670 85330 9852
84005 89995 9393
76191 90809 9706
93017 74983 9257
73945 93055 9638
72949 89051 9808
78589 95411 9276
86957 89043 9182
71505 89495 9799
75446 98554 8876
66039 99961 9161
96389 74611 8892
72636 98364 9232
98123 70877 8686
74229 94771 9516
88064 81936 9516
78714 84286 9818
99823 69177 8178
99412 68588 8423
93048 82952 8910
68132 95868 9531
85735 79265 9640
89827 81173 9417
80773 80227 9788
77642 94358 9433
53855 103145 8015
92134 81866 9169
97696 73304 8707
86104 80896 9619
82369 94631 8890
60257 102743 8362
91394 78606 9344
67491 96509 9488
88206 82794 9488
88803 88197 8982
82551 89449 9535
79717 96283 8952
91743 75257 9348
92532 80468 9193
96878 75122 8795
84387 82613 9672
96908 77092 8597
81747 89253 9594
88282 85718 9342
73631 87369 9834
95965 73035 8981
76333 97667 9110
72760 91240 9738
68690 100310 9020
69626 100374 8925
96513 76487 8802
80177 91823 9512
74169 89831 9776
71297 97703 9345
82665 94335 8920
81458 93542 9258
77403 97597 8948
88800 80200 9496
100052 65948 8219
97976 75024 8387
71819 90181 9779
80971 89029 9641
86517 84483 9539
88713 76287 9518
83776 84224 9677
74994 87006 9831
97376 76624 8344
82979 84021 9708
64298 101702 8809
57124 102876 8321
82970 92030 9287
99123 67877 8516
66852 101148 8882
92618 77382 9264
75764 98236 9011
84575 80425 9681
73988 96012 9422
89171 86829 9127
72362 99638 8910
85434 80566 9648
97567 75433 8598
75687 87313 9820
100659 60341 7645
67722 101278 8685
80522 86478 9743
67140 99860 9168
81902 92098 9373
71987 100013 8722
61408 102592 8421
75655 98345 8980
72802 99198 9036
92440 75560 9302
82769 82231 9731
77729 90271 9691
96037 73963 8955
90099 75901 9452
80800 92200 9448
76688 85312 9835
86271 77729 9621
98015 74985 8335
93355 82645 8873
69765 94235 9626
98546 67454 8640
85982 89018 9304
91879 82121 9184
55908 103092 8062
75688 83312 9858
88819 86181 9242
97310 73690 8766
69341 97659 9388
76625 91375 9665
68581 99419 9212
100339 64661 8011
94898 76102 9052
66789 97211 9435
71383 94617 9588
87299 77701 9581
88015 84985 9413
91249 85751 8872
85237 85763 9561
96558 75442 8839
95289 74711 9035
80325 95675 9043
67763 100237 9088
74746 94254 9541
67237 99763 9181
88247 76753 9540
72362 96638 9415
92809 78191 9228
96442 78558 8431
53852 103148 7997
89604 82396 9400
97376 74624 8721
74043 90957 9734
77406 86594 9811
74127 91873 9697
74452 96548 9359
74359 93641 9593
92674 81326 9134
75213 93787 9561
89188 88812 8665
90525 82475 9318
76764 95236 9389
80729 81271 9788
81179 83821 9765
68425 100575 8955
86084 90916 9013
88709 89291 8685
95205 80795 8518
82612 90388 9465
59389 102611 8480
99861 68139 8281
75849 81151 9858
77015 83985 9842
79669 87331 9748
67848 98152 9354
76550 92450 9607
100257 63743 8116
76203 92797 9596
93509 79491 9121
95540 78460 8862
73443 92557 9673
72907 96093 9446
71353 99647 9027
78674 94326 9384
99032 66968 8536
79563 84437 9801
78211 95789 9259
68272 94728 9599
97566 74434 8689
96349 78651 8518
91208 76792 9380
74552 98448 9098
85088 89912 9307
76569 93431 9546
87602 84398 9471
70496 95504 9543
76035 95965 9351
72040 94960 9555
89266 83734 9373
78873 88127 9747
95485 72515 9040
83893 86107 9621
95399 79601 8760
100250 65750 7973
72876 88124 9826
72922 98078 9257
70480 99520 9122
96434 78566 8443
74949 89051 9790
79163 93837 9401
92204 78796 9273
85674 87326 9457
77187 95813 9317
78567 89433 9706
96373 73627 8914
97329 69671 8821
93914 81086 8939
67963 97037 9449
72990 99010 9079
95856 79144 8672
83748 81252 9705
74244 95756 9436
71234 98766 9230
84472 80528 9684
79309 95691 9189
54908 103092 8108
87659 83341 9505
100111 64889 8201
76217 87783 9805
95881 78119 8807
94280 76720 9108
80617 87383 9719
73375 94625 9549
81277 87723 9682
90909 83091 9235
96294 71706 8946
99510 70490 8171
84277 89723 9394
82166 94834 8832
65419 101581 8797
91116 83884 9148
77389 87611 9794
70851 97149 9407
66292 97708 9395
76291 95709 9365
73385 96615 9388
91677 84323 9021
85054 86946 9524
69439 96561 9478
83677 92323 9175
98371 71629 8616
92075 83925 8993
98248 73752 8552
63735 101265 8943
58031 102969 8185
60396 102604 8479
86547 83453 9564
83549 93451 8964
94582 81418 8714
79145 82855 9823
70053 97947 9350
83300 92700 9168
87040 86960 9369
65366 101634 8777
74787 88213 9812
74760 84240 9859
73767 85233 9857
81827 81173 9762
73983 99017 8954
87286 81714 9560
79674 96326 8879
79700 86300 9769
56961 103039 8155
99144 69856 8473
79533 91467 9566
75863 85137 9846
77745 92255 9581
93742 73258 9204
99107 71893 8258
84336 88664 9470
91472 84528 9035
69499 95501 9551
79117 94883 9299
94334 75666 9128
52851 103149 7900
98412 70588 8634
68571 100429 8991
95843 76157 8932
88705 84295 9394
89254 85746 9227
80170 95830 9029
81174 82826 9774
98164 69836 8694
68398 95602 9547
72825 93175 9651
99761 67239 8332
54879 103121 8020
92019 78981 9286
88185 79815 9531
81169 91831 9453
87619 90381 8687
80926 90074 9587
95205 80795 8533
75605 89395 9773
86334 85666 9502
68095 96905 9459
75040 94960 9478
90009 80991 9407
75435 86565 9833
74220 98780 9023
66715 101285 8836
63724 102276 8369
70421 100579 8577
68765 98235 9343
81533 92467 9368
85102 91898 9005
72375 98625 9200
67746 99254 9241
78476 96524 9129
77350 97650 8734
98684 70316 8577
68836 97164 9435
69413 93587 9657
98736 70264 8566
75762 94238 9512
96407 72593 8926
66457 100543 9064
82658 91342 9383
81896 94104 9128
90064 86936 8939
97854 70146 8740
83387 86613 9628
76023 96977 9240
61340 102660 8324
99896 66104 8294
86479 79521 9611
74543 97457 9257
79756 96244 8963
64967 102033 8496
78610 93390 9469
72750 97250 9348
72049 98951 9160
84556 86444 9572
72996 90004 9779
98915 70085 8528
94940 73060 9092
76688 88312 9788
61475 102525 8488
82124 81876 9752
66086 100914 8988
92216 76784 9309
67233 97767 9390
69935 97065 9431
64964 102036 8428
82793 89207 9535
80570 95430 9063
69239 99761 9135
74403 86597 9841
73535 99465 8706
84352 91648 9184
77917 85083 9823
93326 77674 9188
74649 83351 9861
76000 87000 9821
99192 70808 8416
68872 98128 9352
84692 90308 9306
82948 94052 8938
100080 64920 8218
75570 93430 9574
90676 79324 9386
71996 96004 9477
69214 100786 8774
72463 92537 9687
97933 71067 8718
100127 65873 8167
98126 72874 8629
92554 84446 8743
91060 75940 9393
99466 69534 8379
68760 95240 9568
93360 74640 9230
87269 85731 9430
70866 94134 9626
89235 82765 9417
80494 91506 9517
94125 81875 8780
100247 64753 8101
82635 94365 8918
79798 95202 9206
75515 97485 9202
61861 102139 8692
68232 100768 8902
65175 101825 8694
65532 99468 9227
77927 89073 9737
81973 88027 9643
99191 68809 8484
86583 88417 9297
72267 95733 9492
87415 78585 9573
71603 94397 9599
84086 90914 9301
86516 86484 9446
97332 76668 8407
94587 80413 8868
83127 89873 9467
81626 87374 9680
71481 95519 9525
84048 81952 9692
63936 102064 8661
88888 83112 9431
75863 84137 9853
96916 72084 8858
93352 78648 9163
96034 78966 8628
91451 80549 9297
75060 89940 9761
66763 99237 9251
98152 71848 8657
69977 99023 9238
100016 64984 8249
67934 101066 8796
64814 101186 8952
71730 98270 9272
71769 93231 9661
79961 89039 9679
79929 92071 9507
58050 102950 8240
88818 79182 9505
64325 100675 9053
96781 77219 8634
78507 88493 9746
90675 78325 9404
72651 99349 8996
61551 102449 8558
81474 90526 9531
71497 96503 9448
87350 80650 9565
89349 77651 9484
97729 74271 8660
93592 80408 9065
68405 98595 9309
88237 87763 9155
83103 87897 9588
70897 96103 9491
70745 100255 8850
81739 81261 9764
60269 102731 8374
93857 75143 9185
74541 92459 9657
98354 69646 8662
82601 92399 9282
72105 99895 8787
73385 98615 9149
69991 94009 9636
92150 79850 9253
100561 62439 7690
76024 91976 9649
68161 99839 9150
100558 62442 7786
89881 78119 9453
74448 90552 9745
83752 82248 9700
83724 78276 9711
98567 69433 8620
63803 102197 8559
70755 98245 9304
94807 80193 8839
78797 87203 9773
87776 87224 9273
91823 85177 8821
68392 97608 9401
73582 95418 9483
62542 102458 8445
89996 83004 9342
65062 101938 8616
92031 82969 9101
94419 76581 9096
82946 89054 9535
100394 63606 7992
73121 93879 9605
94759 81241 8686
90484 85516 9084
70872 93128 9672
100008 66992 8217
97525 71475 8775
80235 86765 9745
75411 95589 9412
83344 90656 9389
67565 99435 9221
62584 102416 8500
71454 97546 9356
87342 89658 9010
78244 92756 9530
85772 82228 9620
74222 87778 9824
100475 63525 7839
70044 91956 9717
70443 100557 8653
84843 89157 9395
75747 97253 9221
59100 102900 8204
91050 81950 9288
83603 83397 9694
89815 84185 9287
77890 88110 9771
69770 95230 9566
80637 88363 9682
81266 94734 9104
68240 97760 9388
67013 100987 8930
82311 85689 9705
95381 76619 8979
83849 88151 9534
93072 73928 9256
68946 101054 8476
75496 84504 9853
75534 98466 8932
87013 79987 9585
82337 86663 9675
92411 82589 9077
81598 91402 9457
98584 70416 8598
82265 92735 9276
59233 102767 8381
84101 91899 9181
68949 101051 8630
82424 82576 9739
69046 95954 9523
81474 94526 9112
84156 86844 9578
100102 66898 8148
90264 81736 9364
92983 84017 8696
77950 83050 9837
84471 92529 8996
73823 84177 9863
86728 90272 9012
84879 82121 9657
94557 79443 8972
68543 94457 9614
100634 61366 7772
80267 87733 9720
81115 81885 9778
64041 100959 9002
93619 77381 9164
95435 75565 8999
79476 91524 9565
77460 84540 9833
94959 72041 9091
71666 99334 9096
81708 90292 9532
99935 67065 8261
76691 89309 9758
97438 72562 8771
90344 83656 9263
72543 87457 9838
71543 92457 9697
57028 102972 8242
80371 92629 9439
75926 98074 9053
77102 89898 9723
54878 103122 7947
99302 67698 8478
88136 77864 9543
86949 81051 9580
63726 102274 8472
75595 88405 9799
90680 76320 9417
72052 96948 9396
94720 78280 9014
94832 75168 9081
65009 100991 8991
89619 77381 9471
76988 97012 9174
87949 79051 9547
65564 100436 9091
69119 98881 9272
77051 81949 9848
89855 80145 9434
73854 98146 9206
93168 75832 9240
96511 77489 8704
66230 98770 9300
77341 96659 9203
92349 81651 9156
99575 68425 8376
74409 98591 9067
98625 73375 8285
82938 87062 9633
71950 89050 9810
69544 100456 8900
77421 96579 9209
70186 96814 9447
91070 79930 9344
93248 83752 8618
69350 99650 9154
85165 83835 9621
78844 90156 9663
66944 99056 9271
81353 80647 9774
76367 87633 9806
83974 87026 9580
67583 101417 8555
81395 94605 9109
89825 79175 9448
70044 99956 9030
65607 101393 8866
85719 90281 9187
77618 91382 9638
99560 65440 8402
62678 102322 8572
87391 83609 9513
78905 95095 9290
97791 75209 8508
66233 101767 8541
78220 85780 9810
94345 81655 8751
87441 90559 8640
97230 76770 8471
63775 102225 8528
90143 87857 8553
73845 94155 9572
79806 90194 9629
89334 87666 8967
94785 74215 9100
65438 101562 8804
71692 91308 9740
72389 85611 9855
75942 93058 9587
93385 83615 8514
99463 70537 8307
73672 99328 8824
84467 79533 9687
66713 98287 9345
70515 92485 9698
69333 100667 8835
78473 86527 9796
74996 91004 9720
69697 99303 9203
62522 102478 8389
92331 80669 9206
82327 93673 9142
79634 96366 8784
93198 83802 8652
71946 100054 8579
99021 71979 8384
80672 93328 9351
93173 76827 9221
96220 78780 8570
68522 96478 9490
85236 81764 9646
68674 99326 9223
80268 85732 9765
86165 87835 9388
82802 83198 9722
70521 100479 8733
88121 80879 9526
95192 80808 8588
73324 95676 9469
70693 99307 9163
58088 102912 8287
74692 95308 9460
79882 87118 9747
98480 73520 8455
82221 94779 8852
79880 96120 8987
98662 68338 8609
89771 85229 9208
84784 91216 9189
78947 91053 9616
69456 98544 9303
75061 97939 9158
96089 69911 8972
99623 66377 8382
77195 90805 9679
80269 88731 9681
85618 84382 9590
100001 67999 8082
93886 82114 8809
80478 93522 9346
71774 95226 9541
100248 65752 8041
97859 75141 8475
73255 85745 9853
87893 85107 9416
77787 97213 9064
75318 98682 8778
95103 78897 8912
96022 72978 8975
78875 96125 9162
82204 89796 9534
67535 100465 9044
75559 87441 9819
84746 80254 9675
76757 97243 9152
93282 81718 9004
