34020 49263 32072
36648 47184 32525
32488 44772 40147
36591 45832 36425
33249 42733 40697
33564 48019 36582
35770 47138 35909
31794 42038 41402
34350 40218 40412
36603 41241 38248
34290 47309 37164
38165 41887 35501
32645 47194 37804
32407 41900 41239
38031 44778 34461
34647 46521 37778
39250 39920 28674
38533 41616 34555
32792 45507 39542
36464 46480 35614
37272 44965 36186
33808 45629 39205
38451 42362 34619
36630 46787 34631
39248 39594 29886
33918 48679 34930
31735 49921 30432
34836 46075 38045
33859 49366 31607
38318 43546 34559
32641 43205 40882
39193 39543 30696
31910 44376 40424
34603 48598 34279
36949 44440 37069
37608 43520 36677
33337 43137 40562
36378 46468 35822
33944 44757 39615
35362 47308 36258
37548 44068 36365
34099 46445 38275
38278 44716 33571
33386 49207 34006
38722 42920 33121
37577 43035 36750
28527 39472 41876
32136 49861 30659
31534 45483 39636
32687 49264 34055
37783 42176 36372
34505 45405 38818
33189 46310 38710
35887 45106 37835
33026 47312 37631
32974 49699 31961
33404 41353 40852
39051 41864 31845
32694 40151 41225
33577 48378 35858
37897 44314 35392
31351 42866 41256
35343 46989 36642
33372 42362 40703
37068 41751 37548
33478 49592 31907
32070 45998 39178
36466 44947 37330
37103 45773 35421
37332 44417 36498
31399 44644 40245
31611 49813 31862
33263 40898 40976
33602 43673 40214
37281 45266 35798
34098 40695 40557
35786 44801 38117
34831 48099 35652
33512 40721 40879
35540 46801 36635
34609 48917 31942
33645 48550 35464
32055 41355 41428
32515 41268 41266
34116 40789 40545
35167 46428 37447
38641 43908 31857
35097 40735 39942
34614 48895 32137
33909 49101 33528
30249 39991 41852
39013 40860 32469
32699 49082 34495
33270 46884 38038
38569 44148 31732
35161 48233 34240
37576 46047 32217
37519 42359 36866
37300 46201 33462
36931 45897 35601
32100 41893 41357
35726 45349 37805
35414 41851 39493
35616 45805 37557
34385 48818 33856
34540 47136 37206
37090 43658 37368
34989 46935 37070
34640 44726 39149
33061 45075 39821
35106 45190 38473
36252 47158 34861
36099 47578 34025
39197 40246 30640
39080 41838 31600
36345 43248 38326
35986 43164 38707
38109 45006 33408
38769 42902 32876
31007 40132 41704
38817 43197 31386
33543 40486 40871
31631 41304 41537
32065 42427 41243
31249 43294 41095
32892 49507 33140
39189 40788 29466
30180 41513 41610
36258 42653 38591
38489 41444 34717
30929 40540 41711
35309 45517 38054
34862 41985 39939
34376 48103 35947
32046 40679 41446
38738 43424 32319
37745 45757 32380
36576 46981 34073
34133 41484 40454
37125 46607 32749
32703 40827 41207
32744 48352 36002
36974 46297 34803
31276 49893 30897
37501 41483 36908
34674 48785 32869
32725 39916 41217
35869 48012 32641
35150 45362 38311
32055 45396 39687
32231 46872 38233
33324 48707 35242
33499 48337 35971
35696 44122 38609
39246 40112 29825
37661 44999 35225
38913 42753 29852
35421 48335 32682
32809 48034 36613
39088 41308 31641
32471 49781 31624
36661 41917 38132
32270 49725 32684
34694 47597 36470
38799 42117 33256
34423 44075 39567
30623 40685 41756
36195 45646 37052
33945 42665 40377
34961 47924 35806
32708 41421 41172
38126 41307 35643
32676 42430 41023
38361 42467 34884
35153 43527 39305
38177 44949 31604
38626 43727 32960
36526 44399 37642
35325 48366 33076
38833 43191 30857
35973 43361 38661
29788 39337 41863
34742 47204 36987
