17789 15921 19261
14760 18344 15986
20552 14663 15164
19622 16374 16801
18187 17303 17909
19275 15315 17940
16923 17125 18975
19565 16657 15462
20239 14577 16163
18923 15567 18347
19080 16495 17938
18278 17597 16389
17785 17831 16857
20629 14461 13896
18625 17335 16298
19012 16325 18076
20655 13834 14407
19804 15783 17219
15877 16041 19645
17837 17132 18776
16044 18180 17263
16835 18003 17582
19220 16029 17925
20572 14655 14726
18004 16206 19088
20664 13943 13905
20104 16136 15650
17342 17620 18281
19341 16798 16003
17186 18158 15557
17079 17504 18579
18169 16888 18807
18680 17069 17441
16738 15728 19814
16648 18282 15758
20507 14902 14491
18379 14913 18827
20272 15745 15339
17884 17718 17413
18344 16579 18707
17796 16502 19239
17678 17940 16247
17731 17388 18437
18526 17448 15742
16198 18281 16876
19507 15321 17641
20648 14098 14253
16625 17597 18601
16380 17960 17881
19596 16079 17370
18715 15863 18498
16890 18233 16182
17235 18016 16872
20320 15086 15902
17997 15625 19110
18377 17484 16945
19319 16789 16305
17361 15871 19518
15166 14375 20064
19226 16749 16862
16850 18255 15616
17534 17547 18280
15439 14333 20045
17109 17899 17635
19936 15049 16964
20698 13132 13362
