72545 63455 7357
54466 77534 7164
80078 53922 6654
68634 64366 7507
56727 79273 6561
53850 80150 6449
67255 73745 6903
66644 65356 7563
71767 63233 7395
49530 80470 6672
66933 65067 7558
76249 61751 7098
65957 70043 7467
61661 77339 6699
53700 78300 7059
77498 58502 7041
66478 72522 7246
57954 76046 7295
79258 55742 6813
78239 56761 6977
76025 59975 7176
61503 69497 7599
58914 68086 7639
59315 74685 7390
81459 46541 6323
62887 68113 7606
46700 81300 6220
60327 67673 7642
77151 61849 6714
81372 46628 6357
47996 81004 6476
45678 81322 6239
65650 72350 7330
66975 74025 6863
81083 50917 6197
52642 80358 6584
57467 73533 7496
64959 75041 6977
66733 73267 7109
52198 78802 6985
64636 70364 7498
60046 64954 7659
70610 63390 7441
58347 78653 6654
66002 70998 7415
71282 65718 7378
69182 67818 7415
60075 65925 7656
50895 80105 6751
48933 81067 6384
68448 72552 7005
58362 77638 7037
62374 76626 6902
78956 56044 6864
58868 70132 7604
81918 45082 5997
63593 71407 7481
58169 77831 7002
67365 71635 7279
78560 58440 6821
60900 64100 7654
75448 64552 6921
61669 72331 7486
55359 79641 6615
77208 60792 6980
49716 80284 6717
65119 64881 7596
80707 50293 6565
77847 59153 6946
47884 81116 6415
61415 66585 7645
67203 66797 7521
54023 78977 6931
77237 59763 7035
75072 59928 7247
56969 72031 7557
64986 71014 7454
59685 77315 7022
63759 76241 6744
56804 77196 7173
63810 71190 7486
51381 80619 6552
77546 60454 6917
54998 79002 6889
67360 68640 7468
55674 78326 7011
76989 61011 7018
54413 78587 6994
61621 77379 6680
72997 62003 7348
66266 65734 7569
49935 80065 6764
55560 79440 6712
81284 47716 6385
56703 78297 6979
53929 80071 6568
62156 69844 7579
61853 67147 7635
71321 66679 7348
60839 77161 6932
78402 57598 6915
66647 74353 6775
48529 80471 6673
73475 66525 7151
53107 79893 6728
56143 78857 6864
68415 71585 7193
78111 57889 6962
79524 53476 6816
61839 70161 7576
60187 69813 7609
63895 76105 6781
65146 68854 7541
81594 47406 6218
47797 81203 6297
60098 72902 7494
75291 61709 7205
81396 46604 6348
80006 52994 6719
58345 78655 6653
80412 51588 6638
60661 71339 7554
67853 69147 7427
82051 43949 5876
63344 64656 7628
64532 66468 7598
58905 77095 7111
51320 80680 6485
58169 78831 6465
55411 75589 7362
68197 70803 7301
52551 80449 6406
59940 69060 7625
57801 71199 7579
82149 40851 5715
65005 73995 7174
62674 65326 7637
59324 64676 7663
58432 72568 7536
75866 64134 6770
69254 70746 7218
55460 77540 7155
51872 79128 6931
79892 54108 6712
67495 65505 7535
65332 70668 7460
64002 72998 7357
57843 73157 7513
76906 59094 7104
55787 77213 7192
63283 71717 7473
73161 64839 7290
54343 76657 7266
73367 67633 6764
58625 78375 6775
53158 79842 6742
57382 71618 7569
76842 62158 6893
71607 69393 7027
50335 79665 6844
81660 46340 6222
73716 63284 7295
76141 58859 7174
65140 72860 7308
52559 80441 6441
73888 64112 7262
62947 67053 7623
62501 71499 7508
45664 81336 6207
76090 62910 7039
80887 51113 6439
60651 73349 7455
81654 47346 6039
77563 57437 7055
71692 65308 7366
77039 61961 6843
59841 71159 7574
62199 76801 6858
63261 75739 7029
70014 65986 7432
78039 56961 7002
82121 41879 5820
77744 55256 7039
61151 74849 7311
65924 73076 7221
44646 81354 6158
59688 73312 7479
66944 67056 7525
79421 53579 6833
61129 69871 7596
55653 79347 6749
67660 70340 7372
63749 68251 7586
48888 81112 6322
79533 56467 6648
71228 64772 7400
55309 79691 6580
57662 72338 7547
53336 78664 7002
63663 76337 6599
72650 61350 7364
66657 70343 7423
65446 65554 7589
56535 77465 7142
81576 46424 6276
77429 59571 7013
80061 54939 6529
60368 71632 7547
60798 68202 7631
72969 68031 6924
72706 68294 6961
61560 77440 6578
60141 73859 7433
73347 67653 6791
60634 76366 7122
79054 53946 6882
78041 59959 6793
59091 70909 7585
61319 75681 7187
71594 67406 7304
55647 75353 7380
68786 69214 7378
62690 76310 6962
56096 76904 7226
74378 61622 7279
63124 65876 7628
55261 79739 6441
69536 63464 7479
75745 59255 7203
71900 68100 7230
63725 70275 7530
81032 47968 6480
69255 67745 7414
60350 77650 6820
81443 48557 6255
77114 58886 7082
54024 79976 6615
66628 74372 6752
73948 66052 7116
75067 64933 6985
76247 57753 7167
63636 72364 7421
59804 78196 6622
49131 80869 6535
78003 55997 7011
56797 79203 6628
55253 79747 6366
78319 58681 6867
77917 56083 7021
53576 79424 6850
56116 77884 7084
66531 68469 7505
62129 67871 7622
71189 69811 7040
48091 80909 6523
55051 76949 7230
76699 62301 6928
53145 78855 6969
59349 64651 7663
67560 73440 6932
75527 63473 7115
53982 78018 7099
58878 74122 7445
72486 64514 7342
71555 66445 7342
54116 79884 6655
56464 76536 7263
73289 62711 7327
80236 53764 6595
76704 58296 7130
68504 67496 7453
65430 67570 7560
59009 71991 7552
75316 64684 6946
51259 80741 6369
79205 56795 6756
74051 61949 7296
78844 58156 6730
49243 80757 6596
48887 81113 6263
55005 77995 7089
61054 63946 7653
57274 71726 7566
74310 62690 7268
58381 75619 7330
60876 65124 7654
59751 78249 6523
52637 78363 7052
64869 67131 7581
62577 69423 7582
59115 65885 7659
59506 76494 7174
76460 62540 6977
79175 56825 6765
62812 69188 7583
81532 47468 6274
50035 80965 6397
57167 78833 6790
70453 69547 7239
58308 71692 7565
81732 45268 6189
79095 54905 6875
69984 64016 7460
59206 66794 7653
81300 49700 6206
72085 66915 7291
82132 40868 5840
64174 73826 7256
59316 77684 6947
81799 46201 6048
57257 74743 7425
78834 54166 6910
79030 57970 6664
81487 48513 6140
67408 72592 7146
70725 67275 7360
73539 64461 7276
51469 79531 6863
61030 64970 7653
80447 53553 6423
60330 76670 7091
64388 75612 6910
65380 65620 7590
77047 57953 7101
67867 67133 7489
56078 75922 7334
61552 76448 7037
64089 65911 7612
65429 74571 7021
56764 79236 6611
73959 65041 7217
57258 77742 7078
80364 52636 6610
66685 69315 7472
58575 64425 7664
60610 75390 7270
68635 72365 7017
56589 74411 7449
57278 73722 7487
76746 57254 7131
58433 74567 7419
69204 69796 7320
45660 81340 6175
80455 50545 6632
72526 67474 7207
65941 67059 7557
68718 68282 7421
56843 76157 7300
81218 47782 6411
63956 70044 7533
53363 77637 7157
58041 69959 7608
61214 71786 7525
76057 61943 7115
82073 42927 5907
58747 73253 7497
58283 74717 7410
52041 79959 6765
59128 74872 7378
64183 64817 7614
65127 69873 7502
63779 72221 7425
67251 67749 7497
62761 72239 7459
80978 51022 6372
62092 74908 7247
60769 73231 7460
81150 49850 6379
78189 59811 6679
68522 64478 7510
78905 57095 6827
77837 58163 7001
72393 62607 7372
62286 70714 7552
55295 76705 7257
81650 47350 6150
78987 58013 6683
75691 64309 6852
57493 74507 7443
64468 71532 7443
80619 52381 6500
56213 78787 6879
81928 44072 6069
76482 60518 7115
80261 53739 6579
75805 63195 7084
66546 73454 7097
57377 76623 7239
81773 46227 6091
67909 66091 7509
62230 75770 7108
59473 72527 7523
66482 71518 7352
72308 68692 7002
65490 66510 7577
63237 67763 7605
71001 62999 7428
61454 73546 7419
70528 70472 7052
75414 61586 7197
69696 68304 7376
56722 73278 7509
82109 41891 5888
79438 54562 6813
58024 73976 7467
81808 46192 5994
67598 64402 7539
69513 64487 7474
80733 51267 6517
70073 64927 7447
60585 64415 7656
63515 74485 7210
50390 80610 6614
75884 59116 7193
64343 70657 7494
58206 78794 6515
50080 80920 6459
70844 69156 7237
75275 62725 7179
51476 80524 6599
56674 79326 6442
52785 80215 6638
72718 66282 7272
80963 49037 6493
59206 77794 6922
54549 79451 6790
70237 68763 7317
63329 72671 7412
79630 56370 6517
78609 55391 6937
56979 79021 6717
59787 75213 7326
52357 79643 6831
79920 53080 6742
50637 80363 6682
75966 61034 7161
74300 64700 7201
53720 77280 7198
60382 72618 7503
58402 76598 7215
61582 65418 7649
64154 71846 7435
63631 69369 7563
60360 74640 7361
51275 80725 6423
79798 55202 6676
58549 78451 6745
61094 76906 6976
82156 38844 5730
77762 60238 6868
64439 72561 7376
69380 66620 7441
66783 74217 6823
54213 79787 6695
80452 52548 6583
57317 78683 6838
58968 78032 6865
72551 65449 7312
82148 40852 5733
82153 39847 5693
55351 78649 6955
57156 72844 7530
76737 60263 7090
72803 67197 7195
67822 71178 7293
54724 79276 6829
78131 59869 6739
51681 79319 6899
75245 60755 7229
70786 68214 7315
66532 67468 7531
65271 71729 7398
52822 79178 6913
69995 71005 7055
73986 61014 7304
59050 75950 7272
57742 77258 7143
55501 76499 7278
63532 65468 7623
58022 72978 7521
80074 54926 6485
60781 66219 7651
81725 46275 6159
82014 43986 5951
81389 47611 6342
74451 65549 7059
62562 68438 7605
52582 80418 6503
80993 50007 6455
79462 55538 6767
62865 74135 7302
