70900 89405 86705
75625 75854 94492
73782 91078 81052
85535 81905 86288
83586 85897 83148
80000 88514 82769
83631 82129 88700
76760 82658 92610
85068 84776 79643
78558 89258 82696
82296 86484 84567
76173 90116 83073
82909 86022 84584
89089 76691 81220
85058 84663 81248
89490 75281 79233
80965 83876 89744
86769 81467 84038
72779 76840 94848
75285 83938 92154
84049 82198 88175
88344 78245 83198
77755 84757 90861
89496 74625 80009
86858 81750 83199
87764 75177 85410
78805 78892 93056
80971 81942 90853
74405 84641 91767
70265 91641 79945
82185 78435 91106
89135 76030 81566
73328 90549 83959
79877 88850 80237
82745 85034 86568
87199 75157 86298
87790 80512 81988
88996 73399 82600
72163 88746 87728
86806 82344 80103
87449 79357 84768
86174 82649 83624
87550 80048 83907
85897 77578 87956
89751 72990 78824
83634 76302 90288
74872 88506 87631
80882 87626 84111
82166 79683 90846
73229 89068 87099
76308 90379 80925
86661 75593 87063
72771 81002 93840
82349 86129 85186
80372 83037 90725
82857 86898 80707
71887 85897 90836
81302 79041 91569
82976 81568 89575
77276 89503 83959
74560 82550 93134
82324 80096 90636
82963 75707 90838
89382 75025 80589
85862 81335 86287
79931 87823 85055
85632 84029 80555
85537 77297 88495
70869 71958 95334
86694 82354 82125
83991 78624 89731
88698 75022 83393
87549 76045 85703
87471 73845 85915
72139 91265 81525
88068 74117 84910
74373 91120 77500
85572 83966 81875
75721 90550 81376
73378 81182 93766
76663 88069 87632
68820 70845 95371
75921 85848 90449
84451 83211 86655
81019 79985 91537
75998 78078 94111
76739 84556 91373
88113 79911 81811
78754 89309 81764
82983 80067 90201
80917 88167 81252
84618 82457 87197
76752 83740 91977
88785 74098 83273
78358 88552 85368
85777 76274 88248
89083 74585 82210
70866 91725 78427
84607 78262 89260
79462 89055 80567
78195 89210 83689
86029 80419 86749
89804 73504 77805
74786 82596 93074
74394 76533 94656
74572 91068 79176
73103 79054 94454
80567 88493 79948
82101 87322 81782
76197 90443 80431
77538 82594 92361
73448 91305 78598
76350 88736 86660
68288 91833 77651
80051 77162 92693
80055 88037 84323
78388 82398 92097
81735 87348 83088
83188 82110 89106
82192 81959 89991
86060 81284 85968
82543 83517 88735
85555 81330 86866
87090 81820 81633
74751 83022 92863
80512 88195 82809
76406 89406 85141
82397 87183 81259
80500 75518 92524
84881 75671 89224
77532 76873 93883
86470 78568 86972
78385 81390 92564
83998 76025 90013
73204 86887 89932
74467 90340 83934
87800 77561 85024
89639 71513 79788
77669 82680 92264
84587 85064 82445
69924 91329 82166
83965 77884 89868
76315 86376 89854
73227 87324 89448
71735 74326 95200
79165 83196 91299
83980 84466 85596
82996 82276 89184
80384 79239 92106
84729 83143 86250
84824 85033 80321
76198 82275 92943
72621 77340 94796
76225 90494 78458
83790 86133 80796
89299 76334 79304
73843 77046 94685
79521 88159 84820
74315 80586 93918
75819 89120 86306
75748 81486 93384
79042 84571 90411
76005 85056 91145
79586 86542 87835
79385 88074 85228
77625 88790 85615
72363 90820 83420
70363 71572 95346
74280 79629 94201
75366 80243 93851
87659 80543 82819
74208 91030 80704
75624 76260 94442
86031 75230 87951
89111 76447 81348
85670 83686 82596
78021 79830 93151
81426 87753 82011
84369 82970 87053
84532 76397 89537
79728 83830 90595
75058 74351 94764
78903 81072 92446
80019 88790 79892
88920 77500 81419
78155 88054 86587
70796 91018 83168
77274 84203 91528
89163 76272 81133
75263 76831 94447
85067 83301 85369
81742 87738 79701
80552 84737 89362
75685 82718 92854
73942 89756 85849
85469 82898 85059
87876 80446 81439
78083 84088 91244
78427 88971 84250
83150 86748 79558
83031 86754 80921
85999 76091 87978
81937 75700 91563
75325 87122 89337
75658 81476 93410
88135 77795 84023
76308 82427 92852
72682 73997 95152
75905 86712 89619
84914 81827 87328
71794 73988 95227
73965 90390 84132
73363 91324 77354
70836 73668 95291
72706 90622 83997
79133 88137 85387
86505 82505 82583
84775 75524 89330
86304 81062 85717
77188 88706 86156
73405 78954 94461
78238 74723 93692
88618 78148 82350
83210 84630 86569
83361 84591 86409
82042 87531 78723
71781 90675 84104
71786 72489 95268
72311 91365 80783
86666 80449 85641
77716 88389 86349
72039 89163 87096
84835 77406 89191
70993 90458 84718
70837 73041 95312
81277 86582 85842
76202 82583 92801
72741 85380 91256
88909 77870 80401
87986 79796 82740
89745 70998 79054
86605 81712 84087
73067 90793 83126
70513 91762 76527
75684 84927 91312
81680 87179 83811
84915 77674 89090
88410 74382 84181
82258 87044 82798
81543 83946 89244
73147 73654 95110
89544 74620 79561
84045 78152 89767
72946 91399 77801
85317 83481 84434
72096 87911 88803
82120 79489 90923
81477 76344 91862
75142 90550 82505
76414 90376 80149
73457 73593 95074
86897 74081 86781
77428 78820 93590
72491 84472 91968
85207 78202 88659
74903 90079 84500
79569 80115 92340
74397 81198 93706
78637 79392 93023
78121 75672 93739
84774 81116 88010
79192 81951 91928
79718 88719 82482
75690 75790 94485
84789 84821 82529
84923 79028 88752
74221 75663 94782
87404 81159 82258
89306 74151 81567
78654 89477 80511
74590 79084 94250
75852 90599 79796
83395 86521 79842
89640 71706 79779
67891 91887 76277
88215 76071 84468
81729 87675 80744
86886 78781 86168
79009 87468 86867
74155 91143 79623
85498 82364 85832
73704 80868 93865
82257 82652 89583
73544 80387 94043
74393 76939 94606
75647 78704 94090
72078 91165 82167
87565 80227 83602
86346 81423 85209
73544 91284 78846
83550 76408 90347
73669 88757 87512
88407 77398 83468
77702 86407 89322
75220 84980 91352
71336 91354 81530
75236 82806 92896
89212 76433 80602
85480 76034 88620
87399 76632 85881
86426 80204 86242
87219 79676 85047
73287 89419 86519
82934 82716 88964
86436 82571 82710
78090 88979 84603
82242 87237 81692
69590 71698 95361
74512 89723 85707
74845 81794 93460
70062 70886 95355
75686 84327 91788
80047 88802 78968
71671 90390 84864
81309 75654 92005
77202 88996 85492
84115 83044 87319
81681 78013 91535
75350 89600 85553
86126 79792 86942
79936 88745 81277
74868 86148 90443
83684 84985 85180
83571 77046 90280
72451 76200 94978
74510 79983 94067
84195 76931 89784
84467 78057 89424
77436 88746 85867
82690 84174 87898
85966 83564 81199
75957 90056 83529
76612 85180 90873
75230 90722 81082
83712 80518 89409
89710 71738 79280
88083 75978 84784
86780 81274 84338
69999 91562 80817
72030 91118 82385
86299 82582 83284
74797 86861 89736
73981 86461 90248
79148 78943 92901
75266 90230 83632
72187 79077 94453
72465 75675 95049
85745 77255 88223
76800 80863 93311
84079 83831 86413
79235 89200 79955
75246 77643 94345
77757 89881 79693
84503 84312 84767
82829 76757 90896
87599 77534 85408
72156 74252 95191
83094 83349 88257
79936 87613 85506
85457 77029 88596
82981 86560 82672
85233 79977 88044
69966 91468 81456
80887 82960 90455
87176 80399 84597
83545 85813 83584
84859 80480 88267
82590 83207 88942
77213 86121 89844
76754 78498 93848
71341 72347 95307
70395 72982 95329
80355 85369 88810
76385 87987 87885
88961 77695 80186
84023 85811 81533
69543 91669 79846
75928 90480 81417
80620 81152 91407
77747 88231 86631
84350 78691 89408
83801 83899 86818
79094 89049 82435
78799 89476 78801
84740 76512 89342
81130 87857 82612
79786 88504 83469
77152 89823 82832
82313 87342 79937
83435 78501 90191
78408 83106 91706
74660 87203 89382
83605 84303 86496
71976 91513 79695
89161 73621 82064
77224 90107 79462
88333 76985 83917
76118 76682 94276
79829 81824 91622
87937 79482 83408
85941 78101 87796
85365 80961 87385
72312 78083 94701
73219 91292 80138
87212 78100 85907
76317 86515 89721
76726 87214 88794
89806 70753 78587
85803 82013 85653
72341 78718 94545
89835 72893 77059
88434 79371 81169
82127 80741 90576
72517 90578 84249
89525 72506 80481
84377 84916 83837
76004 75205 94459
83820 86128 79241
81689 80462 90952
85907 82061 85360
88598 76345 83397
71303 89260 86951
75262 87533 88877
75023 86103 90459
86518 76691 87212
82345 86769 83672
71432 71783 95302
73136 74736 95065
83067 84662 86724
74537 78472 94354
89170 76954 79388
87242 76879 86101
79145 82488 91690
85151 83620 84574
75139 76292 94537
76874 79738 93567
81401 75012 91949
78945 89282 81112
80104 88322 83428
87344 81450 80932
73802 89285 86659
80586 88301 81842
77744 83191 91967
76038 89100 86178
77836 76049 93841
85734 80515 87116
81310 85908 86990
75821 88734 86973
76934 75659 94153
87757 80700 81321
84263 75307 89814
71766 90949 83139
86901 79756 85629
78440 89106 83663
88680 78639 80784
80648 86752 86323
76188 79944 93723
79163 85167 89848
76038 74355 94506
71933 73320 95251
86599 82576 81590
86675 81151 84821
71378 76430 94983
74316 90644 83011
71164 91194 82375
73790 82135 93380
85768 78239 87979
89210 76831 78468
84417 83989 85532
77616 79785 93320
73694 90990 81812
83698 83119 87766
81033 85156 88464
73917 88124 88377
89850 71835 77790
76188 87332 88825
78033 83790 91489
71812 86929 89914
77626 87114 88529
85563 83214 84276
85881 80063 87144
88471 75267 84002
83683 83742 87155
78198 89523 82028
71575 91462 80638
88452 72851 84100
70045 91749 78685
85239 83937 83648
71919 86991 89848
74170 81259 93704
85934 78758 87604
82650 84737 87171
77542 77651 93780
87231 74296 86271
73948 82131 93375
75791 87779 88376
87010 81167 83824
75627 88523 87389
85312 83981 83240
84269 84781 84427
76780 79238 93711
85734 83315 83603
77549 89823 81814
68681 91614 80368
86385 82994 80596
79419 87132 87102
77323 74947 94049
88986 76729 81752
84012 77762 89846
83932 77494 89947
71016 71735 95327
75313 83405 92530
76271 90212 82325
86971 81682 82880
72117 91535 77880
69010 91766 78737
73255 81801 93534
79803 76204 92937
89872 71991 77176
86745 80479 85467
70833 90676 84121
84832 84780 82484
82814 82950 88918
82398 76321 91219
83692 85955 82574
72876 91209 81235
70943 90883 83545
87959 73488 85123
76211 79452 93824
83429 86391 81612
81186 88057 80517
69472 91659 79971
79323 89163 79751
78316 87402 87603
73837 90047 85346
88219 79916 80642
89310 76269 79438
70933 77066 94898
82429 84856 87277
74692 87084 89516
87375 78944 85217
73879 78568 94456
74779 88091 88258
72949 77980 94666
74550 80478 93923
78043 84283 91119
79566 77406 92970
85177 82760 85916
83576 82565 88448
74169 88885 87207
84819 82843 86510
77330 81522 92887
83431 83454 87761
88586 78788 81794
74974 89132 86651
75612 89190 86265
81939 85738 86509
79378 88979 81811
71945 90038 85631
81694 86544 85331
87565 81079 80845
88353 72925 84340
68906 91424 81719
88729 78556 79239
84773 85151 78750
84475 79411 89086
79688 88909 80976
75186 74733 94705
88048 78480 83875
83158 81010 89662
76469 77790 94040
77216 87450 88294
76388 89520 84848
85972 81840 85515
74172 73566 94953
72917 80603 93987
86721 82485 80699
70006 91037 83138
85488 83582 83761
86746 77481 86764
74401 77316 94551
89420 73751 80987
85871 76838 88093
83884 79709 89567
75341 88418 87633
74299 88289 88071
76653 88853 86247
87069 75928 86442
73365 77947 94618
80025 84682 89744
87306 81513 81297
87266 77628 85943
78039 86141 89435
85604 84144 78820
83241 84006 87420
82422 80332 90504
89471 75412 77837
80649 88370 80923
73010 89526 86381
78726 87066 87838
80619 87219 85451
77668 80809 93036
77083 75235 94126
79369 88579 83916
80803 75310 92335
69594 91458 81525
75371 82076 93229
68165 91716 79452
71294 91215 82240
71891 77386 94834
72845 73151 95165
77966 88010 86839
86263 83085 81487
82195 87106 82702
80465 87701 84558
69464 70600 95364
78752 76066 93473
84869 83864 84768
89678 74228 78640
81964 81865 90206
80731 87345 85014
77666 89766 81886
70182 91528 81000
82035 82325 89930
72452 87771 88976
71371 75647 95088
72425 86182 90602
70050 91781 78143
84591 85355 79584
84498 76955 89529
82168 77274 91303
76098 83481 92323
70888 74643 95192
73610 85296 91309
85526 75183 88571
72097 91350 81034
73031 91380 79045
80249 86508 87210
73478 90930 82268
84059 80652 89028
73546 87738 88952
73286 83817 92426
89662 74359 77766
73818 90507 83836
79076 77884 93106
76358 75404 94351
74085 89142 86833
80507 88430 81268
86301 81568 85127
77136 86878 89029
84222 80756 88818
85089 84230 83333
83605 81364 89143
81894 82976 89669
74223 81874 93468
88055 73370 84942
83933 81280 88883
89058 77414 77843
78456 77119 93493
79592 78146 92833
84764 84970 81641
76008 87112 89151
86326 82066 84249
82156 84296 88395
87980 73058 85093
80642 78098 92198
70880 74849 95171
69290 91794 78177
86964 75586 86620
77403 76284 93971
73106 79137 94432
84127 77169 89820
81890 76846 91537
73944 79886 94174
75304 90625 81823
67670 91895 75745
83874 76789 90058
88674 74273 83551
73509 83052 92882
82479 87017 82068
79783 79689 92332
81280 84189 89273
82619 78313 90820
75520 90624 81276
72736 91136 81806
85400 83374 84410
84425 85551 79591
79628 88899 81368
84954 84592 82711
77892 85579 90077
70871 91107 82802
69198 91848 77092
80476 76299 92527
73092 80041 94187
73629 90463 84088
87575 76785 85566
76189 88374 87421
87787 78769 84397
84260 77696 89650
77151 84729 91135
83039 85377 85599
79495 85893 88813
86100 83080 82607
