30189 31811 3241
25942 35058 3648
23817 35183 3751
27186 33814 3597
22711 34289 3791
31413 28587 3008
24870 34130 3724
25012 36988 3529
31195 29805 3029
22599 38401 3436
30699 29301 3214
29682 32318 3326
21257 38743 3397
24685 35315 3711
26699 36301 3348
21391 38609 3461
19205 38795 3477
23112 36888 3682
25338 35662 3661
28554 33446 3479
21011 34989 3788
28662 32338 3487
23466 37534 3576
20762 38238 3578
18014 38986 3422
28340 32660 3512
19481 37519 3685
20600 37400 3691
31532 27468 2972
17830 39170 3281
17875 39125 3376
25350 36650 3550
28813 34187 3291
24061 36939 3637
30839 29161 3182
21095 37905 3631
26564 34436 3630
21984 35016 3783
23142 37858 3527
20916 37084 3707
23927 35073 3750
25288 34712 3701
20259 38741 3462
29084 32916 3413
29294 33706 3161
22958 38042 3497
22324 35676 3757
31461 28539 2938
27105 34895 3544
27894 33106 3545
22734 37266 3657
29525 32475 3349
31207 28793 3081
24348 37652 3421
26691 33309 3635
20015 38985 3318
26819 35181 3556
28427 34573 3328
22660 36340 3728
30630 30370 3217
20085 37915 3650
25971 36029 3571
30531 31469 3103
30397 30603 3277
26271 35729 3578
24535 36465 3662
20457 36543 3738
20034 36966 3719
31647 26353 2754
18885 39115 3376
20986 36014 3756
28008 34992 3260
27511 35489 3363
28970 34030 3265
20884 38116 3602
19464 38536 3545
21537 37463 3678
27945 35055 3367
24352 37648 3434
30851 30149 3153
30981 30019 3114
22048 36952 3706
23859 34141 3763
27723 32277 3569
24500 37500 3475
18866 39134 3341
22504 37496 3637
30550 31450 3072
21603 38397 3520
28760 32240 3478
23740 36260 3715
29227 31773 3427
25896 33104 3688
31579 27421 2891
24415 37585 3454
21890 38110 3564
22169 37831 3602
25516 36484 3560
23041 34959 3772
29936 31064 3341
19024 38976 3422
28191 31809 3533
24850 35150 3710
23676 35324 3751
