45058 82942 6441
54495 78505 7065
64199 68801 7426
54561 69439 7555
61097 68903 7519
69182 62818 7212
59697 69303 7527
65848 62152 7471
60009 65991 7560
66828 68172 7232
54196 80804 6384
45409 83591 6029
65708 65292 7451
68318 60682 7316
69289 60711 7229
38693 84307 5919
59004 73996 7340
55677 70323 7537
72432 62568 6446
42951 84049 5921
56571 65429 7577
39929 84071 6084
73607 59393 6392
67273 67727 7201
51047 81953 6337
63448 68552 7466
53912 74088 7427
48822 81178 6804
57176 68824 7557
73816 57184 6531
49806 81194 6772
68541 69459 6659
55561 74439 7388
57567 68433 7560
53789 73211 7462
74665 56335 6102
58575 71425 7480
74585 51415 6369
48493 79507 7033
74812 54188 6221
73266 57734 6685
65749 70251 7209
73706 60294 5987
58981 71019 7488
74899 55101 6089
55460 72540 7477
51797 76203 7307
60256 71744 7440
44195 83805 6044
66126 63874 7450
70211 64789 6906
60210 67790 7546
48009 82991 5939
64453 62547 7509
67767 63233 7344
68284 66716 7123
52079 80921 6735
75569 50431 5814
73873 56127 6550
62115 74885 7046
61215 67785 7534
59438 73562 7359
39598 84402 5808
58027 77973 6964
54979 76021 7288
40843 84157 6019
73338 58662 6618
59611 75389 7190
73971 59029 6169
75134 49866 6161
54607 80393 6678
49172 79828 6998
61913 70087 7467
50267 81733 6563
52162 76838 7260
62245 70755 7428
62420 73580 7177
46443 82557 6509
40666 84334 5780
41206 83794 6205
75517 49483 5925
65548 63452 7476
48666 80334 6935
55916 67084 7573
45328 82672 6525
74787 56213 5916
74035 58965 6117
65121 67879 7412
41766 84234 5913
69528 66472 6887
45937 82063 6685
62397 64603 7544
74501 57499 5938
68375 68625 6893
59929 64071 7566
73029 56971 6752
73850 55150 6581
71010 60990 7028
54315 72685 7478
61148 75852 7004
75778 47222 5612
71083 59917 7041
56951 77049 7144
61418 76582 6744
57975 79025 6540
66093 65907 7416
58979 77021 7032
74544 55456 6300
74797 52203 6292
74041 53959 6532
45876 82124 6674
55571 68429 7569
62537 75463 6892
70326 60674 7121
72481 58519 6837
66225 69775 7186
58662 66338 7567
50807 79193 7061
74755 56245 6017
75376 52624 5750
67912 68088 7062
61652 66348 7544
54190 79810 6880
58486 67514 7562
54639 76361 7265
70340 62660 7054
56150 79850 6599
58741 78259 6812
52959 77041 7237
53706 73294 7459
61150 67850 7534
49958 80042 6966
74606 56394 6144
62950 67050 7514
74874 52126 6260
45491 82509 6570
73134 60866 6415
67899 70101 6763
61067 76933 6652
45717 83283 6239
75544 48456 5903
75197 53803 5877
57864 69136 7547
45553 83447 6169
53803 75197 7366
62025 70975 7425
56589 67411 7571
58733 70267 7515
75264 52736 5957
59587 76413 7067
58639 63361 7574
72064 59936 6884
73586 54414 6640
71154 61846 6960
65012 64988 7485
55017 78983 6987
49594 81406 6725
73718 58282 6486
68707 68293 6852
55949 80051 6445
67618 69382 6970
65817 64183 7463
67567 62433 7368
72027 62973 6577
61973 67027 7533
57180 71820 7484
57390 71610 7489
65293 72707 6930
55658 77342 7156
66128 62872 7454
57238 67762 7567
68640 61360 7285
42103 83897 6161
65153 61847 7490
52809 77191 7227
61613 68387 7520
53676 80324 6788
46970 82030 6669
60334 76666 6959
71921 63079 6608
70594 66406 6501
51332 76668 7274
70477 61523 7087
55031 71969 7499
58130 70870 7504
52530 73470 7455
75204 52796 6022
50863 82137 6179
54259 71741 7512
69661 59339 7193
66710 70290 7039
58694 75306 7248
55010 76990 7202
74376 53624 6435
64700 69300 7372
75064 50936 6191
64816 68184 7417
57118 75882 7248
75002 54998 5946
74978 51022 6227
45834 83166 6287
69602 63398 7128
49841 82159 6405
67975 67025 7152
64090 72910 7086
64695 65305 7492
58087 65913 7572
54871 78129 7098
51354 81646 6475
42801 83199 6410
54455 80545 6620
44845 83155 6367
59340 74660 7278
75509 50491 5907
70621 65379 6708
38532 84468 5741
72229 61771 6700
73893 57107 6502
71008 64992 6636
56370 78630 6972
55176 79824 6798
66553 63447 7429
47435 82565 6441
62786 71214 7382
48301 81699 6706
71812 64188 6395
54732 80268 6706
44434 83566 6203
75654 49346 5787
73925 59075 6203
39619 84381 5830
73259 59741 6535
70277 63723 6994
56404 66596 7574
64009 64991 7511
61746 76254 6809
56916 64084 7578
64014 71986 7207
73747 55253 6604
62668 69332 7469
44789 83211 6346
72441 60559 6761
75009 54991 5875
74519 56481 6203
64464 66536 7481
59903 77097 6934
40670 84330 5854
43883 83117 6426
56504 76496 7210
57346 69654 7542
56209 79791 6635
75133 53867 5964
70389 58611 7118
70840 65160 6668
74677 52323 6337
56832 74168 7386
56920 66080 7575
60699 68301 7533
68778 60222 7276
75491 51509 5697
61622 73378 7262
57445 78555 6900
73063 61937 6086
74076 58924 6070
62994 72006 7294
43220 83780 6178
49330 81670 6659
57244 76756 7164
52870 81130 6545
74623 52377 6356
57165 73835 7397
53450 70550 7538
48067 82933 6158
46644 83356 6028
43552 83448 6315
61956 68044 7520
54019 72981 7469
74008 56992 6458
75487 48513 5949
71032 65968 6172
72256 56744 6878
73278 60722 6350
57621 76379 7187
64212 72788 7088
64582 71418 7213
74842 53158 6262
74027 54973 6531
72883 59117 6731
42509 83491 6312
69597 62403 7172
48010 82990 6113
66095 68905 7279
59664 70336 7500
57825 64175 7576
55771 78229 7057
53523 74477 7411
56105 72895 7456
66871 65129 7386
55350 69650 7551
40732 84268 5915
66918 60082 7420
60631 71369 7448
44502 83498 6238
59810 69190 7528
47283 82717 6383
56014 75986 7268
53282 80718 6689
47597 82403 6495
41080 83920 6155
52993 74007 7433
52761 78239 7131
50207 80793 6844
67661 64339 7338
65403 71597 7099
56293 77707 7098
48085 81915 6653
73369 57631 6662
75587 50413 5698
74127 57873 6288
73579 60421 6148
74293 52707 6460
66821 67179 7314
60799 64201 7560
56426 78574 6979
62674 69326 7469
72635 57365 6818
69461 64539 7083
69951 65049 6942
46510 81490 6787
75669 49331 5641
73913 53087 6570
53531 80469 6756
64028 73972 6938
69226 67774 6787
51727 78273 7143
61247 66753 7546
62802 70198 7433
61859 69141 7494
65700 66300 7430
75797 45203 5468
55746 71254 7516
72163 61837 6711
75084 52916 6134
70983 66017 6291
58915 77085 7028
55061 73939 7425
73122 58878 6680
65340 70660 7216
61343 69657 7493
75741 47259 5679
58011 71989 7468
60911 77089 6541
54177 74823 7384
66900 62100 7415
50592 81408 6668
66266 64734 7431
48744 82256 6465
72581 62419 6382
56596 69404 7552
62781 68219 7494
65801 69199 7288
75799 46201 5444
65244 70756 7216
75350 52650 5818
74316 57684 6171
47880 80120 6964
50973 81027 6762
66480 68520 7255
57967 79033 6531
72369 58631 6854
59543 71457 7465
57105 66895 7572
64853 64147 7494
71702 60298 6935
55668 74332 7393
74218 53782 6482
68174 64826 7258
58965 76035 7160
40671 84329 5856
58444 72556 7439
70635 66365 6484
45377 83623 5980
52493 81507 6343
68890 69110 6574
75222 53778 5777
68785 64215 7208
63071 66929 7513
49389 82611 6118
52606 81394 6412
50963 82037 6283
51547 79453 7022
75263 50737 6099
66032 68968 7281
60552 74448 7228
54200 80800 6455
75419 51581 5900
46681 83319 6092
59441 77559 6900
53845 78155 7119
52573 79427 7001
63860 74140 6935
74196 57804 6246
58737 65263 7570
63581 66419 7508
58071 76929 7108
50265 79735 7004
74125 54875 6497
57413 64587 7577
64544 73456 6939
46867 82133 6640
75742 48258 5557
58291 78709 6683
75666 47334 5800
74527 52473 6388
42255 83745 6219
50700 81300 6698
55639 75361 7324
72725 62275 6317
71686 63314 6658
74799 56201 5783
48086 80914 6859
68057 63943 7308
56715 79285 6800
75413 51587 5908
52744 80256 6872
74170 58830 5947
63440 73560 7075
45455 83545 6097
62548 62452 7543
43037 83963 6037
75589 50411 5680
44136 83864 5920
70660 58340 7089
74370 55630 6378
72579 59421 6791
48372 82628 6314
48958 82042 6539
48625 82375 6419
54425 75575 7333
67958 61042 7347
49760 81240 6763
70053 59947 7153
55878 69122 7558
75162 52838 6066
73022 61978 6133
71380 63620 6714
55578 79422 6866
52241 79759 6966
53227 80773 6673
51906 79094 7055
57724 75276 7280
71504 59496 6985
52466 81534 6306
50847 80153 6934
74237 56763 6353
74446 57554 6032
74905 55095 6081
70051 66949 6628
41994 84006 6090
54867 80133 6736
51100 78900 7088
71607 61393 6894
64387 64613 7504
57970 68030 7561
69632 67368 6715
44170 83830 5997
56917 71083 7511
62826 72174 7291
66070 70930 7073
37501 84499 5622
48167 82833 6224
66973 69027 7140
63893 67107 7486
66205 66795 7383
75270 52730 5949
73711 60289 5953
71564 64436 6487
51290 77710 7198
60188 69812 7509
61637 75363 7028
57529 72471 7455
57313 72687 7449
75472 51528 5790
48512 81488 6751
43365 83635 6247
63390 74610 6925
65148 62852 7490
62764 64236 7539
61381 70619 7460
66776 64224 7407
57269 77731 7058
65119 69881 7299
57410 65590 7575
74103 58897 6037
43773 83227 6390
73766 59234 6315
63303 74697 6923
65712 64288 7466
68071 67929 7048
66298 67702 7332
59969 75031 7205
62797 74203 7062
51689 81311 6608
64396 63604 7509
72935 58065 6754
63141 64859 7531
56353 68647 7563
54682 70318 7541
47777 81223 6817
72091 63909 6227
56361 79639 6693
72156 63844 6074
68926 67074 6957
74406 57594 6086
45483 83517 6126
47133 81867 6714
68767 62233 7267
49283 81717 6644
63202 67798 7492
58507 73493 7391
75254 51746 6071
65555 68445 7356
62158 69842 7468
75022 53978 6092
47180 80820 6876
65498 69502 7294
50663 78337 7143
59391 66609 7561
64428 70572 7305
44126 82874 6501
66091 71909 6914
67235 65765 7331
59558 72442 7421
48126 82874 6198
74399 56601 6278
68229 61771 7318
56708 75292 7306
56480 73520 7424
44295 82705 6541
71956 64044 6330
61718 71282 7420
60224 72776 7389
61504 71496 7416
60727 70273 7486
58111 74889 7300
53444 79556 6960
66022 69978 7198
59342 72658 7415
75127 53873 5972
70189 65811 6784
75180 51820 6125
69407 68593 6426
66602 66398 7365
59131 72869 7409
60849 73151 7339
39591 84409 5767
74432 54568 6390
71501 64499 6507
49559 82441 6260
75321 51679 6005
52627 76373 7293
56922 75078 7317
69530 65470 6998
52444 80556 6818
57478 71522 7491
64927 72073 7097
66904 63096 7408
73529 60471 6189
74970 53030 6195
60945 66055 7553
54994 71006 7525
53250 77750 7169
38547 84453 5784
53469 78531 7086
72731 61269 6554
60992 63008 7560
73359 56641 6686
75336 51664 5990
53016 74984 7383
69976 67024 6645
49176 80824 6861
73183 55817 6724
59694 68306 7545
60465 75535 7112
75601 49399 5849
65306 67694 7408
44996 83004 6420
62832 66168 7527
55085 79915 6780
65518 65482 7457
54693 77307 7181
53130 80870 6642
74700 55300 6217
53391 80609 6720
59860 76140 7082
39752 84248 5961
47068 82932 6290
53288 75712 7338
53946 79054 7014
44187 83813 6035
72948 60052 6624
63318 69682 7434
64892 67108 7449
75355 50645 6030
70903 64097 6801
64078 65922 7501
74058 57942 6325
54238 73762 7438
75087 53913 6019
64222 62778 7514
66381 63619 7438
52462 81538 6213
58901 70099 7518
60476 66524 7554
37502 84498 5690
71155 62845 6877
48018 82982 6122
68059 65941 7211
74143 55857 6461
68835 66165 7069
71288 64712 6570
