65335 60665 7578
58785 71215 7387
57487 64513 7713
56344 68656 7606
64409 64591 7515
56320 70680 7496
57146 74854 6849
48116 75884 7193
68138 55862 7483
56515 70485 7504
73256 51744 6600
73206 51794 6637
62454 61546 7677
50385 72615 7446
70869 58131 7136
72013 55987 6957
59410 61590 7735
59536 73464 6904
58419 73581 7052
61643 72357 6862
69692 63308 6620
52123 76877 6834
56176 71824 7416
41617 79383 6278
69695 63305 6545
68753 61247 7305
47342 76658 7104
49521 76479 7080
53069 74931 7200
49651 75349 7235
69754 59246 7268
45124 78876 6486
71872 55128 7033
66716 67284 7044
68256 61744 7343
71965 54035 7037
63136 57864 7673
70199 55801 7295
73291 49709 6661
71963 52037 7046
61240 61760 7707
57160 68840 7589
59782 66218 7635
69559 58441 7330
63287 70713 7029
63909 59091 7653
67395 61605 7441
69319 55681 7397
59155 72845 7133
71265 56735 7127
70105 54895 7311
53287 76713 6583
53328 75672 7066
58633 62367 7736
61527 67473 7546
53621 76379 6809
64116 63884 7557
58961 74039 6759
59351 73649 6872
71785 58215 6619
51770 75230 7200
56859 65141 7706
61870 72130 6900
64934 60066 7605
57008 69992 7524
57090 70910 7464
72113 53887 7008
48939 78061 6608
57394 64606 7712
51772 77228 6628
54177 65823 7713
49394 77606 6816
51018 74982 7251
65088 61912 7566
60226 66774 7608
59814 69186 7505
55534 75466 6899
63369 69631 7199
47787 77213 6998
72972 52028 6771
59929 73071 6964
72023 54977 7001
64240 60760 7624
67785 64215 7248
69923 59077 7250
68342 64658 7064
45300 77700 6959
62908 63092 7632
57821 70179 7496
56701 61299 7763
47419 77581 6926
67507 56493 7516
41569 79431 6213
61235 65765 7615
50343 71657 7503
51020 72980 7419
53879 70121 7564
63094 68906 7316
51767 77233 6594
57394 68606 7594
54308 60692 7772
55893 64107 7738
44140 78860 6575
57389 70611 7479
69045 58955 7373
66368 58632 7563
54955 74045 7240
67704 58296 7495
73490 49510 6537
73673 48327 6406
52146 74854 7238
69004 63996 6976
54218 74782 7171
53804 69196 7608
68831 59169 7389
67934 61066 7410
51875 77125 6713
63291 63709 7602
72233 55767 6885
58188 73812 7020
60281 65719 7640
67020 65980 7190
50543 73457 7389
46587 78413 6665
52728 73272 7377
54887 64113 7743
59442 72558 7162
69718 54282 7356
72247 54753 6941
71546 57454 7018
48830 78170 6481
55953 67047 7666
68873 56127 7435
72729 54271 6750
48807 77193 6968
72907 54093 6601
71587 58413 6878
52035 76965 6799
54853 68147 7639
59955 64045 7689
73328 51672 6406
52913 76087 7003
49570 77430 6861
61333 72667 6771
40525 79475 6132
54946 73054 7343
53869 76131 6888
67967 63033 7306
60810 63190 7690
49218 74782 7294
59251 69749 7486
56944 64056 7730
65166 63834 7503
71193 59807 6768
64213 59787 7637
66593 63407 7421
68627 62373 7257
73612 47388 6487
59598 67402 7601
47629 78371 6555
55966 70034 7541
42710 79290 6263
69205 60795 7266
54021 67979 7650
69912 62088 7008
57428 74572 6897
58633 70367 7462
72218 56782 6716
42785 79215 6399
72617 55383 6626
73434 50566 6521
70813 60187 6958
41889 79111 6528
73189 50811 6688
54322 69678 7583
42738 79262 6323
62904 64096 7607
69668 63332 6704
55736 63264 7753
71765 56235 7023
72106 56894 6823
56599 73401 7251
73819 44181 6133
54727 75273 7040
65028 62972 7540
45720 78280 6783
72483 55517 6783
53371 74629 7230
43542 78458 6782
56205 65795 7698
66616 64384 7368
59927 72073 7199
54285 66715 7689
48029 76971 7042
73592 48408 6486
58671 64329 7702
63622 59378 7662
54136 73864 7291
63974 62026 7612
62802 71198 6992
54521 71479 7477
57415 72585 7310
66833 67167 7034
69273 63727 6939
71080 55920 7169
61210 68790 7468
68380 65620 6828
51781 77219 6645
71974 55026 7013
62613 62387 7660
69055 57945 7394
68834 56166 7438
50484 70516 7562
60656 72344 7052
61150 63850 7670
61595 70405 7282
60163 64837 7668
66300 57700 7570
57309 62691 7747
68038 56962 7489
46233 78767 6374
40639 79361 6337
73078 49922 6759
53414 72586 7416
57767 74233 6953
53649 72351 7429
60201 59799 7727
62742 68258 7416
65617 67383 7225
61220 72780 6699
51497 75503 7171
61239 72761 6729
68246 60754 7391
53218 74782 7216
54335 73665 7304
72133 52867 7009
60824 68176 7535
63415 58585 7667
53570 69430 7601
67649 63351 7321
59965 60035 7730
70141 57859 7262
73743 47257 6346
70519 61481 6684
52936 69064 7617
61998 60002 7697
72270 53730 6969
73812 46188 6199
73629 48371 6455
66455 67545 7059
50568 76432 7056
66641 57359 7555
55423 72577 7373
64623 69377 7069
71704 57296 6970
58839 74161 6702
69172 56828 7405
71974 57026 6875
70598 59402 7111
61344 71656 7122
66785 61215 7492
57854 73146 7209
49703 77297 6894
58890 73110 7105
55463 71537 7454
58147 65853 7674
57444 66556 7663
55369 75631 6852
68309 57691 7469
52262 72738 7424
46463 78537 6589
72697 52303 6870
53335 76665 6648
52332 69668 7597
62863 71137 6997
62317 69683 7301
65148 64852 7460
51969 76031 7072
49471 75529 7217
52719 71281 7513
73316 50684 6612
57010 74990 6802
55259 70741 7511
67810 60190 7453
68254 63746 7206
64694 65306 7471
58344 68656 7578
73453 50547 6488
72256 56744 6572
49023 77977 6666
64068 67932 7327
68163 57837 7476
67215 59785 7501
47870 78130 6702
51846 69154 7615
62428 67572 7489
52008 73992 7328
56995 74005 7117
44537 78463 6764
55096 67904 7646
40872 79128 6519
62085 67915 7484
65796 64204 7444
69459 62541 7066
63368 60632 7658
45076 78924 6421
56139 74861 7005
63386 61614 7643
55570 64430 7735
69173 60827 7269
48979 74021 7357
58653 73347 7079
46857 77143 7032
46227 77773 6917
67653 56347 7509
49902 73098 7417
53876 75124 7138
52608 76392 6939
52001 72999 7408
65366 65634 7406
57406 71594 7401
57154 61846 7757
69647 62353 7042
55650 66350 7688
45661 78339 6766
58082 73918 7004
45321 78679 6604
55043 63957 7745
67872 65128 7119
71725 58275 6748
47509 78491 6373
47170 77830 6873
50057 75943 7151
71357 54643 7144
55024 75976 6620
72278 51722 6983
64357 66643 7419
58224 60776 7753
50422 76578 7031
55648 65352 7713
55124 75876 6757
61338 64662 7646
44964 78036 6880
70637 55363 7241
63192 66808 7486
55768 69232 7590
48278 77722 6844
72779 54221 6713
51569 74431 7297
60881 67119 7579
71814 56186 7011
52450 70550 7555
67902 62098 7366
53378 76622 6703
69209 59791 7322
64269 68731 7221
58354 63646 7721
73511 48489 6547
44982 79018 6211
42992 79008 6550
42868 79132 6474
49773 72227 7472
65274 67726 7232
56849 75151 6669
72486 52514 6932
62222 64778 7612
61860 71140 7149
69612 57388 7350
59751 73249 6940
67892 57108 7496
46049 76951 7064
50396 77604 6710
72252 56748 6647
71067 53933 7196
52227 71773 7491
50082 74918 7274
61511 60489 7707
40577 79423 6242
70230 61770 6915
55367 61633 7769
71689 55311 7068
62786 66214 7538
46360 78640 6508
61844 64156 7647
72487 53513 6910
72583 55417 6695
61423 63577 7670
53194 71806 7476
46281 78719 6439
59740 71260 7326
41733 79267 6434
64690 67310 7326
71051 58949 7053
54174 75826 6952
59806 70194 7427
55506 74494 7152
59637 70363 7421
59421 68579 7556
55494 62506 7766
66118 67882 7071
71751 58249 6708
72428 54572 6883
58439 69561 7520
61350 69650 7389
45404 78596 6646
71724 53276 7090
48540 75460 7235
66933 65067 7292
72270 52730 6980
50216 72784 7436
57746 62254 7748
71203 59797 6628
73266 50734 6649
73471 50529 6437
56269 60731 7768
54171 64829 7731
50300 75700 7179
68958 57042 7421
66757 64243 7363
71322 57678 7078
62292 61708 7679
73034 52966 6665
65438 59562 7591
63699 70301 7054
67449 66551 6974
73698 48302 6307
55813 73187 7307
65984 68016 7074
66081 58919 7572
66115 64885 7384
58877 74123 6723
73585 47415 6507
55527 68473 7622
64703 62297 7575
58104 66896 7644
58830 74170 6659
60836 72164 7071
60548 71452 7232
52618 74382 7280
69456 63544 6862
67031 60969 7484
52503 68497 7637
54584 63416 7755
66478 62522 7470
51017 73983 7346
66441 63559 7426
67399 62601 7390
48067 77933 6783
61464 72536 6821
64609 64391 7512
50270 77730 6624
55296 69704 7570
53059 73941 7313
51011 76989 6904
59980 63020 7708
50557 77443 6762
72327 51673 6971
42012 78988 6590
68611 65389 6731
58090 72910 7232
71014 59986 6861
53593 76407 6797
73394 49606 6601
69029 59971 7337
73372 48628 6637
69570 63430 6791
63792 66208 7481
65936 62064 7519
44070 78930 6536
64583 61417 7597
44355 78645 6688
45856 78144 6820
43188 78812 6664
59535 65465 7661
69442 61558 7173
60727 67273 7578
68155 59845 7432
63703 64297 7563
52481 75519 7134
51793 77207 6667
62595 69405 7307
47932 78068 6730
46226 78774 6320
73603 49397 6409
61607 65393 7614
65692 58308 7595
73821 45179 6103
69975 57025 7311
66095 65905 7321
54072 72928 7376
64901 58099 7621
54424 70576 7532
56455 69545 7561
43799 79201 6173
70428 61572 6844
67286 66714 6991
56456 72544 7345
64614 63386 7548
46922 78078 6799
45621 78379 6749
54623 72377 7408
52776 68224 7645
60428 69572 7448
59140 73860 6824
49284 77716 6780
66134 60866 7537
63511 60489 7655
