81584 86416 9301
74871 87129 9309
74875 97125 8206
78884 94116 8677
85014 77986 9480
81564 81436 9444
76339 87661 9289
95862 78138 8387
63890 99110 7809
92618 77382 9148
88967 82033 9272
80636 81364 9450
99675 65325 7962
75384 88616 9248
78522 93478 8801
64014 98986 7929
79367 95633 8143
79029 84971 9369
98591 70409 8350
92319 77681 9168
89462 75538 9405
97590 72410 8558
73049 93951 8867
98762 66238 8422
90810 82190 9106
84807 79193 9462
81961 86039 9312
81872 94128 8367
89732 74268 9393
99070 65930 8346
85514 78486 9467
93226 80774 8852
92772 78228 9101
78649 95351 8444
99600 62400 8131
77581 88419 9250
74321 86679 9324
82481 76519 9504
77707 96293 8178
94075 73925 9061
99786 64214 7834
93158 82842 8327
72753 97247 8328
75421 95579 8596
85623 83377 9349
95907 76093 8702
82525 87475 9240
99406 66594 8169
95933 70067 8877
66067 98933 7799
84128 88872 9069
99756 62244 8043
94224 77776 8923
83334 87666 9204
79745 93255 8769
67443 98557 8067
83466 87534 9208
99732 64268 8001
86316 86684 9132
99164 68836 8051
95004 70996 8981
92433 83567 8511
84749 89251 8983
80173 88827 9199
98316 67684 8531
71859 97141 8392
65303 98697 8074
72258 92742 8999
99368 65632 8225
96622 76378 8434
84819 76181 9490
94416 74584 9008
93867 79133 8894
88947 84053 9144
82162 90838 8978
74746 97254 8128
85344 87656 9106
91300 76700 9283
88584 87416 8782
85448 75552 9486
88195 78805 9410
79893 91107 9046
87696 77304 9445
99295 65705 8256
97117 74883 8505
83374 92626 8541
79911 78089 9498
97209 71791 8668
76719 92281 9000
92785 81215 8901
66485 98515 8120
89121 78879 9368
79661 89339 9174
69674 96326 8597
97763 72237 8522
98515 71485 8275
98457 66543 8497
89366 82634 9211
86691 81309 9387
75850 94150 8792
68993 98007 8245
74657 97343 8054
79526 88474 9228
87127 83873 9281
81457 94543 8185
98438 71562 8311
70705 98295 7972
94958 73042 8969
93830 75170 9066
83081 75919 9501
80412 90588 9078
94413 80587 8468
75880 95120 8654
83938 87062 9222
87328 88672 8778
79843 77157 9505
89703 75297 9394
85264 89736 8870
96187 71813 8828
94838 77162 8849
90546 85454 8737
74629 89371 9209
100206 57794 7597
91999 84001 8601
83628 91372 8782
79792 93208 8774
75122 96878 8305
99462 64538 8202
95767 73233 8855
76784 93216 8891
90350 80650 9233
81343 89657 9126
82151 81849 9432
98881 69119 8314
79090 94910 8511
81467 87533 9254
90843 80157 9216
92570 76430 9177
90933 85067 8711
75762 96238 8446
82723 89277 9108
92699 82301 8741
96897 71103 8741
99760 63240 8029
72782 95218 8710
88041 86959 8940
81389 93611 8566
67503 97497 8401
90492 82508 9113
99889 60111 7950
98496 69504 8442
81734 88266 9210
97848 71152 8560
76666 96334 8344
93911 76089 9032
82555 76445 9504
81644 83356 9397
86714 88286 8920
72423 97577 8234
78523 89477 9179
80318 94682 8434
76163 94837 8687
78011 90989 9088
84855 86145 9246
67053 97947 8299
96797 72203 8725
73401 95599 8645
87201 77799 9450
71299 93701 8907
78918 92082 8972
77458 93542 8834
80802 87198 9278
89684 83316 9130
98644 71356 8173
95259 78741 8554
91904 83096 8829
69388 97612 8349
76602 84398 9389
66686 98314 8195
97430 70570 8669
100169 58831 7659
92186 81814 8945
95841 75159 8772
83629 90371 8932
91860 75140 9265
80438 94562 8450
87153 76847 9462
76457 96543 8280
80334 80666 9465
94266 74734 9023
76127 93873 8823
97789 74211 8320
76370 94630 8711
92007 73993 9261
79334 92666 8883
89685 77315 9376
74262 92738 8989
98920 70080 8167
74834 90166 9167
76121 96879 8075
71480 95520 8689
95998 71002 8866
74644 97356 7963
76871 90129 9157
85066 79934 9446
80000 94000 8623
96838 74162 8631
95270 71730 8946
87451 82549 9331
89376 75624 9408
95918 78082 8361
84067 83933 9359
97860 68140 8613
81803 78197 9495
99533 66467 8008
90002 75998 9378
69745 98255 8113
72070 95930 8623
92485 80515 9012
99070 67930 8278
72133 93867 8886
75529 88471 9255
99514 66486 8061
66830 98170 8242
91118 84882 8694
70287 97713 8291
92118 80882 9037
95570 76430 8752
82717 77283 9501
88677 75323 9433
78639 84361 9387
99893 61107 7940
76409 96591 8261
88170 79830 9388
89042 80958 9310
79043 87957 9260
71511 97489 8313
82764 93236 8480
94693 78307 8781
71718 97282 8361
85407 91593 8280
66218 98782 8004
72235 96765 8466
85182 91818 8191
82003 92997 8636
80877 79123 9487
72255 94745 8779
92646 83354 8465
88109 85891 9054
93819 77181 9007
86776 85224 9217
94706 80294 8362
96018 77982 8311
98317 68683 8524
68808 98192 8178
90055 86945 8370
83471 91529 8770
96682 73318 8705
92299 82701 8790
67271 98729 7983
86293 75707 9480
78455 94545 8628
91410 79590 9187
71149 95851 8650
70790 95210 8735
75577 96423 8413
99615 65385 8055
88659 83341 9219
74721 96279 8493
99628 63372 8116
99971 59029 7885
85170 84830 9306
81533 94467 8280
73188 92812 8989
89416 80584 9302
70054 96946 8478
98049 72951 8363
99832 63168 7960
77913 96087 8276
99137 68863 8159
91326 74674 9308
91686 80314 9125
79498 95502 8230
94631 71369 9019
73249 91751 9076
66154 98846 7965
92679 77321 9143
79722 81278 9454
91154 75846 9312
80518 91482 8986
77100 91900 9027
72424 94576 8798
100141 58859 7708
80352 85648 9340
89236 87764 8456
89203 86797 8775
91824 76176 9252
87141 87859 8931
82554 91446 8869
78094 89906 9157
82254 93746 8425
86047 90953 8358
82521 84479 9359
94226 80774 8508
92957 74043 9176
86379 80621 9412
68665 97335 8420
100023 58977 7836
94830 80170 8205
71834 93166 8961
95558 74442 8850
95738 77262 8633
81653 90347 9063
84410 79590 9459
94982 75018 8921
81813 94187 8354
77738 96262 8193
70886 97114 8427
80526 80474 9468
86964 84036 9280
100076 59924 7786
99366 67634 8041
91664 84336 8641
99274 67726 8163
97718 70282 8619
96317 76683 8509
99568 64432 8146
98591 69409 8411
85986 88014 9024
74924 97076 8227
82201 75799 9505
77856 91144 9078
83694 86306 9274
98931 70069 8143
85848 91152 8343
81351 92649 8764
82343 81657 9435
73271 97729 7999
78214 91786 9019
78680 88320 9245
87420 76580 9459
94183 75817 9005
82902 87098 9251
69519 96481 8576
94752 76248 8912
71965 94035 8868
81629 77371 9502
73734 97266 8259
68348 98652 7919
65729 98271 8211
83987 77013 9494
81062 88938 9180
91798 82202 8969
86318 82682 9354
97290 72710 8612
90821 75179 9337
76164 86836 9318
94783 79217 8633
81764 91236 8949
73768 94232 8822
98772 67228 8414
92757 83243 8440
83574 80426 9452
97815 74185 8187
99890 63110 7864
92233 73767 9244
73376 97624 8096
73850 95150 8698
86015 89985 8739
71958 98042 7944
73358 97642 8082
90243 75757 9367
77369 82631 9430
78489 90511 9114
78849 78151 9498
93647 73353 9113
83616 88384 9141
86325 90675 8378
93421 79579 8940
85744 81256 9407
88136 80864 9356
82256 91744 8845
100047 60953 7766
72214 97786 8139
99060 66940 8325
98695 68305 8418
98182 71818 8422
88530 85470 9055
97391 73609 8536
78216 92784 8908
75184 87816 9285
79209 90791 9084
80443 92557 8840
99698 64302 8045
78515 92485 8936
67238 98762 7935
83161 89839 9031
64974 99026 7779
77169 94831 8649
88524 74476 9438
98945 67055 8363
91927 77073 9220
89882 85118 8922
86615 79385 9438
91503 83497 8857
98022 68978 8583
70702 98298 7968
80820 92180 8874
96092 77908 8267
78503 77497 9503
68306 98694 7855
75298 90702 9135
81650 92350 8792
67207 98793 7875
74402 91598 9079
99502 65498 8161
87825 83175 9280
67729 98271 8184
92315 74685 9231
65445 98555 8120
78612 91388 9048
82147 88853 9160
80298 89702 9142
90481 85519 8739
90198 77802 9336
91346 83654 8866
80743 94257 8488
93096 82904 8349
83238 83762 9373
82674 83326 9390
93847 80153 8780
100125 59875 7673
98619 67381 8455
93530 81470 8630
98034 70966 8518
87708 80292 9388
97948 70052 8576
71995 95005 8749
90002 74998 9380
97733 71267 8585
98164 72836 8297
87118 86882 9051
87515 77485 9447
78062 84938 9372
68023 97977 8275
79884 95116 8362
87647 75353 9463
99782 62218 8023
99984 62016 7768
76302 91698 9056
75490 91510 9077
78040 87960 9269
79444 95556 8207
97116 72884 8639
98356 70644 8435
75169 92831 8971
98265 69735 8510
79346 94654 8546
88623 82377 9276
68496 98504 8046
71568 96432 8552
89370 79630 9338
65040 98960 7916
85364 80636 9429
93805 72195 9099
68143 97857 8307
99765 64235 7957
67691 97309 8438
77044 85956 9345
99645 64355 8090
85249 91751 8250
80700 93300 8698
90452 83548 9024
75015 96985 8265
95258 73742 8915
88121 76879 9440
99252 66748 8245
79729 79271 9487
87828 89172 8456
77296 94704 8664
78232 86768 9314
94812 80188 8262
92419 78581 9126
77168 83832 9402
86751 77249 9465
85627 89373 8885
73247 97753 7935
90992 83008 9006
98873 68127 8362
80494 83506 9401
68574 97426 8402
99717 61283 8068
84612 90388 8840
88856 78144 9397
77549 92451 8963
82590 92410 8691
76684 88316 9259
93204 81796 8678
84547 81453 9419
88727 81273 9315
97390 69610 8687
92389 79611 9081
84603 83397 9369
88088 82912 9279
86719 89281 8768
72329 97671 8192
91961 81039 9046
78873 81127 9459
76463 95537 8560
85579 87421 9113
88273 84727 9146
100136 59864 7638
76169 96831 8125
97091 73909 8590
76818 95182 8605
85075 86925 9186
83733 76267 9497
74105 86895 9317
75061 94939 8702
73981 90019 9175
72754 93246 8949
93216 79784 8958
87672 84328 9222
84686 80314 9443
77592 92408 8967
88213 75787 9448
70381 94619 8811
78673 86327 9327
79560 86440 9317
80349 93651 8661
72476 93524 8921
91267 78733 9236
96708 70292 8779
70994 96006 8629
79535 95465 8245
89785 81215 9252
97862 73138 8430
80429 78571 9494
74736 94264 8802
83159 85841 9308
79103 90897 9078
83429 84571 9347
89062 85938 8935
81228 84772 9362
80518 76482 9507
72958 96042 8590
88667 77333 9419
88615 88385 8472
93252 72748 9151
90379 84621 8908
85810 77190 9480
99177 67823 8223
71596 97404 8333
79495 91505 9017
96020 73980 8791
89630 84370 9041
100173 57827 7669
69490 98510 7923
73589 97411 8208
99962 60038 7893
94347 73653 9034
96892 76108 8359
84100 78900 9474
97167 75833 8240
85589 91411 8312
98789 70211 8266
90314 84686 8910
99324 67676 8122
92894 78106 9091
75455 96545 8388
93045 75955 9142
98325 72675 8197
77670 96330 8068
98942 70058 8105
74067 90933 9126
72799 94201 8840
89812 80188 9293
85801 84199 9314
81409 91591 8922
92308 78692 9133
94845 80155 8157
98022 71978 8467
74466 95534 8629
100235 56765 7525
93337 78663 9011
78306 95694 8376
72615 92385 9029
76251 96749 8182
88402 86598 8941
76057 95943 8498
86016 85984 9208
84723 82277 9396
68395 98605 7972
82996 80004 9466
70317 95683 8680
78316 85684 9350
73299 97701 8027
92731 75269 9188
77469 88531 9245
88922 83078 9218
99218 65782 8288
71303 97697 8252
68042 96958 8498
83777 81223 9434
91243 77757 9265
83081 88919 9123
81372 81628 9441
82776 82224 9418
98946 68054 8331
90107 86893 8272
85064 85936 9251
87572 78428 9433
92266 79734 9090
81120 77880 9499
65168 98832 8019
96136 77864 8174
97824 69176 8616
88447 76553 9436
90977 77023 9300
70196 97804 8267
77451 95549 8504
94616 80384 8415
86947 90053 8420
80178 82822 9419
69281 95719 8682
87086 85914 9144
84396 91604 8640
85371 90629 8712
82678 88322 9181
83437 74563 9499
87979 79021 9412
79633 92367 8911
73227 96773 8433
76817 94183 8762
76591 91409 9074
90238 78762 9308
99934 62066 7882
86400 84600 9274
98204 70796 8479
73566 90434 9153
69567 98433 7989
77988 92012 9002
77504 89496 9188
80764 88236 9226
67642 98358 8149
75992 86008 9345
71550 93450 8933
81137 91863 8901
90834 81166 9171
99951 61049 7889
85469 85531 9259
94432 72568 9037
95600 72400 8896
83945 92055 8598
74321 89679 9193
85745 78255 9467
79723 95277 8318
96258 72742 8796
67280 97720 8356
79119 86881 9304
75442 85558 9360
90880 79120 9252
86995 80005 9416
79639 76361 9508
74502 93498 8901
96798 69202 8768
93911 74089 9077
73229 97771 7873
81025 91975 8892
73949 97051 8320
85030 83970 9341
76131 88869 9234
85771 82229 9380
97062 74938 8518
81785 87215 9266
78587 94413 8644
98630 71370 8195
85647 88353 9013
100224 57776 7521
97431 74569 8423
68763 96237 8615
96817 75183 8559
67170 98830 7797
84033 90967 8806
84426 82574 9392
90118 81882 9198
73457 92543 9013
72935 97065 8375
86648 76352 9476
76935 96065 8402
88988 74012 9423
85996 89004 8897
94359 71641 9046
75713 90287 9157
89060 74940 9420
84450 88550 9079
73903 91097 9116
88104 87896 8786
62872 99128 7739
96378 69622 8821
73451 97549 8140
77525 85475 9358
79575 82425 9431
89398 76602 9400
74262 96738 8400
80167 87833 9254
86455 87545 9039
71452 94548 8811
82798 90202 9016
74561 92439 9017
89188 81812 9267
93393 76607 9081
86478 78522 9453
78076 79924 9478
96458 75542 8617
89816 87184 8418
88178 77822 9426
93471 77529 9040
87242 87758 8933
81461 94539 8252
73490 94510 8792
90419 74581 9359
99894 63106 7821
95560 78440 8494
76887 93113 8901
