25723 12277 1961
24943 16057 1979
21188 19812 2168
24209 13791 2253
18786 21214 1962
19359 19641 2286
20501 20499 2048
22982 16018 2320
20986 16014 2367
25914 11086 1882
18035 20965 2106
25389 13611 2054
13978 22022 1747
15034 21966 1796
19000 20000 2250
24474 15526 2190
22113 15887 2347
18623 20377 2205
22822 18178 2252
20652 20348 2116
16460 21540 1950
21471 17529 2347
25429 14571 1838
22992 17008 2306
25302 14698 1991
25426 14574 1856
23949 16051 2249
21461 16539 2361
25775 13225 1900
25013 14987 2092
20381 18619 2342
18108 20892 2120
24233 15767 2219
19666 19334 2305
17437 21563 1847
16230 21770 1876
21930 18070 2317
24573 14427 2202
24949 13051 2174
16199 21801 1810
15003 21997 1730
21470 16530 2361
23808 15192 2285
19163 20837 2098
25859 12141 1899
25237 12763 2117
24710 15290 2154
25399 12601 2079
23649 16351 2274
20758 19242 2286
18326 20674 2159
16757 21243 2035
22763 18237 1998
25567 12433 2023
23438 17562 2246
17789 21211 2042
22471 17529 2317
24179 14821 2246
20786 17214 2357
24864 16136 2032
19665 20335 2197
17698 21302 2012
21730 19270 2213
24066 16934 2206
23717 15283 2291
19189 20811 2107
17442 21558 1904
20024 19976 2233
25719 13281 1960
19593 18407 2345
22415 16585 2339
25914 12086 1808
24311 16689 2176
