72675 47325 6012
69704 54296 6790
66591 59409 7131
63605 65395 7164
43249 78751 6572
61911 59089 7494
53013 70987 7497
50396 74604 7255
56113 73887 6805
50858 67142 7645
70207 55793 6495
69841 57159 6353
71431 49569 6530
71887 50113 6308
72413 48587 6109
59448 69552 7235
49021 76979 6808
64441 65559 6974
53236 68764 7596
53855 62145 7684
72884 46116 5941
65190 56810 7319
59280 69720 7234
49977 77023 6415
66418 62582 6912
55700 72300 7232
59827 71173 6902
56431 63569 7650
62947 62053 7404
55977 67023 7597
70730 53270 6568
55828 64172 7657
70974 54026 6232
46322 77678 6825
66933 63067 6543
49578 72422 7455
49280 75720 7128
66652 63348 6651
67604 61396 6700
64541 64459 7119
67939 57061 7010
63172 64828 7260
55074 72926 7187
70781 54219 6416
73601 39399 5307
58087 64913 7582
51555 71445 7503
72548 47452 6134
46930 77070 6942
42817 79183 6211
63832 64168 7234
73587 38413 5358
67920 61080 6626
48374 75626 7170
62698 60302 7452
40486 79514 6154
56451 67549 7560
73403 41597 5666
63000 67000 7080
70144 53856 6712
49684 75316 7179
66462 55538 7221
44728 77272 6941
55964 74036 6766
41720 79280 6303
47585 76415 7060
67736 58264 6992
55558 63442 7666
66166 61834 7059
70376 55624 6376
58831 71169 7093
68637 54363 6974
52713 63287 7687
50318 76682 6704
39471 79529 6165
70921 54079 6301
59053 67947 7397
53793 70207 7521
64964 66036 6664
57208 62792 7636
52082 75918 6725
64676 62324 7244
65583 64417 6853
48369 76631 6976
67694 59306 6935
72577 46423 6181
60137 59863 7563
61546 65454 7368
52156 68844 7606
60782 70218 6928
59175 66825 7453
58706 72294 6774
50763 70237 7557
51953 64047 7686
45459 78541 6375
53303 73697 7215
57291 71709 7185
43863 78137 6767
49321 76679 6880
65470 59530 7261
55812 65188 7648
62972 61028 7425
65483 65517 6446
49851 73149 7409
55339 71661 7338
53342 67658 7630
67363 59637 6980
67074 61926 6809
70707 54293 6473
55183 73817 6986
61462 64538 7421
51640 76360 6452
70364 52636 6711
53700 75300 6656
63689 60311 7393
45452 78548 6336
71486 52514 6161
53572 75428 6600
73095 44905 5567
72616 47384 6084
55200 63800 7669
69069 56931 6797
70446 55554 6290
68665 59335 6631
55100 72900 7189
59545 64455 7530
62096 67904 7104
60189 65811 7445
47567 77433 6810
71115 52885 6436
71497 47503 6525
54565 72435 7301
54800 68200 7584
41789 79211 6362
63895 63105 7291
71254 48746 6575
63409 61591 7381
72472 48528 6037
55617 67383 7594
60349 69651 7125
57016 63984 7630
66780 57220 7172
51085 66915 7649
66857 56143 7181
65079 57921 7325
58566 65434 7545
45559 78441 6487
40555 79445 6248
70848 54152 6364
54240 65760 7665
73306 42694 5750
69426 54574 6838
47231 77769 6702
71085 50915 6583
52829 74171 7170
48958 76042 7080
73187 43813 5836
73576 39424 5386
70687 50313 6695
40491 79509 6163
50412 76588 6738
68405 56595 6951
53079 69921 7550
59734 68266 7324
67580 54420 7112
50094 75906 7035
60412 63588 7515
66020 55980 7260
64326 66674 6764
45046 77954 6795
59301 62699 7575
69969 52031 6809
57304 60696 7641
52316 75684 6804
69255 55745 6824
72352 46648 6272
70699 51301 6671
73028 44972 5916
68956 55044 6905
53847 69153 7569
58434 72566 6701
71501 52499 6100
65964 64036 6803
55926 71074 7363
44186 77814 6836
68424 55576 6978
56790 71210 7285
70869 52131 6594
45651 78349 6547
71487 51513 6381
51751 76249 6583
54670 70330 7484
70992 53008 6482
66857 63143 6576
65750 58250 7260
62662 61338 7438
73074 42926 5950
43563 78437 6692
70214 54786 6654
71453 48547 6530
65863 63137 6984
43385 78615 6634
48690 74310 7316
73447 41553 5583
72901 46099 5848
66980 61020 6965
52764 75236 6908
71210 52790 6385
58221 67779 7459
62252 66748 7207
63386 62614 7351
50079 71921 7486
50150 76850 6624
44066 78934 6224
47001 76999 6955
55676 64324 7658
54155 71845 7391
63259 65741 7180
73328 42672 5724
71172 52828 6407
69842 53158 6800
61014 63986 7469
61713 66287 7298
72861 45139 6057
56671 66329 7595
59971 63029 7546
70613 54387 6508
73405 42595 5590
53387 74613 7020
61741 69259 6943
73250 43750 5686
58717 63283 7588
44276 78724 6505
44790 78210 6723
72359 48641 6171
41624 79376 6104
61873 61127 7486
69241 57759 6664
57465 72535 6994
61113 62887 7493
59118 71882 6839
73514 39486 5495
51989 75011 7069
65866 57134 7266
67787 55213 7077
47927 76073 7110
66273 56727 7234
66569 63431 6676
43676 78324 6725
72487 48513 5906
59407 70593 7109
66753 61247 6992
58600 72400 6756
59243 65757 7505
73157 42843 5890
70086 52914 6759
72916 46084 5718
67967 56033 7037
56390 68610 7510
51451 74549 7220
53435 75565 6437
72789 44211 6094
61470 61530 7500
60893 67107 7314
44692 78308 6689
54778 74222 6930
68516 59484 6678
65203 57797 7316
72206 49794 5955
73087 44913 5695
69280 52720 6909
46122 77878 6782
71966 49034 6351
72186 49814 6034
71810 51190 6172
62226 67774 7101
71661 48339 6482
58593 70407 7227
66569 58431 7166
65483 57517 7295
62027 63973 7406
61210 66790 7310
65846 61154 7151
66261 60739 7111
61956 66044 7292
70624 52376 6653
72069 49931 6197
68397 58603 6831
63462 64538 7252
53686 71314 7452
65167 65833 6610
48448 77552 6540
47414 76586 7030
58108 71892 7051
62654 59346 7459
62317 63683 7398
55914 62086 7666
61785 68215 7111
46878 78122 6446
41934 79066 6480
57889 69111 7396
50830 73170 7389
69591 55409 6772
52015 75985 6702
50206 72794 7429
47701 75299 7218
69134 58866 6378
58889 72111 6804
57456 67544 7513
72539 46461 6197
49251 74749 7264
51299 71701 7489
72928 44072 6025
54206 72794 7278
57925 66075 7554
49389 75611 7142
57439 69561 7393
54133 66867 7644
58306 72694 6645
60668 66332 7382
54244 74756 6833
60067 66933 7389
68284 53716 7035
62876 65124 7268
45376 77624 6867
62455 66545 7202
60710 63290 7507
58674 64326 7571
56297 67703 7559
54291 66709 7645
73552 40448 5398
57664 70336 7315
71659 51341 6307
55543 74457 6597
43529 78471 6682
72407 47593 6228
62265 67735 7100
73259 43741 5630
51532 69468 7585
67406 55594 7122
55618 73382 7037
45448 78552 6255
61234 59766 7523
69123 58877 6434
73555 39445 5423
48376 77624 6456
54245 73755 7117
66848 60152 7044
62113 65887 7288
72890 46110 5929
53568 72432 7366
56306 71694 7266
56217 72783 7097
55082 68918 7542
40526 79474 6222
68492 57508 6883
67104 62896 6395
68941 52059 6955
59884 65116 7496
52515 75485 6852
66847 62153 6845
44063 77937 6810
68210 59790 6751
65879 59121 7228
52416 73584 7291
64768 66232 6700
45789 77211 6942
44183 78817 6414
56925 69075 7453
58646 62354 7600
41680 79320 6245
71683 47317 6482
51921 76079 6668
41660 79340 6206
73557 40443 5347
67287 56713 7116
60959 69041 7123
52710 72290 7408
61485 67515 7222
51321 73679 7336
50059 76941 6530
53462 65538 7672
59421 63579 7557
70262 50738 6778
60391 61609 7545
46471 76529 7062
66461 58539 7176
72656 46344 6138
52495 66505 7656
68205 60795 6371
57970 64030 7600
68775 59225 6590
64807 60193 7311
64640 59360 7340
55990 62010 7665
56691 72309 7142
44407 78593 6586
66502 63498 6695
58958 70042 7231
52385 74615 7117
72122 49878 6134
65440 65560 6518
51611 75389 7018
73017 43983 5973
64869 61131 7274
67615 60385 6871
71261 52739 6352
66131 60869 7124
51947 70053 7564
58725 61275 7607
60908 65092 7435
72009 46991 6394
72610 44390 6177
61811 67189 7217
57478 63522 7623
55324 66676 7623
46224 76776 7020
69866 57134 6237
51296 70704 7539
49774 76226 6980
40828 79172 6453
65225 62775 7142
54675 73325 7155
51895 76105 6657
64493 63507 7198
58154 69846 7319
59541 68459 7325
56869 73131 6925
58578 66422 7508
57141 72859 6960
69082 57918 6702
55775 74225 6699
67076 57924 7110
70991 54009 6165
72101 45899 6366
65059 63941 7072
70401 51599 6729
67405 58595 7037
63375 59625 7423
72210 49790 5917
71044 51956 6546
73238 42762 5825
61729 64271 7414
39518 79482 6251
56237 69763 7448
59963 61037 7567
63638 66362 7043
72727 47273 5867
62382 68618 6934
66001 61999 7077
52839 64161 7683
72812 46188 6018
57291 61709 7639
42881 79119 6296
69948 56052 6597
54289 67711 7615
64177 61823 7312
47100 77900 6621
64055 65945 7011
50541 75459 7100
56188 73812 6818
62578 65422 7276
69605 57395 6514
52117 74883 7085
51582 72418 7434
68859 56141 6885
72256 46744 6308
69394 57606 6608
54099 74901 6790
72355 45645 6276
68373 59627 6717
46876 78124 6294
71602 51398 6336
71706 50294 6382
67745 56255 7064
55560 72440 7223
52895 73105 7324
52124 67876 7629
69082 58918 6462
65936 60064 7190
49870 74130 7319
45519 77481 6893
56919 67081 7560
53966 73034 7262
68194 60806 6496
68761 54239 6958
68031 60969 6584
68510 53490 7008
47192 77808 6681
51181 75819 6945
69773 57227 6420
48736 75264 7218
63160 58840 7437
65381 62619 7129
70461 55539 6229
69597 57403 6518
72505 45495 6218
53953 75047 6741
56430 73570 6858
39431 79569 6019
54084 63916 7679
52617 62383 7689
68921 59079 6534
61386 63614 7458
71864 51136 6110
53265 63735 7684
42970 79030 6409
67095 62905 6435
67244 54756 7145
70958 54042 6267
63059 67941 6905
69783 51217 6847
73181 43819 5848
73077 44923 5769
67075 59925 7017
73490 41510 5496
49532 76468 6928
64581 58419 7360
72707 47293 5937
69293 53707 6885
48071 76929 6921
73063 44937 5853
67179 60821 6936
48593 77407 6672
50939 76061 6893
69721 57279 6454
45782 78218 6628
52797 67203 7641
55862 73138 7062
62344 64656 7348
69160 56840 6780
64887 59113 7325
71329 50671 6518
53968 68032 7611
59783 69217 7236
71914 48086 6409
69692 56308 6679
49824 71176 7519
68855 53145 6966
39498 79502 6223
46926 76074 7135
56023 72977 7078
60434 68566 7237
65092 61908 7218
