52426 60809 51188
49420 53549 55799
51378 52560 55414
53052 63929 43814
48828 63456 48587
56390 61980 44165
54277 54976 53318
58848 57108 46858
49071 59646 52946
59484 56150 46223
59452 50835 47863
56653 61535 45064
49972 64595 44746
60622 53999 44159
51166 53135 55355
56665 60600 47158
47759 64353 46415
56653 60976 46527
60310 51781 45817
49998 61058 51628
52423 63919 45051
59607 55471 46382
53557 58974 51936
59458 58265 42862
49598 50752 56225
56021 60657 48210
48137 56294 55050
58445 51489 49707
58572 57811 46752
58800 55027 48388
58202 54329 49692
57174 59908 47191
51370 51041 55596
51289 61455 50964
60345 54278 45001
59050 53575 48322
56804 61132 45726
48777 64150 46829
51285 50181 55670
56615 61338 45699
60145 53857 45813
51586 51975 55417
45831 49171 56982
55528 58753 50542
48330 57068 54641
47162 65049 43521
52808 58322 52734
49349 61815 50834
57578 60962 43262
48237 51665 56447
54311 60503 50174
54432 53397 53650
53086 51581 54681
51925 63003 48135
61394 51364 39470
50956 63911 46619
58867 59087 43605
57704 58580 47863
56646 54073 51817
61387 51861 39148
52992 62028 49362
47250 65278 40800
56992 59968 47498
55131 60010 49909
53547 57455 52827
52907 62303 48957
57429 61137 43091
55211 59445 50316
46336 65262 41193
54729 62258 47250
44778 48219 57118
54024 63108 45693
50160 52989 55713
50727 53948 55297
59030 55503 47746
48110 64191 46807
60961 54907 41046
57647 60550 44421
48603 53572 55990
58209 60186 43174
49689 62825 49604
49467 54483 55519
60762 53669 43807
48373 57859 54209
58534 57406 47283
54542 60049 50376
52987 60358 51263
59905 55696 45458
52971 63404 46220
59088 54057 48136
48688 50023 56540
45607 48433 57065
56115 61243 47102
59335 57053 45578
51010 64720 42536
49470 60069 52570
53811 55553 53413
50470 60229 52328
55460 60551 49148
57023 58648 49001
45586 65292 40781
48795 65101 41737
60721 54630 43155
45187 47300 57193
60587 54740 43623
53422 58605 52258
59469 53964 47441
52112 64175 44391
53256 52389 54533
54601 62167 47591
54694 59471 50735
43656 47691 57192
55626 58024 50954
60140 52266 46256
54381 57011 52452
58572 55931 48481
53986 56642 52885
47461 52356 56405
54047 62741 47004
52240 55840 54143
61189 52372 41991
61251 52739 41165
55306 55017 52632
60058 57188 41980
60488 55930 42580
43987 46492 57261
46931 53720 56071
52387 64268 42301
51599 55493 54501
56921 61713 42356
61173 53322 41582
54587 53128 53607
48999 61324 51361
51012 61013 51510
50098 64735 43881
52232 62284 49388
54138 59348 51266
60215 56511 43138
55375 53391 52989
54630 51065 53691
57516 59340 47267
56732 58386 49649
58621 54718 48811
58659 59642 42308
55414 62034 46642
56269 57820 50535
61004 54131 42429
53898 62968 46558
52859 60572 51185
61311 51496 40836
57361 60036 46535
56242 59552 49274
56429 61211 46492
47605 64068 47151
54034 61905 48783
49671 63243 48830
50844 63436 47791
59280 56564 46321
53347 54246 54117
51236 57167 53968
51010 54616 54996
57446 52441 51002
60862 50968 43956
52040 51381 55281
48943 63581 48296
52090 60686 51470
53755 60380 50705
56332 56078 51394
53221 63531 45361
51223 62936 48702
52206 51782 55163
53475 61825 49312
47783 65124 42828
57265 60874 44974
55333 52736 53173
57534 61074 42016
49442 60976 51718
50286 50045 56045
50930 64453 44476
58329 57624 47524
51150 63392 47732
59163 52583 48289
61137 53763 41417
51834 62617 48996
59576 58056 42801
60026 57093 43056
49798 63919 47143
51364 59643 52548
52511 57367 53408
52581 50344 55007
54755 63185 43380
52380 52418 55005
58820 52085 49031
49785 63031 49197
50372 52414 55772
58548 59412 44067
60670 55205 42732
54443 62989 45211
54303 53596 53683
59043 52324 48559
60113 52732 46301
49252 48818 56426
53004 61427 50248
54242 50103 53946
49687 64149 46562
49579 65007 41871
49335 59700 52892
47522 56506 54996
53088 55681 53785
47579 55845 55302
59214 58472 43527
56677 59694 48406
59178 58860 41765
56959 55439 51128
60984 51276 43327
50310 58566 53517
51454 60354 51961
61290 50807 41193
47682 64895 44451
52130 58806 52789
47194 49900 56796
59262 57537 45159
54433 52443 53786
53965 63607 43549
53113 63909 43807
49615 58148 53896
48565 65096 42163
60709 51818 44577
49385 63690 47923
58121 58558 46870
51966 57892 53379
49767 64924 42913
56635 58886 49366
53199 52846 54533
52833 54947 54152
58010 59571 45673
58284 53184 49785
51058 59687 52607
52707 58913 52460
56047 61481 46703
56762 61800 43176
57451 54264 50753
60338 55329 44102
50065 60482 52161
47808 65035 43586
50195 56650 54493
60175 56876 42421
59351 57838 44302
57781 60768 42775
54839 61061 49167
52003 54325 54716
56690 52488 51921
60600 52889 44817
58050 51414 50288
59870 57056 43759
57436 57496 49414
50758 63199 48372
51948 63893 45679
48648 64726 44789
53157 62470 48485
53353 63720 44224
50898 61953 50504
57065 59456 48041
61298 52914 39490
51760 60310 51902
48293 56052 55153
49281 64073 46968
58517 59753 43017
52815 52931 54718
57009 61494 43935
59387 52867 47795
58903 51061 48972
57988 60526 42850
50066 64464 45188
54631 62817 45466
52171 64350 42564
46149 49416 56939
50812 56603 54339
52290 63438 46789
54750 61992 47762
59650 54363 46879
47424 50643 56708
49974 64896 42730
52067 61842 50265
49740 59285 53139
57616 60891 43371
51545 58239 53370
55545 62326 45266
43830 46180 57264
54842 60817 49437
57599 53410 50723
56403 55316 51659
52658 59719 51932
57222 60489 45961
61307 52401 40765
58907 56182 47587
55326 59157 50431
50652 64160 45918
55959 62436 42354
52741 51118 54910
53608 54213 53970
60274 55889 43803
56277 60838 47523
49101 64453 45832
58936 58451 44740
55711 53366 52751
60419 55950 43049
51516 64149 45206
60513 54162 44445
58350 60055 42651
49286 65037 42013
50575 53259 55517
48595 65147 41146
49702 54243 55529
56779 61675 44199
45520 46914 57163
57331 54269 50910
52360 53346 54825
59621 58064 42046
49725 60550 52117
56245 59308 49544
54259 53549 53723
51761 61886 50324
54594 53729 53453
57587 60813 43825
57647 58195 48355
59331 55989 46744
60939 52293 43399
56486 54431 51906
46480 48217 57008
59854 56271 45035
57517 61106 41394
48696 63887 47537
51240 58700 53193
48855 57508 54349
45832 50778 56821
57387 55732 50463
48651 49045 56595
61079 51605 42767
57857 60222 44511
51915 52169 55263
56762 57666 50130
49299 56600 54727
56412 60790 47371
52996 63185 46861
56859 54151 51546
50829 55846 54660
50228 58900 53308
52193 63571 46511
53014 52032 54705
57424 58009 48934
58288 55169 49246
58721 58800 44824
57058 60935 45448
51130 55309 54728
51865 58483 53105
60468 56197 41242
52763 52073 54839
54539 58143 51752
57923 59333 46319
50154 62562 49934
48004 64497 45936
61224 53564 40086
58813 57997 45908
52864 61960 49554
47100 64801 44909
57702 54341 50397
57168 61407 43115
52028 63435 47023
58362 58744 46026
53870 60565 50451
61226 53464 40817
47771 53859 56003
55761 59686 49654
50254 49003 56061
54954 61186 48876
52367 61128 50924
55066 58944 50802
50139 57506 54102
49476 52588 55978
56566 59486 48867
59330 58572 42545
57683 55111 50235
55690 51936 52928
51027 49422 55771
55631 61621 47212
60154 54341 45597
54757 62957 44601
56744 55712 51233
61026 52013 42995
49937 58142 53842
52267 59639 52204
57007 53297 51516
48926 59178 53308
59591 54941 46735
52724 63710 45461
59628 57647 43578
50071 59806 52704
53885 62080 48612
48488 56283 55026
55168 62953 42904
55369 55453 52431
57487 56921 49837
60542 52645 45157
60823 54977 42125
50698 61298 51300
51088 59260 52888
59781 56755 44616
46621 52217 56473
60089 56371 44003
53098 58993 52188
56268 53443 52239
53838 52030 54195
51584 52300 55378
60598 55309 42996
57587 51029 50881
55172 57159 51762
58215 56906 48517
51719 62492 49287
59089 58763 43395
54937 58752 51041
47942 56063 55177
51870 56709 53938
48817 55410 55359
51913 61467 50765
50397 60671 51936
57182 61443 42332
56434 59905 48545
56501 60296 47908
53527 54868 53843
61358 51160 40251
57183 55123 50940
53091 53898 54358
57868 57882 48276
56532 61981 43440
48051 65201 41058
60981 53030 43067
57556 55677 50264
61396 50359 39031
49784 64871 43396
57549 59829 46425
54563 52199 53714
50269 62687 49643
58475 56726 48124
49061 50946 56349
49782 50339 56191
48006 64648 45438
53007 61183 50518
60321 56566 42423
51910 61711 50495
47645 48258 56889
57970 53482 50210
47873 56495 54972
57391 59631 47135
48177 65169 41517
59107 51670 48495
49607 57523 54221
51042 51116 55723
53588 52078 54353
52216 60214 51781
56275 58881 49825
57142 59114 48298
50774 64330 45141
49094 61781 50888
50504 57305 54102
52035 62281 49499
60561 55956 41827
