100805 59195 7548
99435 62565 7998
99748 63252 7732
90074 77926 9140
101730 52270 7133
100968 57032 7632
99847 63153 7582
98530 67470 7667
77074 93926 8987
101025 57975 7498
83181 88819 9123
85984 84016 9256
62954 99046 8834
73390 96610 8749
66017 98983 8706
83349 84651 9419
60365 98635 8925
54779 101221 8065
58077 100923 8121
73953 86047 9656
78383 88617 9458
100718 56282 7751
64990 95010 9288
79766 84234 9601
77680 92320 9190
94213 75787 8499
75579 78421 9738
98846 63154 8146
90224 82776 8611
100696 59304 7629
100468 57532 7837
69911 98089 8667
80940 78060 9678
99164 64836 7873
85256 77744 9537
101265 56735 7350
90329 74671 9223
72632 97368 8404
93922 76078 8558
57487 100513 8555
98325 67675 7876
83747 86253 9297
83938 76062 9609
95199 68801 8757
85122 79878 9497
97360 70640 7787
94444 76556 8204
100819 59181 7444
97253 70747 7860
101630 52370 7241
88798 84202 8755
73984 96016 8857
83238 83762 9466
71183 97817 8523
100578 58422 7757
74446 96554 8522
98732 61268 8220
85047 88953 8609
92525 79475 8482
67234 97766 8944
95290 74710 8202
74997 86003 9647
74472 93528 9236
82093 79907 9629
96976 66024 8497
92603 71397 9044
77574 78426 9723
96107 70893 8439
75312 95688 8783
71025 97975 8389
78530 93470 8906
75902 86098 9635
71152 96848 8922
85016 80984 9468
97134 69866 8178
79556 85444 9566
62194 97806 9035
83115 87885 9224
79225 82775 9651
79285 93715 8637
80948 77052 9679
73589 86411 9651
97751 67249 8226
78329 89671 9397
99246 63754 7971
101224 56776 7468
69258 91742 9479
100091 60909 7828
89017 72983 9341
95428 72572 8489
56248 100752 8467
89851 80149 9032
76495 91505 9344
96354 67646 8576
70905 95095 9197
95195 69805 8726
85449 82551 9376
87335 78665 9385
83045 76955 9635
72076 96924 8818
101680 53320 7165
98257 61743 8307
63181 98819 8872
95479 66521 8729
75021 90979 9443
91457 81543 8429
99329 63671 7938
92185 76815 8891
78426 84574 9627
58101 100899 8245
89751 81249 8944
61638 100362 8445
84229 85771 9292
75106 87894 9586
87492 77508 9404
86947 77053 9450
78073 85927 9598
61977 100023 8593
88051 75949 9388
76685 95315 8606
68018 97982 8860
98800 65200 8029
94841 74159 8509
86810 80190 9370
70256 97744 8750
85323 75677 9548
73516 95484 9017
78968 84032 9629
76155 93845 9090
101055 57945 7436
89390 83610 8699
99804 62196 7860
70850 96150 9069
82742 90258 8934
99878 58122 8007
101369 54631 7445
93320 69680 8982
100548 60452 7567
73948 80052 9739
92722 79278 8444
87715 79285 9328
86158 80842 9396
101826 51174 7039
78982 91018 9252
95674 69326 8652
91130 77870 8990
77833 87167 9554
96908 71092 8050
66181 98819 8752
90732 80268 8853
95588 73412 8318
101428 55572 7344
101452 55548 7241
96563 67437 8541
94475 67525 8854
72311 94689 9195
87858 83142 9088
59551 100449 8544
61565 100435 8241
86216 79784 9430
70177 91823 9474
58561 100439 8582
82868 87132 9301
74117 89883 9516
78098 92902 9065
99467 64533 7591
80988 84012 9564
82077 78923 9643
76329 89671 9477
94451 72549 8750
100459 57541 7840
76775 78225 9730
53761 101239 8108
92895 74105 8933
100794 58206 7666
53693 101307 7965
64596 99404 8667
74523 94477 9108
76726 89274 9486
74379 96621 8412
100275 59725 7821
77171 88829 9495
76385 94615 8920
94359 76641 8239
66399 98601 8800
84046 86954 9225
82258 77742 9651
86704 81296 9332
78830 80170 9704
100977 55023 7658
87900 81100 9231
85502 77498 9527
95710 68290 8680
73131 91869 9430
81345 89655 9208
86677 78323 9442
69645 98355 8547
91771 78229 8850
72325 95675 9061
91157 81843 8480
101270 56730 7328
72600 97400 8376
59218 100782 8224
78953 84047 9629
84344 89656 8572
74721 90279 9485
72257 80743 9737
79664 92336 8983
90178 75822 9212
83897 86103 9296
73970 91030 9462
89309 76691 9272
78916 81084 9688
94801 76199 7913
96401 71599 8243
63040 99960 8536
64852 96148 9199
97087 68913 8301
98842 64158 8096
97871 62129 8371
77197 94803 8746
78207 93793 8875
73399 91601 9443
95388 68612 8730
78766 88234 9463
98678 64322 8139
79323 89677 9344
59451 99549 8777
74963 92037 9361
99366 64634 7747
71505 87495 9640
98585 66415 7959
82495 85505 9426
95922 67078 8669
94351 74649 8596
66861 99139 8550
93193 70807 8990
98782 63218 8162
86179 81821 9353
87381 79619 9345
100411 60589 7670
81090 91910 8854
85682 78318 9502
82331 84669 9476
65580 98420 8884
69546 98454 8446
77150 81850 9702
72149 83851 9706
86269 85731 9069
57083 100917 8326
66606 99394 8386
77199 89801 9439
71524 95476 9131
69162 95838 9164
96877 69123 8354
101860 50140 7007
85018 77982 9545
74499 95501 8929
91871 79129 8733
99477 64523 7526
70981 98019 8318
91940 75060 9028
101881 50119 6915
90134 76866 9179
79550 91450 9147
65727 96273 9183
71739 89261 9577
101735 51265 7138
70666 93334 9368
83764 82236 9499
77433 93567 9016
86408 82592 9301
99549 61451 8018
99683 63317 7787
77651 94349 8817
73791 95209 9043
97019 62981 8506
61564 100436 8147
53877 101123 8210
58078 100922 8131
74889 96111 8684
60855 100145 8615
83748 89252 8965
79114 93886 8538
61844 100156 8540
88062 78938 9310
86943 83057 9220
97851 64149 8357
74992 95008 8987
88108 79892 9270
95995 69005 8594
74935 83065 9708
97014 70986 7994
68017 98983 8414
88951 76049 9319
57230 100770 8446
94660 73340 8639
84668 87332 9119
91631 81369 8390
83888 90112 8522
88511 73489 9374
63244 99756 8621
92227 70773 9082
68189 98811 8547
99896 60104 7961
79812 88188 9419
78804 83196 9652
94759 76241 8049
99547 62453 7969
77525 80475 9715
81974 82026 9586
85325 86675 9103
65298 99702 8309
85821 85179 9188
101683 51317 7190
84392 88608 8968
57041 100959 8278
90498 78502 9046
91644 75356 9054
58762 99238 8834
84760 85240 9285
88474 80526 9198
72767 94233 9227
72789 92211 9412
79041 86959 9517
78818 85182 9601
87656 75344 9420
85927 88073 8601
86973 86027 8891
91868 81132 8336
69398 97602 8864
64080 99920 8441
100222 61778 7466
59326 100674 8387
101735 53265 7075
71563 84437 9699
94865 75135 8341
57879 100121 8670
65726 97274 9066
83729 90271 8493
99341 59659 8111
87223 84777 9022
77395 82605 9686
98051 66949 8145
68992 98008 8794
66703 95297 9266
87529 76471 9419
82624 83376 9512
97974 68026 8034
82382 80618 9607
93587 77413 8468
85150 81850 9428
98572 64428 8165
88897 84103 8746
97810 61190 8381
77001 87999 9540
82039 77961 9655
70474 96526 9027
75606 81394 9724
76242 83758 9681
86073 78927 9466
78508 87492 9512
69412 92588 9441
101578 52422 7293
77982 91018 9310
73446 85554 9671
77640 93360 9032
88799 85201 8351
72160 89840 9547
71989 96011 9025
83602 77398 9613
84378 88622 8968
87892 74108 9411
89256 79744 9142
99894 61106 7906
75918 95082 8868
91146 79854 8813
78444 90556 9326
88751 82249 9027
98347 66653 8050
83650 80350 9561
98443 64557 8196
73531 83469 9709
75246 93754 9170
64872 98128 8954
98698 62302 8212
100254 58746 7878
96728 71272 8127
82660 86340 9371
73290 87710 9619
79466 77534 9701
81035 81965 9620
99280 64720 7801
73216 82784 9718
71315 96685 8948
75937 81063 9725
77705 90295 9383
63924 99076 8804
81869 89131 9217
100924 58076 7590
85793 81207 9408
99437 59563 8093
80178 92822 8770
61975 99025 8853
87638 75362 9421
66706 97294 9038
76180 78820 9735
81478 84522 9522
73804 81196 9732
99573 63427 7837
97469 64531 8430
74395 88605 9567
61837 98163 8989
77538 89462 9445
74271 95729 8899
91779 76221 8997
86098 76902 9501
67992 97008 9042
72580 97420 8297
80790 79210 9674
70889 97111 8879
98426 63574 8244
76534 93466 9117
95506 70494 8630
60385 100615 8161
64011 99989 8289
71051 85949 9673
100597 56403 7797
55077 100923 8364
61407 97593 9063
73060 96940 8660
80044 80956 9664
67822 95178 9265
82852 82148 9547
98549 60451 8259
94616 75384 8407
62845 100155 8435
59020 99980 8696
53952 101048 8275
80743 83257 9599
63501 98499 8923
83612 81388 9534
55012 100988 8321
71589 94411 9250
101177 56823 7508
101815 52185 7024
73651 92349 9377
53706 101294 8006
98602 66398 7951
97241 66759 8409
68735 94265 9327
98412 67588 7820
68296 96704 9076
99638 61362 7991
93648 71352 8927
91122 80878 8682
93306 74694 8835
74209 91791 9407
71050 97950 8429
52700 101300 8060
67299 98701 8706
93516 78484 8093
77897 88103 9506
77455 83545 9668
84801 84199 9346
78047 83953 9652
64760 99240 8713
86108 82892 9310
69162 97838 8824
68020 93980 9361
86926 75074 9465
80704 90296 9191
76055 92945 9220
99870 63130 7537
75240 95760 8767
98208 67792 7936
83450 83550 9463
82991 81009 9572
58282 100718 8427
65288 97712 9013
73034 83966 9704
76837 87163 9581
71665 97335 8725
100519 59481 7712
92272 73728 9037
62070 99930 8629
84134 77866 9588
72565 88435 9600
94243 69757 8874
94109 76891 8341
64895 99105 8750
92957 72043 8997
97457 62543 8437
79607 82393 9649
68582 97418 8950
86385 77615 9475
74783 92217 9351
72185 82815 9719
92181 79819 8547
99419 64581 7677
54992 101008 8305
96846 65154 8529
78088 79912 9714
80121 82879 9626
61225 99775 8723
66741 96259 9175
85926 86074 9085
97960 67040 8173
76871 93129 9140
81204 88796 9300
73114 94886 9133
76101 86899 9610
96278 71722 8278
94110 67890 8895
65873 98127 8925
99871 63129 7521
90611 75389 9178
94845 69155 8801
84497 81503 9484
70636 97364 8833
76543 78457 9732
74565 91435 9424
70478 90522 9532
86025 75975 9514
76380 90620 9420
81300 86700 9430
91920 76080 8984
64054 99946 8416
59989 99011 8867
69709 91291 9499
97382 69618 8083
100069 59931 7904
97838 66162 8283
78444 86556 9560
84124 84876 9358
71647 96353 8987
86852 76148 9463
73761 90239 9505
75705 88295 9556
54872 101128 8201
55861 101139 8086
78668 89332 9403
72421 91579 9463
67731 96269 9148
82427 89573 9107
69294 93706 9363
82310 86690 9372
91465 80535 8641
79677 93323 8705
95439 71561 8575
87081 86919 8575
73313 96687 8729
81729 83271 9561
96675 72325 7801
88687 81313 9117
84675 83325 9397
90047 82953 8631
67998 99002 8292
75706 91294 9396
74793 82207 9721
60408 100592 8294
81954 88046 9302
89306 74694 9310
92530 74470 8974
87807 86193 8531
93015 77985 8579
70864 91136 9503
94609 69391 8830
75347 84653 9675
84099 82901 9453
101450 54550 7372
85076 85924 9205
76482 95518 8462
64651 98349 8921
56955 101045 8070
87298 81702 9260
64014 97986 9002
90328 79672 8991
64205 99795 8509
81571 88429 9302
80660 78340 9682
96223 71777 8293
64096 96904 9133
72757 90243 9521
84552 79448 9543
52670 101330 7953
97843 69157 7845
80751 92249 8829
76065 90935 9410
91189 76811 9051
81658 90342 9089
97550 65450 8388
66667 98333 8850
99131 61869 8117
82741 79259 9618
80240 87760 9424
80007 90993 9166
62647 97353 9090
74633 86367 9642
51666 101334 7969
74319 92681 9325
73135 95865 8976
72453 90547 9512
73249 84751 9690
71855 86145 9668
70036 96964 8970
89265 77735 9239
75000 89000 9540
95275 73725 8409
65004 96996 9121
96140 67860 8611
97201 70799 7891
101077 57923 7363
98295 65705 8173
62769 100231 8318
95831 74169 7791
81590 85410 9479
78159 81841 9688
95490 74510 8093
78360 90640 9324
97442 63558 8438
94027 71973 8851
83477 79523 9589
72350 93650 9298
92792 76208 8824
93610 75390 8713
62340 99660 8708
95358 69642 8701
70743 92257 9453
97997 69003 7736
83218 86782 9300
91482 73518 9132
83633 88367 9123
100216 57784 7920
99403 60597 8085
93279 72721 8932
68393 98607 8632
94811 71189 8746
50658 101342 7879
86426 81574 9344
96207 66793 8623
96679 71321 8145
76796 91204 9357
97711 66289 8312
77448 84552 9648
64292 98708 8865
70372 95628 9154
75897 80103 9732
88180 83820 8957
80287 77713 9689
88464 78536 9287
100451 56549 7852
61310 98690 8912
68230 97770 8898
95780 72220 8408
99473 60527 8068
84804 88196 8965
80584 91416 9032
77444 91556 9289
69879 96121 9109
90884 82116 8525
67401 96599 9114
97507 68493 8194
96477 64523 8591
93824 77176 8414
69160 90840 9519
96084 72916 8148
82121 85879 9428
91829 72171 9112
90143 72857 9258
93994 74006 8743
80521 81479 9643
98414 62586 8273
70438 86562 9660
99762 62238 7878
93388 78612 8247
85443 84557 9271
66425 94575 9320
77260 85740 9621
96738 70262 8289
89608 82392 8842
99049 65951 7641
93448 76552 8638
82164 90836 8911
80138 78862 9689
97229 67771 8358
69461 98539 8344
59725 99275 8825
65603 99397 8565
83927 79073 9581
85071 76929 9559
91297 73703 9147
100268 60732 7745
65165 98835 8807
76670 94330 8950
79507 78493 9700
77342 78658 9725
56021 100979 8324
99598 62402 7948
99811 61189 7936
76850 95150 8663
87133 85867 8883
73825 94175 9193
85937 85063 9183
98766 66234 7870
99784 63216 7697
58181 99819 8733
73825 93175 9296
76562 92438 9248
72245 86755 9654
79880 93120 8739
89692 73308 9292
65361 99639 8465
94883 73117 8602
61546 99454 8783
88878 78122 9263
91406 78594 8891
76874 80126 9724
76556 95444 8560
67135 98865 8660
75107 94893 8999
82132 88868 9219
87526 82474 9189
60415 100585 8313
88629 80371 9187
101062 57938 7417
83261 76739 9630
75505 92495 9296
89018 82982 8896
94275 70725 8851
98345 64655 8219
85918 87082 8939
75845 82155 9713
71809 93191 9354
94809 70191 8781
72002 89998 9542
88753 74247 9355
98879 66121 7800
76127 91873 9328
78122 78878 9718
94264 68736 8878
76104 88896 9520
92981 79019 8381
68799 95201 9246
95050 67950 8787
76461 88539 9528
62468 99532 8741
72342 96658 8862
77994 85006 9625
100659 55341 7780
96240 69760 8497
101217 55783 7551
88995 78005 9256
80150 85850 9526
78816 93184 8928
62700 99300 8788
93498 77502 8488
72851 97149 8574
67305 95695 9223
65310 99690 8356
78944 78056 9708
73910 79090 9744
72163 92837 9375
71985 85015 9689
98058 64942 8281
96477 72523 7942
74287 79713 9740
55885 101115 8183
93527 73473 8862
95583 72417 8454
97691 69309 7941
94018 74982 8650
75398 89602 9504
75622 94378 9052
89165 78835 9203
74766 96234 8640
76291 84709 9663
96555 72445 7889
87616 83384 9103
75944 92056 9319
58188 100812 8353
75617 79383 9736
90535 81465 8745
93296 75704 8761
80211 88789 9361
86903 84097 9141
92552 72448 9036
93414 78586 8220
84614 80386 9512
92702 77298 8745
86277 74723 9501
94199 73801 8713
80867 80133 9657
83053 77947 9627
71208 92792 9402
79899 81101 9665
88418 77582 9327
91720 77280 8936
82573 88427 9222
91161 71839 9175
76911 95089 8681
75536 80464 9731
60885 99115 8847
90934 73066 9188
56957 101043 8178
59259 100741 8331
95779 74221 7931
73617 80383 9738
88470 85530 8490
57192 100808 8427
85194 87806 8962
79124 93876 8549
96596 68404 8485
67685 97315 9006
71867 85133 9687
79735 87265 9472
85668 76332 9532
68688 98312 8712
66224 98776 8764
92556 78444 8647
64452 97548 9055
99854 63146 7569
81092 87908 9369
58094 100906 8227
63583 99417 8720
98961 66039 7737
75205 80795 9730
70764 89236 9584
96335 64665 8611
87883 85117 8833
77257 87743 9545
100926 55074 7679
100326 59674 7800
73628 79372 9743
80504 89496 9293
60903 99097 8850
90310 73690 9239
81684 77316 9664
73606 96394 8793
