60647 103353 9009
81057 92943 9681
77484 93516 9880
97920 67080 8296
73331 92669 10055
83226 83774 9988
68748 91252 10150
77587 94413 9801
96823 70177 8626
77231 89769 10088
97852 69148 8126
80071 93929 9659
67374 102626 8649
88462 87538 9268
72711 89289 10184
93900 80100 8889
69763 92237 10110
82948 88052 9923
80669 86331 10059
83297 91703 9588
94047 75953 9115
72383 94617 9961
81755 90245 9877
93525 81475 8672
85456 91544 9230
93762 77238 9146
65459 102541 9167
96490 73510 8568
92976 81024 9081
68704 102296 8860
78904 85096 10120
60310 103690 8701
80792 87208 10039
79637 96363 9319
95624 72376 8868
87207 87793 9498
91063 82937 9314
88983 82017 9602
77913 97087 9403
74154 89846 10152
78553 93447 9830
71451 94549 9982
88298 88702 9076
91496 79504 9387
66559 102441 9122
93151 79849 9163
68092 98908 9695
85283 89717 9565
80939 84061 10070
64283 102717 9151
93363 78637 9170
83239 90761 9701
74146 99854 9197
96294 72706 8727
78524 85476 10128
85363 81637 9879
77015 91985 9999
66429 98571 9736
98445 64555 7817
68854 101146 9351
87332 88668 9340
86239 91761 8845
79381 89619 10031
56119 103881 8720
79030 91970 9926
73907 99093 9426
70676 98324 9700
61000 103000 9125
80362 87638 10045
73458 88542 10194
88135 82865 9662
68204 95796 9942
81271 89729 9940
70750 100250 9418
79900 92100 9859
66346 101654 9357
67697 92303 10113
71759 101241 9013
81195 95805 9097
76987 96013 9666
82579 91421 9699
68399 99601 9607
96655 71345 8657
75155 99845 8883
73490 90510 10143
74025 92975 10027
66319 97681 9812
98520 62480 7816
91283 84717 8948
91090 84910 8985
71820 100180 9368
78299 97701 9167
64858 103142 8781
66237 102763 8970
57523 103477 8989
72275 87725 10213
74645 90355 10127
59548 103452 8992
94706 78294 8833
67943 96057 9928
70105 91895 10122
75148 99852 8840
62824 102176 9315
95974 75026 8662
90551 84449 9254
69152 85848 10232
82357 94643 9216
76437 90563 10085
75862 93138 9969
96520 71480 8691
98602 61398 7663
66009 100991 9468
88806 85194 9498
75374 93626 9953
81287 88713 9982
69460 93540 10056
71984 101016 9091
79037 85963 10111
72338 95662 9893
78701 93299 9834
82788 93212 9439
80271 96729 8884
77592 86408 10145
78225 94775 9718
95821 72179 8833
73644 100356 9072
66101 102899 8742
83310 92690 9443
96745 73255 8368
76289 93711 9913
81871 89129 9937
58868 103132 9107
67415 102585 8855
62639 103361 8935
79967 91033 9934
71492 97508 9756
72888 95112 9919
63965 102035 9327
69077 99923 9553
78925 88075 10083
87491 82509 9720
69871 100129 9490
94975 75025 8967
87249 89751 9154
67377 102623 8767
82188 85812 10011
65958 102042 9292
84634 83366 9913
76081 95919 9735
93132 75868 9227
95154 77846 8549
70907 89093 10203
89610 83390 9497
81090 83910 10066
90237 85763 9105
96970 71030 8570
89682 85318 9341
77972 93028 9895
71902 86098 10224
80358 94642 9537
96068 74932 8610
74607 85393 10200
71333 93667 10033
75510 99490 9079
94039 79961 8838
94479 79521 8576
76976 91024 10052
86206 90794 9204
69607 95393 9956
91382 82618 9282
75963 87037 10174
96257 74743 8470
97383 70617 8369
82260 90740 9798
76211 90789 10083
97225 69775 8507
89039 82961 9579
70806 91194 10144
88423 79577 9669
79382 92618 9849
72304 92696 10068
71433 90567 10161
83012 86988 9947
77259 97741 9353
60339 103661 8820
97951 68049 8220
86332 87668 9644
72132 89868 10174
82031 82969 10037
73951 95049 9896
87002 84998 9712
75736 92264 10024
74401 97599 9639
92578 81422 9149
83054 89946 9794
73799 98201 9596
77283 88717 10116
95051 77949 8679
88856 80144 9633
71172 87828 10220
96144 73856 8726
70650 93350 10055
72786 98214 9641
69923 88077 10222
69435 101565 9211
74686 98314 9512
62713 103287 8983
66028 99972 9598
75223 98777 9363
72805 86195 10218
71091 98909 9621
93414 81586 8763
89559 87441 8922
91750 82250 9243
82446 89554 9877
71546 89454 10190
87938 84062 9656
85649 85351 9813
76664 94336 9850
73150 100850 8757
86978 81022 9774
96265 73735 8689
75083 91917 10058
72759 97241 9745
77101 96899 9532
67652 96348 9911
98625 60375 7512
93489 79511 9105
79775 95225 9510
80130 96870 8802
69547 101453 9238
79345 86655 10096
64928 103072 8897
62224 102776 9177
93853 75147 9143
58366 103634 8902
72264 100736 9164
67196 101804 9308
77384 98616 8854
93501 80499 8979
69485 97515 9797
93780 80220 8922
94799 78201 8799
65142 102858 9042
87365 89635 9146
58582 103418 9016
64721 102279 9269
94588 76412 9016
61465 102535 9247
96446 72554 8687
91878 80122 9332
73640 93360 10013
66145 102855 8850
68555 100445 9491
70695 87305 10225
84320 82680 9937
63275 100725 9525
93594 78406 9140
86943 84057 9736
73162 87838 10205
76095 89905 10112
64776 99224 9686
76038 85962 10178
71026 86974 10226
88289 84711 9593
73294 93706 10000
60206 102794 9193
94145 79855 8799
86624 91376 8792
78285 86715 10124
91022 85978 8611
80000 97000 8646
83406 85594 9954
76349 89651 10113
71279 96721 9833
73746 89254 10174
94155 77845 9052
69304 89696 10193
70259 96741 9852
84730 91270 9429
58250 103750 8814
73181 95819 9858
77639 98361 9029
70789 86211 10229
82388 82612 10025
95685 74315 8838
80810 90190 9941
74293 99707 9227
77581 87419 10134
69521 96479 9884
83493 86507 9933
84371 92629 9253
98175 66825 8108
98158 65842 8179
76682 96318 9652
98023 67977 8146
79351 87649 10079
78246 93754 9821
83517 90483 9701
85056 92944 8802
97544 70456 8171
70199 101801 8975
82064 84936 10028
95041 73959 8966
79511 85489 10102
71575 98425 9665
97691 69309 8324
72993 96007 9848
75519 97481 9584
80706 91294 9869
64182 101818 9366
77387 98613 8876
67760 101240 9386
81699 95301 9161
86267 89733 9396
72312 96688 9808
88086 79914 9695
94312 79688 8729
84199 81801 9945
90208 86792 8819
82149 93851 9428
62296 101704 9393
87293 81707 9744
70489 95511 9938
86878 85122 9719
85815 87185 9734
74011 99989 9168
98437 64563 7962
70368 99632 9545
97656 69344 8362
96326 74674 8363
64743 98257 9768
78043 94957 9711
87124 86876 9606
90207 80793 9507
89515 80485 9572
92602 76398 9284
70565 101435 9131
68194 96806 9872
60313 103687 8781
73146 100854 8686
76922 93078 9934
94517 75483 9044
94235 76765 9073
95706 75294 8775
62962 103038 9071
74449 88551 10181
72536 90464 10154
75340 85660 10190
83597 89403 9788
79471 96529 9303
89016 85984 9389
85927 82073 9840
70113 101887 8914
82571 86429 9982
73842 100158 9131
93175 78825 9192
75043 86957 10191
97569 68431 8410
80702 96298 9026
65900 97100 9859
80606 92394 9780
80065 96935 8756
73898 99102 9425
94722 75278 9010
64380 102620 9181
68600 92400 10109
95830 74170 8806
95530 75470 8832
67678 100322 9528
74745 99255 9302
97059 69941 8560
97556 70444 8109
67803 102197 9114
95019 76981 8883
75159 87841 10180
95845 73155 8821
91384 81616 9348
63145 102855 9133
88158 84842 9602
80214 84786 10088
69887 90113 10181
57139 103861 8542
80444 88556 10020
97126 71874 8338
66881 102119 9230
76226 92774 9979
79270 83730 10113
97171 71829 8295
85677 89323 9556
87627 83373 9695
84594 85406 9884
64849 103151 8684
72389 100611 9192
69171 92829 10089
82598 87402 9958
70860 100140 9432
84196 89804 9696
61777 101223 9461
93597 81403 8591
87887 81113 9704
91614 79386 9375
88726 88274 9027
66411 94589 10013
71183 91817 10118
87053 89947 9165
80492 96508 8972
69298 94702 9998
87291 85709 9655
68698 102302 8732
65213 102787 9077
76936 95064 9778
98032 67968 8098
69252 93748 10048
73624 95376 9881
60311 103689 8777
75042 97958 9544
66644 101356 9402
88606 81394 9643
89655 79345 9570
98266 64734 8116
70037 101963 8817
88703 87297 9250
71566 99434 9519
91015 83985 9204
71977 89023 10196
79219 88781 10059
74667 94333 9926
80069 89931 9991
72871 93129 10040
64038 100962 9493
73180 100820 8841
77847 98153 9081
87213 82787 9738
88702 80298 9645
97550 69450 8401
97010 69990 8574
72441 90559 10152
96319 74681 8403
65773 102227 9255
95866 73134 8817
83882 86118 9917
71139 97861 9732
66396 97604 9818
86715 81285 9791
85790 88210 9661
82970 92030 9589
91819 83181 9108
67472 102528 8944
61947 103053 9092
82669 93331 9438
75879 90121 10111
74744 96256 9765
73526 97474 9689
70543 97457 9783
94951 73049 8984
80350 88650 10021
74876 93124 9998
59346 103654 8864
78327 87673 10109
55089 103911 8625
68287 92713 10097
67307 100693 9485
71643 96357 9856
76812 88188 10141
81277 90723 9874
90459 82541 9430
94311 78689 8942
66518 95482 9964
93135 81865 8849
96596 72404 8638
90627 86373 8734
64292 99708 9642
76215 87785 10161
75853 95147 9818
65455 98545 9743
82082 90918 9798
75489 88511 10164
80785 85215 10070
57222 103778 8820
72499 96501 9819
70002 98998 9647
90589 82411 9419
77792 85208 10146
72526 99474 9455
56094 103906 8632
97650 67350 8391
84874 81126 9907
81649 83351 10049
83214 85786 9962
81498 86502 10027
68732 102268 8932
69160 101840 9135
92652 83348 8527
81378 87622 10008
60692 102308 9298
66495 99505 9646
71135 95865 9904
75605 92395 10021
81029 95971 9074
70904 101096 9227
74132 87868 10196
93297 76703 9205
65961 101039 9462
63739 103261 8887
95934 72066 8811
73307 100693 8954
73543 99457 9382
69991 86009 10231
78329 96671 9433
81651 93349 9572
72097 94903 9948
96817 72183 8552
94285 74715 9088
85201 90799 9420
81537 94463 9413
75305 86695 10188
66346 100654 9508
81682 84318 10046
95694 71306 8858
88883 84117 9552
95057 75943 8940
93935 79065 9022
71550 101450 8726
83609 83391 9972
98159 66841 8143
64923 102077 9304
87633 88367 9322
57296 103704 8870
71107 96893 9822
95003 77997 8704
75189 99811 8960
98558 62442 7732
98510 63490 7799
90652 81348 9450
73945 96055 9815
69808 98192 9731
68355 93645 10057
73084 98916 9520
97514 70486 8273
66389 102611 9045
91198 85802 8458
86951 85049 9715
85699 92301 8837
90904 81096 9426
95418 74582 8890
87281 90719 8651
72459 86541 10220
98568 62432 7668
64097 102903 9083
88275 86725 9439
76574 87426 10158
69300 88700 10215
87907 80093 9708
97019 71981 8438
88365 80635 9671
96780 73220 8300
78678 96322 9454
87970 85030 9614
92583 83417 8617
85940 91060 9216
65665 102335 9226
78693 95307 9611
73120 96880 9767
92821 77179 9258
74682 84318 10199
70400 101600 9072
58947 103053 9128
68123 94877 9995
73966 86034 10208
95539 76461 8685
81730 87270 10003
97174 68826 8539
70650 99350 9576
70134 90866 10160
74835 95165 9857
89633 87367 8911
77255 85745 10155
68116 97884 9783
63768 103232 8912
65390 101610 9384
83752 87248 9899
83390 93610 9244
76163 84837 10179
70559 88441 10215
79217 93783 9754
81412 85588 10043
74122 86878 10204
73588 87412 10205
90107 84893 9299
72784 91216 10128
94396 79604 8665
84661 87339 9829
76480 98520 9267
62639 102361 9278
95293 73707 8923
96072 72928 8777
78205 83795 10137
77532 98468 8971
86423 84577 9767
92268 80732 9262
79781 84219 10100
92073 77927 9337
60413 103587 8868
61776 103224 9035
59793 103207 9072
95690 76310 8605
65249 100751 9512
83082 82918 10001
69573 90427 10174
80794 93206 9676
78484 93516 9828
70264 101736 9014
83565 88435 9859
79253 85747 10107
69247 97753 9780
56139 103861 8774
68240 101760 9242
68682 94318 10022
80477 83523 10082
95325 76675 8781
86008 88992 9547
84803 87197 9824
92227 76773 9322
76467 97533 9486
66863 96137 9927
78976 97024 9252
89766 86234 9157
73071 85929 10216
83398 82602 9986
66868 94132 10036
78242 90758 10023
78981 91019 9982
89776 83224 9484
96605 73395 8506
96324 71676 8734
96755 73245 8354
80971 94029 9556
80535 95465 9373
73053 89947 10164
87077 80923 9767
86418 80582 9812
70868 92132 10108
61300 101700 9394
72588 88412 10203
83690 86310 9925
96181 74819 8539
97272 68728 8508
84595 89405 9689
82378 92622 9582
67249 97751 9801
94047 77953 9069
78796 96204 9461
92420 83580 8694
71677 85323 10226
74504 91496 10088
62459 103541 8767
89114 87886 8981
64372 101628 9398
95783 76217 8443
80797 89203 9987
78129 97871 9137
82267 91733 9698
92201 78799 9314
95769 76231 8512
91249 78751 9419
97363 67637 8481
94550 77450 8985
68886 102114 9018
93298 77702 9198
78379 89621 10060
75388 89612 10136
62422 101578 9413
67215 99785 9603
95130 77870 8586
67665 94335 10026
97494 68506 8435
71583 101417 8880
63636 103364 8778
82753 84247 10007
94564 74436 9045
79741 87259 10075
67991 100009 9564
74204 90796 10121
61966 101034 9486
70007 93993 10029
83598 84402 9962
94538 78462 8891
98645 59355 7432
96521 72479 8663
86875 88125 9515
68765 89235 10205
71711 88289 10211
71831 99169 9548
68332 97668 9799
67282 98718 9719
76597 86403 10165
84086 86914 9884
87925 88075 9303
69679 99321 9617
75375 99625 9034
64489 102511 9210
74171 87829 10196
86155 80845 9829
72842 93158 10039
58187 103813 8633
73906 92094 10072
70727 101273 9181
72878 100122 9286
81639 92361 9691
93613 81387 8556
75839 98161 9436
68505 96495 9894
75964 89036 10139
66905 95095 9985
66613 100387 9539
67892 93108 10081
92598 82402 8973
83984 91016 9582
92333 83667 8717
72552 98448 9620
95196 77804 8472
81823 91177 9797
90361 83639 9382
76816 87184 10155
97214 71786 8141
77298 91702 10006
65053 102947 8995
98072 66928 8217
78444 97556 9187
81935 85065 10031
93495 77505 9177
80050 96950 8732
98351 65649 7927
96259 74741 8468
62425 100575 9544
77571 88429 10115
67582 102418 9017
70065 100935 9327
75342 97658 9570
89532 86468 9181
77881 86119 10140
75720 99280 9133
58218 103782 8783
70629 92371 10100
81724 88276 9977
72224 100776 9155
78773 91227 9978
72160 96840 9799
76597 85403 10169
66834 102166 9216
91884 84116 8825
88168 80832 9685
73831 94169 9963
91186 85814 8504
84173 88827 9781
70625 101375 9150
86697 86303 9689
84517 84483 9907
81969 92031 9695
87597 82403 9713
69214 86786 10231
74255 88745 10180
77439 98561 8917
62485 103515 8806
95299 74701 8911
77557 97443 9377
82677 89323 9874
59236 103764 8751
70818 90182 10176
70526 94474 10000
71035 92965 10069
85657 86343 9785
92373 79627 9283
82483 85517 10004
90845 82155 9397
75564 87436 10178
92739 80261 9210
76503 88497 10141
63510 101490 9425
92799 76201 9263
84996 88004 9764
63324 101676 9396
68597 99403 9627
81477 93523 9568
77534 90466 10060
71944 88056 10212
95319 72681 8921
85969 83031 9830
87713 87287 9471
70099 101901 8901
75981 97019 9616
88300 80700 9676
73410 86590 10213
66784 102216 9200
83029 88971 9869
97987 68013 8184
68028 101972 9192
80049 91951 9861
63210 102790 9154
