57520 62735 62052
63106 57227 66701
59449 60329 67360
62522 59680 62073
59879 56257 69850
65235 55344 60904
55446 58138 70222
59202 57592 69832
55314 60232 69025
57714 53944 70620
55408 60146 69081
63105 59119 61491
62144 59555 64998
56619 61537 66982
66078 52129 60141
61811 56686 68579
60853 54293 69692
65648 53008 61955
62804 58633 65495
66164 52000 59306
63912 55180 66284
61236 59353 67097
62133 59636 64718
59922 60217 67157
53539 63594 62940
61523 53862 69309
52428 64172 61316
63037 59262 60155
53716 61409 67761
61037 56489 69216
61550 60313 64043
58523 57771 69950
62867 59425 59743
60084 53774 69982
65669 54283 58773
58122 57926 69994
63065 53653 67675
56122 62885 63825
64485 55089 64932
57722 57381 70330
65260 55592 59719
60218 58170 69039
62451 59580 63778
59491 61730 62430
59651 55256 70027
62096 59956 63290
64732 55214 64048
56087 55521 70758
55491 54451 70853
55634 55089 70826
61524 59913 65633
51926 64249 60063
54883 63249 63364
64225 57873 60834
62705 59162 64558
58957 61734 64413
61407 58470 67982
65382 54402 61785
65650 51009 62612
54071 63494 62991
59674 57127 69816
63149 56492 67133
63542 57245 65616
54821 57541 70444
61419 60267 64649
55111 63526 61474
63410 58629 63320
60697 56318 69484
54874 61529 67481
50890 64329 59467
52377 63720 62918
57840 60255 68412
54788 61899 66895
55109 63085 63816
65782 50530 62065
63349 58212 64719
53520 62115 66618
56716 60183 68829
60527 59878 67125
63760 58204 63244
65363 54107 62340
60100 55811 69826
66308 50968 58912
56934 58688 69892
61408 57707 68603
65473 50882 63261
56973 55607 70635
61606 57556 68545
59045 55025 70239
65144 55590 61023
64480 57210 61657
66374 50036 57554
62148 58539 67112
64766 54307 64568
62447 55885 68150
56813 59139 69668
54995 59408 69643
59290 55344 70140
59114 53637 70267
65015 52907 64530
51768 64236 60860
65192 54182 63120
55515 62033 66418
61786 60233 62923
60751 54898 69681
61855 59425 66029
62311 57804 67525
59374 59922 67953
56728 58958 69797
52867 62969 64888
53721 62892 64984
62846 57621 66841
53470 62782 65305
62204 59946 62373
56217 56882 70558
60941 58865 68040
62047 58963 66571
61581 59358 66629
65710 53982 59966
58673 60174 68072
55242 61328 67734
54848 63670 59607
58821 62076 62543
63051 58758 64611
55956 63135 62823
61804 60233 62599
56860 57961 70246
65383 55242 59078
59282 58870 69024
65408 54935 60416
58212 58966 69453
64517 54244 65278
63749 55835 66257
65065 55305 62280
60104 61412 61744
57688 61603 66301
54332 62272 66269
52859 63239 64219
51919 64152 61464
55849 61433 67442
55616 58626 70034
57371 56152 70521
58353 56239 70355
60923 60830 62770
56334 61322 67448
60790 59891 66884
54901 59494 69587
58737 59536 68736
64004 58054 61837
52667 64144 60192
60363 56419 69622
55242 61893 66813
61793 59976 64543
56399 61974 66224
64790 56227 62226
61077 60780 60496
52344 63966 62178
58060 62300 63625
61838 59102 66701
60695 60734 64886
63611 57394 65196
65607 53965 60866
65490 52448 63083
61367 55887 69101
61198 60649 62735
64637 53626 65224
56833 58627 69940
65833 51384 61714
57261 56869 70454
57040 62927 60912
55593 53846 70864
64633 55701 63873
57676 62320 64119
59340 61566 64337
58769 54654 70330
51228 64265 60561
62905 54677 67865
65151 55139 62031
54878 59080 69841
63609 57818 64579
62719 53852 68095
55102 62381 65826
56134 58699 69996
62860 52891 67930
51293 63631 63256
56795 56042 70620
59910 59497 68108
65048 56168 59812
56950 62672 63848
65321 54348 62287
55722 62422 65440
64492 57412 59991
62501 54465 68347
55094 63482 62058
61298 60515 64064
60042 58862 68651
64691 56171 62959
58366 61005 67171
58936 59290 68863
54949 63615 60737
54060 63771 61837
60196 60366 66729
65043 54693 63350
62395 59866 61182
60447 59661 67489
65779 51444 61986
65243 52323 63967
63581 58645 61117
62926 57950 66377
56811 54630 70743
63740 56092 66095
63968 58250 60321
59197 61256 65768
64367 55898 64752
66007 50871 60825
59412 58822 68996
62012 53899 68876
59319 60126 67763
64499 54310 65292
53976 61742 67244
51766 63757 62887
58131 62003 64652
64898 56504 60520
56385 62386 65163
57828 60801 67734
64250 57697 61791
62994 58963 64220
61427 59808 66023
64030 56415 65202
61972 58501 67349
62867 59246 62878
64039 57993 61927
59980 61429 63378
65506 53018 62601
61027 60393 65343
61790 57315 68448
59205 61904 61483
54404 63782 60874
61064 59958 66284
63966 53760 66481
64599 53241 65430
61807 60282 60994
56913 54025 70754
53054 63519 63427
65812 53095 60900
60942 58102 68661
57232 61976 65675
55818 62852 64218
60470 60433 66129
54998 63612 60267
59662 61655 61650
57069 59725 69248
54788 62782 64909
66278 51579 58043
55452 63450 60814
55429 55959 70792
61572 55017 69135
56372 59052 69812
58666 62167 62378
60832 57359 69182
59458 58178 69412
62694 59243 64278
57061 61456 66971
63954 54965 66291
65224 55223 61304
53968 58622 70064
60940 60878 58991
62730 57471 67127
58686 62167 61842
62425 59180 65368
54339 63139 64060
56603 55810 70673
62148 55365 68556
65935 53317 58014
57816 54620 70595
62598 58499 66208
57405 62355 64381
65840 52256 61528
55958 63212 62200
66111 52455 58497
51871 64026 62054
53675 63946 60282
54900 61023 68172
55216 63409 62366
65039 55120 62736
57459 58418 69925
64155 54843 65876
53102 63831 62344
56692 56307 70597
65972 52921 59919
56097 63213 61526
54786 62266 66187
56441 60428 68627
65995 52883 59581
63967 57537 63896
53418 63016 64736
63173 58075 65493
64872 55768 62603
59895 56681 69792
56094 60735 68352
56531 63119 60357
57167 62744 62840
