40290 36768 41389
38134 32521 42541
35826 36313 42427
44930 36110 37323
39093 34001 42181
43086 39147 35517
41421 40458 34680
38699 37971 41386
32336 33447 43314
42345 36559 40364
45093 36241 34891
40838 38685 40236
38216 41510 35294
36847 35588 42498
43515 38708 35675
43514 37582 39090
45580 33998 34994
37865 37207 41913
38661 41046 37741
44613 37144 36714
43443 38097 38589
43804 38268 37290
45468 35055 35207
41635 40140 37750
40041 40075 39222
45620 33670 34393
40978 35392 41271
40904 40077 38810
34926 31682 43435
37927 40824 38287
40974 40749 35721
34264 33785 43167
37559 41587 34732
40524 40751 37434
36091 37708 41906
33111 33957 43185
40552 34584 41564
42429 39716 36344
38510 38810 40951
42655 39553 35510
45463 35062 35302
38538 36280 42014
32971 35299 42885
36314 34605 42802
38242 41528 34341
42132 38949 39303
37598 33893 42662
43762 37942 38162
43029 39057 37561
38593 39416 40397
34598 34306 43059
39345 36233 41844
42069 39986 35976
38428 41415 36182
35036 32704 43306
42531 39661 34900
45507 34841 34526
37356 36400 42235
38752 34293 42299
32891 31007 43492
33742 35136 42909
44320 37092 37975
44084 35943 38842
37138 37684 41809
45008 36470 36014
45514 34768 34975
42311 35125 40484
38941 39185 40556
39749 41139 36939
36281 35880 42523
44674 35026 37892
39001 37420 41523
45616 33846 34297
40926 40569 37453
44239 37579 37491
38899 41451 34903
35576 37301 42099
42087 35550 40609
43998 38177 35523
41621 37516 40475
35344 33336 43194
36798 41637 34026
40037 40732 38027
39530 41311 36201
45160 35037 36775
39496 40355 38969
44469 36041 38227
37096 34099 42775
38810 37742 41458
35768 33491 43112
42711 39492 36147
39966 41200 36314
36141 37427 42009
43477 37788 38906
37809 41571 33271
42893 38172 39317
37388 38626 41326
43469 38735 36306
38614 41484 34702
37358 40329 39145
43497 38287 38209
44004 37678 38033
38645 39138 40652
38740 40419 38959
37560 41487 35744
40404 40586 38078
38109 39592 40274
36878 38988 40975
34029 35214 42880
39075 41108 37539
41368 38648 40016
38466 38074 41389
35503 35243 42794
34937 35819 42656
39140 41252 36798
45553 34554 34294
38503 38542 41156
39572 39028 40523
44143 37848 37102
39177 37957 41244
43147 36387 39836
40217 34841 41692
42355 37738 39929
34513 35664 42738
44567 37068 37062
36377 41638 33382
40171 38162 40838
39962 39808 39731
38229 40947 38007
38507 39064 40745
38912 33158 42270
33696 35687 42739
45559 34265 35149
39575 40622 38460
39359 41080 37536
42371 37306 40162
42047 40013 35525
34790 32487 43349
41093 40125 38601
33353 31286 43479
43960 37022 38898
39308 39039 40607
39695 39656 39947
38392 40550 38786
37658 34950 42506
44846 36830 35672
45371 35479 35984
41313 35135 41143
34356 35320 42838
45563 34089 35245
40726 40271 38550
43212 38133 38953
44139 36785 38751
44578 37369 35517
43200 36636 39711
44100 38057 35999
41439 39757 38893
44069 37923 37243
43035 38889 38080
36976 34286 42762
43668 37383 39046
41232 39579 39334
36844 32883 42983
41816 39674 38538
43843 37455 38646
41571 36144 40898
42722 39076 38480
41606 37016 40639
34464 31403 43448
43131 38620 38469
43492 35828 39625
45605 33565 34637
43438 38601 37550
41572 38907 39690
38981 38528 41014
41658 37984 40242
41932 39368 38969
45341 34918 36272
41202 39298 39619
38592 39689 40134
38819 40686 38450
45591 32852 34857
38847 38210 41225
33316 32458 43435
