96063 40937 6066
75291 75709 7635
77000 71000 7920
72808 74192 7830
86968 58032 7767
74930 68070 8079
78177 75823 7420
80990 70010 7768
77181 74819 7622
69384 76616 7699
73429 71571 7969
63146 81854 6965
87555 65445 7300
83359 61641 7953
75723 75277 7662
76501 67499 8073
89827 63173 6786
74966 79034 6951
90600 53400 7434
84555 64445 7815
62479 78521 7552
80201 73799 7489
95654 46346 6264
71891 74109 7847
84647 70353 7256
89177 61823 7322
81444 74556 7176
87133 67867 6869
75339 69661 8030
89273 62727 7176
91054 53946 7374
71811 78189 7458
94000 53000 6225
72449 71551 7976
96046 42954 6119
67334 81666 6649
93986 53014 6308
71343 79657 7213
80257 75743 7121
92490 55510 6940
74538 63462 8149
73368 67632 8094
86734 57266 7792
95062 48938 6441
94409 51591 6390
90681 61319 6751
90919 59081 7118
92604 53396 7107
73731 75269 7729
77972 74028 7646
93972 53028 6364
91161 56839 7264
93187 54813 6644
87747 54253 7711
86758 65242 7492
88385 62615 7433
66772 81228 7036
84688 65312 7761
78549 74451 7572
83272 71728 7329
95192 48808 6322
84838 59162 7900
77823 62177 8123
73180 79820 6889
66181 80819 7157
91020 54980 7365
78215 66785 8053
70190 80810 6900
56211 82789 6377
81366 72634 7497
82784 68216 7752
94527 46473 6789
80303 71697 7686
65491 76509 7722
91847 57153 6995
78717 64283 8087
70318 74682 7831
85369 67631 7484
79854 69146 7897
68567 76433 7719
83088 64912 7899
92279 57721 6450
77698 77302 7121
87526 57474 7722
77674 69326 7985
77412 75588 7524
77703 65297 8095
73384 64616 8142
66697 81303 7016
85867 68133 7333
91565 59435 6566
78515 64485 8089
74998 73002 7863
90103 56897 7452
95452 47548 6291
72612 77388 7535
85053 59947 7884
90634 61366 6777
77144 62856 8129
88631 65369 6858
84257 57743 7930
61210 81790 7022
71680 80320 6941
83378 63622 7917
68070 79930 7296
91859 58141 6788
80413 70587 7767
91125 55875 7320
72190 79810 7101
82245 58755 8008
74703 78297 7259
83574 57426 7959
59264 81736 7039
93520 50480 6978
86301 67699 7291
81926 61074 8013
95917 44083 6212
92387 56613 6798
72545 76455 7647
80612 72388 7600
91189 55811 7310
56592 82408 6813
63729 82271 6666
82208 62792 7990
90574 55426 7418
87447 67553 6625
85665 69335 7174
72856 79144 7237
74218 70782 7998
86235 61765 7771
66133 81867 6729
95981 44019 6110
86658 58342 7791
87304 67696 6784
88636 55364 7633
87351 67649 6758
88230 64770 7194
73105 79895 6831
72193 64807 8143
62569 82431 6606
57249 82751 6582
84585 63415 7849
72400 74600 7808
63097 79903 7380
74165 75835 7664
70467 75533 7769
75356 76644 7518
89004 58996 7545
58606 82394 6818
76592 75408 7595
87712 61288 7630
75035 75965 7618
80976 73024 7496
58552 82448 6791
78326 76674 7207
81495 65505 7964
64072 78928 7505
73397 61603 8159
68032 73968 7876
74136 60864 8158
94503 51497 6300
81626 62374 8016
92222 57778 6530
75325 64675 8132
67949 81051 7031
81502 70498 7693
88344 64656 7176
72997 76003 7679
79049 73951 7586
82112 68888 7759
82350 65650 7914
79369 69631 7895
77833 64167 8107
71945 63055 8157
94894 48106 6618
86765 60235 7761
79525 75475 7322
67403 81597 6806
75607 78393 7116
80713 68287 7892
77230 77770 7018
91612 59388 6507
62913 82087 6886
79958 64042 8059
85895 63105 7757
70101 80899 6765
74320 71680 7954
69483 78517 7489
78723 65277 8074
72566 68434 8081
66221 78779 7511
96064 40936 6031
82602 59398 7994
88716 61284 7483
71677 73323 7897
86673 66327 7386
90013 58987 7381
69669 79331 7358
90096 53904 7491
61912 82088 6915
76232 64768 8125
73544 79456 7046
75966 66034 8109
91325 51675 7353
89669 52331 7537
83733 72267 7108
73542 65458 8129
78723 76277 7251
95634 43366 6416
92296 56704 6833
86670 60330 7767
92037 57963 6693
81435 68565 7832
70924 76076 7719
79351 76649 6965
92686 52314 7130
80616 61384 8055
95319 47681 6424
79639 75361 7329
84932 67068 7622
78548 75452 7439
74795 65205 8129
67964 79036 7447
93720 52280 6787
70140 79860 7228
83086 65914 7854
63241 79759 7403
92875 56125 6390
87094 56906 7763
72938 73062 7898
95130 43870 6605
85452 57548 7870
91012 55988 7337
78570 62430 8106
90817 60183 6976
94309 48691 6815
76222 62778 8141
82732 62268 7975
60583 82417 6806
85456 70544 6789
90573 59427 7193
88311 61689 7526
75679 77321 7383
81409 60591 8032
74131 66869 8105
83083 57917 7979
90022 62978 6615
72270 71730 7969
93034 48966 7100
66747 81253 7030
84717 71283 7026
73267 76733 7595
75520 67480 8086
79555 61445 8084
93773 49227 6943
68940 77060 7661
81932 72068 7496
70794 76206 7710
85294 66706 7599
89024 54976 7600
91536 54464 7289
89469 63531 6950
94918 50082 6251
79252 65748 8051
85579 60421 7847
87183 61817 7674
83889 58111 7946
72081 69919 8044
95523 46477 6383
88181 62819 7457
79217 75783 7298
88107 63893 7355
58253 82747 6550
74868 79132 6804
89291 59709 7481
84090 61910 7916
86189 58811 7826
91398 58602 6968
93873 51127 6840
85614 56386 7861
92883 55117 6794
84801 66199 7700
78811 76189 7260
88982 61018 7451
74424 76576 7572
74255 64745 8137
87618 54382 7722
67360 81640 6748
73709 73291 7874
93210 52790 6951
95681 46319 6236
91862 54138 7239
66647 78353 7556
63899 81101 7149
68820 73180 7915
82628 64372 7939
63839 82161 6783
68903 80097 7229
76666 62334 8138
90312 61688 6910
74853 75147 7708
76500 74500 7690
70720 62280 8160
72037 79963 7064
82458 71542 7493
65914 81086 7101
75504 74496 7736
73492 78508 7332
93219 50781 7045
92172 54828 7132
65019 80981 7153
71355 65645 8130
59530 81470 7103
90934 58066 7224
71551 80449 6812
73987 68013 8084
71936 79064 7309
83065 58935 7978
94483 47517 6795
63125 80875 7212
85104 70896 6937
77674 73326 7721
90905 57095 7311
60386 82614 6612
81505 64495 7993
74151 78849 7169
89819 58181 7459
71620 77380 7568
65303 81697 6941
64788 81212 7105
77950 77050 7157
74525 73475 7842
71695 79305 7275
87565 63435 7524
84412 66588 7713
90608 54392 7427
91315 53685 7339
82451 72549 7365
81302 61698 8033
64405 80595 7249
95261 45739 6557
92601 50399 7173
92282 53718 7171
93733 53267 6592
82065 70935 7605
76176 76824 7434
62796 81204 7147
66168 77832 7613
84795 59205 7902
70424 77576 7580
91332 59668 6765
84261 71739 7065
64508 80492 7268
71579 76421 7676
64506 77494 7645
83038 68962 7676
75100 76900 7496
93597 52403 6831
85891 56109 7845
95841 44159 6288
89636 59364 7436
74128 68872 8066
66712 78288 7562
78232 60768 8117
69339 70661 8019
77949 75051 7550
77696 61304 8126
94797 44203 6711
65717 81283 7057
69489 72511 7946
79151 71849 7755
95885 45115 6132
64817 80183 7320
71608 66392 8118
82064 67936 7822
66400 81600 6905
90740 56260 7374
67296 76704 7704
86026 63974 7705
96000 43000 6187
60057 81943 6980
92084 57916 6667
75000 78000 7305
86838 68162 6963
81822 58178 8022
80234 75766 7119
55226 82774 6527
70976 66024 8124
66577 79423 7417
82500 63500 7967
70104 80896 6784
91337 55663 7286
71601 80399 6878
70828 64172 8152
73328 74672 7785
88909 64091 7081
83989 71011 7291
81569 60431 8027
80837 66163 7976
87657 62343 7587
67162 80838 7119
74923 71077 7973
86809 61191 7731
63442 80558 7267
95287 46713 6508
60728 80272 7325
65633 80367 7273
84016 66984 7726
85016 65984 7691
69025 80975 6977
77004 76996 7317
85944 60056 7829
91036 59964 6888
72139 67861 8093
68352 77648 7610
94242 50758 6716
95819 45181 6232
87693 64307 7406
94347 51653 6439
81658 70342 7692
74492 62508 8154
71473 78527 7419
74955 62045 8154
85832 66168 7563
85971 57029 7840
77165 68835 8019
83807 66193 7786
63311 81689 7016
70796 78204 7490
90767 58233 7257
80158 74842 7360
72537 75463 7741
91088 52912 7378
75321 78679 7071
96062 41938 6012
84826 70174 7244
90775 54225 7409
87272 58728 7734
84269 58731 7929
89921 55079 7501
79615 59385 8086
64869 82131 6632
57354 82646 6685
63793 82207 6753
83691 63309 7907
73240 78760 7296
94873 47127 6662
73301 62699 8158
62634 78366 7568
90906 60094 6941
79558 70442 7840
76742 70258 7969
95234 48766 6276
60613 80387 7306
92208 53792 7184
88542 65458 6890
68574 80426 7170
84215 67785 7648
86252 68748 7088
82181 64819 7950
70376 80624 6980
61186 80814 7235
94243 51757 6516
75810 74190 7746
79080 62920 8091
64114 80886 7192
89001 56999 7589
92123 55877 7046
74528 72472 7906
91986 55014 7173
59294 82706 6559
73531 72469 7925
85228 58772 7881
68396 78604 7497
91638 52362 7307
78490 61510 8111
85448 59552 7866
73133 73867 7846
69750 80250 7157
68986 79014 7433
74568 78432 7238
90021 51979 7500
93135 53865 6853
58271 82729 6604
95610 45390 6395
91089 58911 7071
85714 57286 7855
83558 72442 7120
68697 81303 6780
73268 75732 7698
66516 79484 7409
70040 73960 7872
65117 81883 6861
77419 67581 8054
76310 72690 7835
93022 51978 7060
57230 82770 6476
76303 77697 7225
79918 68082 7947
89552 62448 7125
80798 67202 7937
94236 49764 6803
94446 49554 6724
91805 54195 7248
77533 65467 8095
95797 45203 6256
80564 68436 7893
82709 73291 7162
80724 75276 7151
96023 41977 6170
69976 80024 7200
76090 71910 7898
69593 75407 7790
63701 82299 6554
81063 67937 7888
95566 45434 6416
90148 60852 7155
79771 65229 8043
95587 46413 6326
90414 57586 7384
94008 51992 6667
73856 65144 8133
77031 77969 6963
88077 59923 7638
92131 56869 6893
78354 63646 8101
84546 68454 7535
90888 61112 6570
75260 73740 7803
75770 70230 7997
67779 81221 6977
72781 78219 7418
92161 57839 6598
95347 47653 6399
87542 59458 7700
92950 54050 6918
66604 81396 6984
93435 54565 6381
95149 47851 6509
70391 79609 7270
76939 61061 8138
93367 54633 6524
93741 50259 6927
95420 46580 6444
71202 78798 7386
94735 46265 6728
71930 78070 7470
77195 70805 7923
94298 45702 6850
66014 79986 7339
93826 52174 6749
85375 62625 7818
84115 63885 7867
90369 56631 7420
93643 51357 6912
92823 51177 7122
94545 49455 6686
90692 60308 7012
94472 50528 6598
61652 80348 7311
80396 65604 8014
64946 82054 6753
80141 62859 8062
70678 80322 7075
73104 63896 8150
83903 63097 7900
76888 78112 6865
78277 73723 7653
76142 68858 8042
86886 56114 7781
93685 49315 6963
68897 78103 7548
77922 63078 8114
83198 69802 7585
69209 80791 7038
71875 69125 8065
85581 65419 7663
77794 76206 7395
81006 63994 8022
91385 59615 6740
92527 54473 7044
70121 80879 6822
64849 82151 6594
84628 60372 7903
74311 78689 7196
68843 81157 6881
77852 65148 8094
91725 56275 7151
69964 74036 7868
86639 64361 7595
77346 66654 8079
76371 62629 8140
70482 80518 7017
81428 63572 8012
89500 60500 7383
92630 54370 7017
84237 68763 7551
88009 65991 7033
74168 76832 7550
69893 69107 8069
87234 67766 6819
77716 71284 7876
63716 82284 6640
73739 79261 7094
90135 59865 7280
72662 67338 8101
88547 57453 7629
92465 56535 6767
83195 62805 7945
62055 81945 6964
95531 47469 6205
86187 66813 7433
86361 62639 7731
81335 69665 7766
73235 79765 6929
55200 82800 6441
81248 73752 7386
86588 59412 7788
89668 61332 7249
94208 51792 6539
88987 58013 7570
89874 63126 6760
66821 77179 7670
71698 63302 8156
69374 79626 7310
85058 69942 7227
63980 80020 7357
90580 58420 7293
74889 79111 6845
85329 70671 6870
75715 71285 7945
72223 78777 7347
79234 74766 7463
66279 81721 6853
68237 74763 7832
63843 78157 7586
76323 74677 7684
92905 55095 6784
90466 58534 7311
93296 46704 7055
95642 44358 6409
88300 56700 7657
73613 77387 7500
70224 76776 7668
74701 75299 7699
82452 59548 7999
63537 80463 7283
93604 48396 6993
80819 65181 8006
58758 82242 6876
69282 77718 7586
93571 53429 6688
87186 66814 7196
75530 73470 7812
82016 59984 8013
91777 55223 7213
86953 68047 6934
84810 69190 7403
66697 80303 7264
70520 68480 8082
93418 52582 6890
92182 52818 7218
84071 68929 7559
81848 67152 7877
91388 57612 7129
68125 80875 7077
85321 63679 7785
91745 58255 6842
93795 53205 6543
74703 74297 7777
61997 81003 7202
89435 63565 6958
84102 59898 7931
80079 66921 7984
61515 82485 6680
86440 55560 7812
88760 63240 7263
88274 65726 6969
79504 76496 7002
83371 72629 7131
86922 63078 7642
90748 52252 7418
61134 81866 7000
65728 75272 7803
90801 61199 6664
92272 57728 6469
84704 58296 7910
67688 81312 6945
88797 59203 7566
64425 81575 7018
67525 80475 7195
78784 70216 7891
83472 58528 7963
83807 69193 7571
88956 60044 7520
77528 74472 7633
85531 64469 7734
64522 79478 7442
74019 63981 8147
79639 71361 7764
95734 46266 6118
93115 50885 7068
85167 60833 7867
71540 75460 7760
84771 62229 7870
89983 63017 6672
66055 81945 6600
77013 73987 7705
73238 70762 8005
62606 82394 6657
68975 81025 6951
95243 48757 6192
91493 59507 6641
65323 78677 7531
66090 81910 6673
63503 81497 7061
94775 49225 6591
85873 61127 7816
91831 58169 6802
66063 81937 6620
72246 65754 8128
80774 69226 7835
67075 79925 7332
89614 57386 7506
68671 81329 6681
75032 63968 8141
83189 59811 7971
96052 42948 6024
91417 52583 7337
85306 65694 7677
67829 78171 7558
75019 66981 8098
70722 79278 7324
79219 66781 8024
81927 66073 7922
61488 82512 6641
83859 61141 7934
74571 69429 8048
82419 61581 7993
81858 64142 7985
93372 51628 6979
92601 56399 6680
85943 65057 7640
89744 54256 7528
83315 70685 7471
87204 57796 7748
95776 42224 6343
88759 64241 7108
81386 71614 7605
89753 62247 7082
77092 76908 7326
92881 56119 6355
79161 75839 7293
92047 50953 7254
70675 73325 7903
95795 43205 6330
61438 82562 6559
76621 69379 8011
60755 82245 6874
58951 82049 6946
74418 77582 7431
79880 74120 7482
95559 46441 6351
61675 82325 6817
72431 72569 7930
67763 75237 7803
75104 61896 8153
73378 79622 7002
78453 68547 7991
88511 61489 7507
66057 81943 6607
88916 65084 6687
88678 65322 6832
94801 50199 6374
59386 82614 6698
80878 63122 8037
80639 60361 8058
67502 81498 6865
94335 49665 6766
91835 56165 7126
66880 76120 7748
83032 60968 7972
62832 82168 6843
93688 50312 6940
90375 60625 7097
95509 44491 6466
84256 65744 7774
82711 67289 7809
94707 50293 6464
94099 47901 6882
93449 54551 6323
69182 79818 7278
68274 77726 7603
94923 50077 6200
92589 55411 6905
95972 43028 6212
64249 81751 6963
79784 62216 8076
75868 76132 7561
74785 64215 8140
94831 50169 6344
83602 59398 7957
92999 53001 7011
90090 57910 7425
89961 62039 7032
