17790 16674 17213
17098 18184 17514
14325 18969 19483
13142 15068 20609
16633 18870 16877
13608 18361 20097
14723 19396 18612
14675 15695 20465
14013 18666 19822
14207 17903 20250
17599 17035 17548
17068 17436 18728
16322 18739 18329
17439 15622 18676
17942 15701 17916
16691 17810 18984
14498 18781 19580
13993 16026 20557
15027 19468 18239
16248 18301 18941
17070 18272 16988
16682 18626 17996
16284 19017 17449
17409 16784 18430
13789 15306 20576
15949 17752 19584
16085 17527 19629
16845 16709 19326
14439 19166 19246
15848 16665 20107
13826 20083 16895
17022 16027 19180
15101 18799 19335
14808 18188 19870
14889 17572 20158
16863 17423 19014
14335 19455 18774
15000 18149 19813
14113 20070 15717
15167 19420 18214
13795 16361 20566
13469 18662 19891
15856 16072 20116
14439 16568 20502
17148 17839 17986
14631 19127 19189
16918 17835 18625
15048 19802 16430
15750 19478 17011
16516 17870 19154
13748 18016 20250
14345 18792 19620
15379 19022 18769
15369 18368 19548
14606 19632 18164
14978 16340 20383
14970 16933 20374
17278 16563 18864
13838 18881 19626
16468 17083 19582
17201 15564 18977
17391 17334 18012
13024 20086 16513
15162 16894 20317
17998 15620 16803
15367 15587 20292
17149 16797 18944
13744 18507 20000
13876 19723 18244
14493 19973 16142
14935 19199 18816
16590 18357 18573
15063 19709 17742
16742 18794 16936
16390 15697 19814
17160 17705 18151
16782 17206 19201
17912 16363 16790
17712 17290 16538
17303 15849 18849
15979 18947 18343
14527 19416 18717
13803 15768 20575
14054 20047 16931
13614 16584 20556
15597 19248 18180
14576 19915 16720
17926 16144 17209
14431 17161 20493
