23342 26252 27939
26589 25182 27382
27625 24255 27014
26074 24873 27882
25561 23587 28740
25156 27833 22945
24889 22654 29131
28682 23059 26327
25305 26546 27098
26850 22118 28358
29286 22990 23491
23920 27830 25499
22846 27920 25867
22373 28316 24658
24547 23198 29143
22117 27354 26827
23746 28331 23299
22451 26650 27663
25503 26925 26459
26975 22641 28203
22369 23708 29278
27027 26818 24256
23295 28236 24609
28410 25146 23723
22838 24613 28930
23498 28027 25267
25598 27298 25296
26305 22737 28636
23273 28315 24002
22739 22653 29543
24804 27794 24399
25578 27682 22326
22080 27759 26304
29014 22907 25462
25644 23262 28771
23675 28274 23850
28500 25142 22831
28714 23764 25460
29034 23805 22911
20609 27981 25961
29413 22285 23316
27442 23489 27597
25036 27839 23876
25728 27493 24298
23155 28395 22955
23849 28312 23209
22825 28273 24859
22825 27602 26495
25633 21804 29027
25105 26227 27560
21782 28380 24314
24154 23632 29160
28052 22019 27393
22966 26031 28236
26313 23671 28277
28749 24543 23410
21960 20851 29561
27148 26088 25875
22149 24335 29041
25259 27787 23322
25638 23975 28586
23643 21945 29523
22680 28368 24242
28520 25133 21973
25988 25545 27531
22449 27381 26792
25371 23948 28737
27011 26910 23539
26387 27321 23747
29495 21730 24764
29028 21714 26316
24860 25411 28281
27459 26108 25115
22865 22862 29489
28106 25618 24223
27395 22333 27978
28883 22335 26364
22917 27692 26360
26369 25809 27145
26535 24659 27672
28494 24391 25223
22625 28418 23442
22821 25268 28650
26491 26402 26460
27695 26277 23122
28805 24167 24189
28420 24993 24415
21937 27036 27210
24862 26704 27138
22178 28452 22779
26716 26798 25016
28075 25905 22873
23769 22154 29469
28389 23756 26304
21704 27538 26601
23276 28368 23549
26832 23128 28158
26043 27204 24884
28011 25853 23741
29023 23401 24622
29068 23681 23753
28342 21087 27164
28021 25112 25633
21441 28041 25758
23058 23986 29167
28848 24308 23516
29117 21506 26050
24467 24656 28757
27589 26251 24532
28015 25215 25494
29150 22307 25631
27529 25614 25896
27349 24505 27112
27685 21401 27749
24811 27432 25775
24395 27219 26692
20973 28310 24808
24247 25283 28520
21552 28189 25367
23883 27724 25957
28755 24569 22856
22035 27996 25831
