32127 34873 3947
35546 37454 3764
28763 42237 3666
37257 34743 3739
36820 37180 3672
40439 33561 3374
31057 41943 3666
36880 31120 3799
31078 40922 3763
34691 34309 3888
32713 42287 3510
34429 36571 3863
37635 36365 3628
31392 41608 3688
36936 37064 3666
32233 42767 3454
42625 29375 2955
41652 32348 3100
35138 34862 3869
29949 39051 3873
29787 34213 3966
36027 34973 3824
36082 35918 3797
29200 36800 3949
42106 29894 3237
39430 31570 3608
31680 38320 3880
41048 29952 3442
30995 40005 3822
42016 30984 3172
30476 38524 3890
37599 32401 3753
31337 36663 3934
35739 34261 3851
31673 43327 3292
33325 34675 3925
41759 28241 3346
35653 32347 3866
42378 29622 3136
42024 27976 3297
30574 41426 3728
36407 36593 3744
26805 43195 3552
37034 33966 3774
43335 24665 2782
27573 43427 3511
29305 42695 3603
38884 37116 3055
42196 28804 3255
30978 37022 3929
35170 40830 3394
30188 43812 3379
40543 34457 3184
42910 28090 2965
39609 35391 3369
40579 31421 3481
32701 41299 3657
31682 34318 3953
43059 26941 2750
33310 32690 3930
42111 30889 3121
32929 39071 3819
36068 38932 3609
38216 35784 3594
29186 42814 3588
28484 38516 3901
42470 29530 3087
33004 34996 3929
38210 37790 3258
36521 33479 3814
41741 32259 3050
32397 38603 3852
29115 43885 3402
30183 34817 3963
33681 35319 3909
42940 27060 3019
29544 38456 3899
41857 31143 3233
37649 38351 3342
35767 34233 3850
32548 37452 3892
35645 37355 3762
33341 39659 3762
31783 43217 3366
35086 35914 3850
36624 36376 3734
41383 30617 3366
41306 32694 3228
32131 41869 3633
42829 26171 3077
32272 37728 3889
29686 42314 3650
28882 43118 3547
41148 30852 3403
36191 37809 3691
33883 40117 3699
40911 34089 2992
34300 38700 3775
29545 43455 3484
29120 41880 3704
37266 33734 3762
28580 41420 3755
35762 40238 3420
40257 34743 3249
41819 32181 2874
38092 35908 3602
39655 32345 3575
40981 32019 3377
33303 41697 3550
30941 39059 3864
30861 33139 3962
42516 29484 3061
40559 32441 3442
34638 40362 3605
25749 44251 3308
42769 25231 3101
40083 33917 3422
27067 43933 3418
25666 44334 3181
35613 33387 3863
38689 37311 3156
31033 35967 3949
30513 36487 3945
40864 34136 3046
27855 44145 3350
37537 31463 3758
41789 32211 3002
32805 42195 3518
43058 25942 2974
30062 40938 3774
30072 43928 3342
36858 32142 3799
40924 33076 3295
38195 32805 3701
42760 27240 3098
39178 30822 3636
30679 36321 3947
40706 30294 3481
28672 40328 3825
34947 38053 3776
39478 34522 3493
35024 32976 3885
42933 26067 3036
39804 32196 3560
41620 32380 3114
33983 41017 3583
43052 26948 2951
28927 39073 3878
37303 37697 3559
38659 33341 3656
35665 36335 3807
33664 37336 3870
32878 38122 3862
32761 36239 3924
37455 35545 3693
27892 43108 3561
43181 24819 2922
42869 28131 3013
28446 41554 3746
29006 43994 3377
31503 42497 3578
31648 40352 3787
37926 32074 3733
30650 39350 3856
32050 40950 3729
41298 29702 3411
31037 33963 3960
39163 34837 3529
33870 36130 3894
24679 44321 3212
34556 37444 3824
39020 32980 3629
30618 43382 3461
36317 33683 3825
33772 38228 3827
30045 42955 3546
41130 28870 3441
27126 42874 3601
30033 37967 3913
36470 39530 3406
42609 29391 3003
32612 33388 3944
32448 34552 3943
38057 33943 3694
30913 38087 3900
33784 32216 3919
40778 30222 3473
40925 34075 2958
34670 41330 3332
34146 33854 3908
39764 31236 3576
39858 30142 3571
32517 42483 3488
36913 35087 3756
28906 44094 3313
40801 31199 3454
38700 36300 3458
26879 44121 3366
30309 33691 3965
30448 41552 3719
31975 37025 3916
41461 32539 3175
35955 38045 3697
29979 44021 3290
40410 30590 3512
42351 29649 3150
34379 34621 3895
40187 32813 3489
35493 38507 3705
42517 26483 3181
35640 39360 3626
39872 33128 3525
28448 43552 3478
39278 33722 3578
42272 30728 3003
30755 35245 3958
26688 44312 3215
35357 35643 3844
38447 34553 3637
31935 43065 3415
29986 36014 3957
43294 24706 2830
33715 38285 3827
42450 28550 3192
31706 43294 3320
27733 44267 3265
31639 35361 3948
34896 37104 3819
29577 41423 3748
38569 37431 3182
35398 35602 3843
