22749 40251 3115
24812 34188 3593
25416 33584 3595
32436 26564 3055
31421 28579 3247
28732 34268 3480
24938 39062 3326
28719 32281 3513
29673 35327 2982
27241 34759 3543
32533 29467 2889
26159 33841 3588
29315 34685 3359
32787 28213 2790
31853 28147 3166
24311 39689 3196
30185 32815 3360
31989 31011 2985
24437 39563 3274
26941 36059 3513
31167 32833 3047
24943 34057 3594
20615 40385 3055
30694 30306 3342
32954 27046 2808
24535 37465 3508
25624 38376 3396
22040 39960 3252
25197 35803 3565
23691 38309 3463
32625 27375 3015
33251 24749 2576
30125 33875 3264
33355 22645 2683
32741 28259 2911
22814 40186 3165
33355 23645 2642
31480 31520 3150
27139 35861 3513
29652 35348 3064
27739 37261 3213
23417 39583 3317
31715 27285 3195
21710 40290 3124
26468 36532 3512
33146 24854 2819
28759 32241 3511
28587 35413 3418
26122 37878 3419
24289 39711 3105
24039 36961 3529
31522 29478 3207
24904 32096 3603
21858 40142 3184
24037 37963 3485
23169 39831 3270
25670 35330 3566
27214 36786 3441
33109 25891 2774
23183 38817 3417
22553 38447 3453
29912 34088 3298
32782 28218 2824
29243 30757 3472
24933 38067 3471
27770 33230 3549
31913 31087 3044
24580 38420 3442
29433 35567 3149
25532 34468 3585
28268 31732 3532
30398 32602 3326
27866 36134 3434
23012 39988 3236
29592 32408 3439
31092 32908 3077
25401 34599 3584
31090 30910 3259
29273 35727 3170
30097 30903 3403
32995 27005 2721
33068 25932 2861
30843 33157 3131
31863 29137 3146
32168 29832 3041
26261 35739 3542
28258 33742 3524
27315 37685 3169
24271 32729 3602
27027 31973 3572
32364 29636 2966
31336 32664 2970
22774 39226 3378
28116 36884 3236
29588 33412 3421
30524 33476 3200
29020 35980 3114
28688 36312 3231
26888 35112 3545
25264 36736 3531
25539 37461 3497
21671 40329 3090
33294 23706 2722
22045 38955 3407
32072 30928 2848
33013 25987 2897
22632 39368 3360
25238 31762 3602
29529 34471 3340
33445 22555 2559
22217 39783 3288
23670 39330 3364
31952 29048 3127
