72971 62029 6671
52672 81328 7499
74917 54083 6418
61623 74377 7713
44339 84661 6883
56214 77786 7761
59622 68378 7905
56900 75100 7887
72109 61891 6910
56065 78935 7651
54351 77649 7832
65727 66273 7658
55367 80633 7428
51512 79488 7736
66119 68881 7582
70659 64341 7119
55571 77429 7814
58050 76950 7745
74911 55089 6382
64489 67511 7719
62352 72648 7746
53263 75737 7904
72974 54026 6857
43212 84788 6772
58504 73496 7885
62228 68772 7818
47262 83738 7190
71932 63068 6908
65954 62046 7662
74482 54518 6554
73275 55725 6805
57090 79910 7409
74142 58858 6513
55181 77819 7799
57991 72009 7921
67153 70847 7353
51035 80965 7604
59115 73885 7854
55781 72219 7951
72220 58780 6954
56384 77616 7768
62901 71099 7753
59419 78581 7422
42161 84839 6641
75161 53839 6304
68945 68055 7264
55515 78485 7728
54261 74739 7924
66801 72199 7237
46464 83536 7266
65068 66932 7691
50896 83104 7142
55873 80127 7492
72281 55719 6966
57472 79528 7452
75068 54932 6285
48042 81958 7518
59737 76263 7705
48544 81456 7572
49321 83679 6863
64368 65632 7742
72381 56619 6947
52504 82496 7190
50637 79363 7752
67598 68402 7442
57256 73744 7910
73528 60472 6608
71776 65224 6706
57440 80560 7098
71116 64884 6990
44451 84549 6959
62481 70519 7784
51774 82226 7365
53453 77547 7849
71153 63847 7044
61526 65474 7857
68038 70962 7125
64289 71711 7642
75458 51542 6199
54712 79288 7678
58980 79020 7385
70662 58338 7198
62697 74303 7639
57028 70972 7948
60524 78476 7217
61235 73765 7766
60089 78911 7022
49324 83676 6912
56639 78361 7686
55395 77605 7808
60881 73119 7810
52896 77104 7864
74821 54179 6456
53308 78692 7776
71250 65750 6859
69725 62275 7303
63280 63720 7797
63079 64921 7804
62984 75016 7521
75526 52474 5979
62987 64013 7809
58837 78163 7549
53239 79761 7674
71750 57250 7043
60620 66380 7885
55670 75330 7902
46689 83311 7315
72059 59941 6965
58544 74456 7859
74484 55516 6534
53107 76893 7871
69632 64368 7287
45256 83744 7223
52476 80524 7617
68956 66044 7344
63068 66932 7795
50739 83261 6912
57401 75599 7854
68737 62263 7422
66831 64169 7588
72110 63890 6774
70764 67236 6683
53723 81277 7440
60493 76507 7616
56593 69407 7961
74680 57320 6186
74123 56877 6590
71689 64311 6872
55453 73547 7939
55055 80945 7382
64549 74451 7344
56864 79136 7572
73166 60834 6695
65241 67759 7670
63538 72462 7675
64925 73075 7481
59674 66326 7912
75486 52514 6137
71305 65695 6844
54933 77067 7853
73325 57675 6766
66244 72756 7275
68644 68356 7295
58744 75256 7815
61880 76120 7515
65576 63424 7687
72595 61405 6825
68214 60786 7479
67745 65255 7498
73083 58917 6793
71463 56537 7087
49504 83496 7109
61820 72180 7789
66308 61692 7638
60593 77407 7477
60124 78876 7063
74748 54252 6484
72903 58097 6843
62899 72101 7731
63872 69128 7736
52230 81770 7441
47782 83218 7321
56099 77901 7756
52207 78793 7786
56571 70429 7957
46657 84343 6841
56475 67525 7966
55689 81311 7142
73463 61537 6466
60091 75909 7711
64513 64487 7739
70645 63355 7147
75638 51362 6020
73725 56275 6707
68885 70115 6929
74361 53639 6598
55205 78795 7709
66197 67803 7599
71525 65475 6783
52314 82686 7110
44640 84360 7040
51701 81299 7546
47962 84038 6879
57714 77286 7735
50003 80997 7615
71863 65137 6664
43266 84734 6903
62639 73361 7696
55760 80240 7478
63915 64085 7769
70241 65759 7155
74824 52176 6485
59217 76783 7691
66216 64784 7632
45554 84446 6959
54305 81695 7235
51377 82623 7296
62067 73933 7709
73540 61460 6358
73295 53705 6803
72000 58000 7000
57902 80098 7215
55367 81633 6936
74387 58613 6217
72669 59331 6865
49156 82844 7375
55750 76250 7871
68235 68765 7337
47330 83670 7210
64709 66291 7720
67809 71191 7150
74962 53038 6430
59743 71257 7878
75725 50275 5983
53582 76418 7885
75184 50816 6366
48290 83710 7142
57614 70386 7942
52622 82378 7233
70448 60552 7222
55792 81208 7169
71009 65991 6920
75076 52924 6383
44959 84041 7148
61144 77856 7290
75733 50267 5863
63986 71014 7690
57376 80624 7050
69463 66537 7261
71176 56824 7129
58860 79140 7373
47098 82902 7390
55780 71220 7959
50739 83261 6866
57787 80213 7186
52858 75142 7916
49648 83352 7184
54251 73749 7940
70806 57194 7179
65709 73291 7299
74642 55358 6488
45822 84178 7082
68758 60242 7425
70252 57748 7253
66082 64918 7641
48811 83189 7301
66489 68511 7555
50784 83216 7064
69537 60463 7340
67168 66832 7530
74638 57362 6376
64442 63558 7744
70864 59136 7169
71300 56700 7111
56237 71763 7950
55215 75785 7895
67179 71821 7206
74102 52898 6652
71795 64205 6850
63172 67828 7784
54558 74442 7929
67249 64751 7549
74365 58635 6313
45712 84288 7032
71270 60730 7091
56029 80971 7225
72820 63180 6518
55381 69619 7969
55402 67598 7973
69418 63582 7327
53844 78156 7807
71972 65028 6582
71700 65300 6732
74034 59966 6372
68705 69295 7220
69715 65285 7252
72633 55367 6911
58688 76312 7758
63935 74065 7515
59180 71820 7890
60226 78774 7139
73391 61609 6537
69249 61751 7371
48216 83784 7108
55629 81371 7122
59287 72713 7875
75908 45092 5573
71083 58917 7139
71146 62854 7071
41130 84870 6751
59524 74476 7817
65765 69235 7606
49943 83057 7269
75524 50476 6189
42388 84612 6962
65754 71246 7516
56780 79220 7566
75678 49322 6080
57898 80102 7214
60597 78403 7226
56689 74311 7909
57511 74489 7887
70717 67283 6765
55423 81577 7007
51693 78307 7817
65494 61506 7693
53754 82246 7010
50132 80868 7627
48924 83076 7326
72865 63135 6435
56009 79991 7507
70524 67476 6857
60426 72574 7837
52283 80717 7602
65206 68794 7655
68996 63004 7387
74344 58656 6396
68549 69451 7240
71748 62252 6973
53993 82007 7148
75903 47097 5727
61462 66538 7858
54173 69827 7969
63652 73348 7615
62231 65769 7833
74168 54832 6626
71792 59208 7023
62597 70403 7780
47084 83916 7137
56665 68335 7964
66528 65472 7604
66732 65268 7590
44267 84733 6796
46810 83190 7341
58638 70362 7918
73331 56669 6780
54637 80363 7551
58376 79624 7309
66951 65049 7573
45458 84542 6911
60882 77118 7487
54617 69383 7971
67562 70438 7324
73846 60154 6505
68720 66280 7369
69628 58372 7329
54521 75479 7907
73225 59775 6732
57030 71970 7938
67167 62833 7567
58001 72999 7905
72312 57688 6950
44318 84682 6861
63789 66211 7766
52113 80887 7586
56534 76466 7840
75768 49232 5975
64956 74044 6903
50456 80544 7655
68020 63980 7482
43661 84339 7071
66452 71548 7398
47689 82311 7479
55827 78173 7743
67067 69933 7430
46105 83895 7168
64543 72457 7581
53419 80581 7581
74850 53150 6468
54282 80718 7509
73543 61457 6290
64468 73532 7502
49605 82395 7450
66239 63761 7637
74503 52497 6566
48313 83687 7150
58178 75822 7812
75173 54827 6079
58687 68313 7928
61410 68590 7851
69089 69911 6768
70286 64714 7173
70680 65320 7076
74681 57319 6130
69251 68749 7136
74953 56047 6247
75384 53616 6012
53484 79516 7692
54375 75625 7904
75602 48398 6144
49399 83601 7023
49412 80588 7657
57365 80635 7032
56245 80755 7272
51291 78709 7794
60341 78659 7171
55863 70137 7964
59137 70863 7902
58198 69802 7933
49518 83482 7118
54706 76294 7886
72333 62667 6822
69876 60124 7297
62102 76898 7342
64451 68549 7709
45121 83879 7192
75690 48310 6069
74494 56506 6495
54234 78766 7743
75374 53626 6096
59335 75665 7769
57233 76767 7796
52978 78022 7826
57460 67540 7955
60085 78915 6978
60830 69170 7865
70944 58056 7160
50356 82644 7363
52747 76253 7890
68427 59573 7459
75139 53861 6316
54469 79531 7661
47990 83010 7363
46955 84045 7073
68631 63369 7426
68755 65245 7386
75694 49306 6065
75225 52775 6308
69722 67278 7161
68025 65975 7461
45445 84555 6838
74538 53462 6554
72905 54095 6868
42185 84815 6868
54624 78376 7768
49245 81755 7540
53043 81957 7321
48198 83802 7099
74674 57326 6232
65308 69692 7630
58760 69240 7923
75076 50924 6403
60795 77205 7484
73459 60541 6625
51753 80247 7666
68167 66833 7427
50124 82876 7314
70165 62835 7233
72566 63434 6655
69128 63872 7361
55524 74476 7921
58754 70246 7916
55345 70655 7965
75217 51783 6349
54095 78905 7734
73654 54346 6742
60057 74943 7770
57887 79113 7491
56389 80611 7303
67844 69156 7373
66945 67055 7546
56540 80460 7334
53796 82204 7072
72885 57115 6858
46693 84307 6891
71105 59895 7126
45438 83562 7262
73533 61467 6387
52944 81056 7531
56084 74916 7907
67630 63370 7526
75322 52678 6247
66570 64430 7608
73484 58516 6707
68994 70006 6883
69648 67352 7173
59476 69524 7902
75823 47177 5940
64200 69800 7706
55116 67884 7974
73938 60062 6440
63873 75127 7358
48638 82362 7469
66887 71113 7371
70349 67651 6908
58083 79917 7260
61753 73247 7758
75636 50364 6100
70263 66737 7064
53834 82166 7095
61387 75613 7637
55467 81533 7047
67518 60482 7540
67953 65047 7479
48592 83408 7245
71729 61271 7003
48271 82729 7413
50753 82247 7432
48005 83995 6970
67300 61700 7558
46283 83717 7221
54934 78066 7787
70615 61385 7184
56255 70745 7958
57991 68009 7943
75562 51438 6119
64552 71448 7630
43304 84696 6926
69184 59816 7381
66427 69573 7529
69039 60961 7396
56908 80092 7387
63028 73972 7631
54600 81400 7297
74126 55874 6621
64135 61865 7761
61652 70348 7826
61662 71338 7810
72552 60448 6860
73626 59374 6646
49877 82123 7482
59968 73032 7844
53785 82215 7060
70607 65393 7090
55052 71948 7959
69428 65572 7289
56459 73541 7929
65383 72617 7459
71441 58559 7087
54089 81911 7175
61854 70146 7819
66373 63627 7628
43212 84788 6822
52179 82821 6956
60992 75008 7717
69659 68341 7073
53735 82265 6940
66758 61242 7602
56338 69662 7963
63417 75583 7358
58493 67507 7934
55228 79772 7598
51113 82887 7228
66490 72510 7259
58689 79311 7353
75121 51879 6387
60676 71324 7847
68802 67198 7338
75886 48114 5797
65404 70596 7585
67411 63589 7543
59251 77749 7569
75365 51635 6262
67287 67713 7495
56128 72872 7941
74633 56367 6454
66026 69974 7551
52186 82814 7036
49332 83668 6938
58011 77989 7642
