85687 98978 85436
80064 100055 83870
90287 97113 83701
96699 86454 88880
90616 96026 87640
85941 84538 97661
83516 82282 98616
84073 81321 98592
85362 88801 96448
84905 97933 88958
90486 91692 92653
100284 76456 80203
84210 96418 91565
87867 82338 97379
98075 84329 87235
79680 78101 99197
93545 80331 94511
84715 99700 82805
96951 86469 88247
94690 92195 86258
88600 86201 96326
85270 86249 97390
99387 80914 84825
85856 98482 86988
87982 89649 95235
79332 81779 99095
88195 97917 85821
88082 98446 83033
96657 80358 90904
85227 85065 97716
89777 91229 93527
96495 88571 87165
78562 78486 99232
95948 90561 84975
94830 87581 91252
96534 87139 88615
95908 90847 82572
90979 92551 91609
89207 80946 96957
99484 82233 82844
98888 82457 85951
98831 84660 81603
99217 83216 83168
84881 88072 96842
99976 79408 81432
89885 95345 89598
82585 91738 95554
97704 84024 88463
90753 95058 89255
80485 100344 82289
83567 83333 98450
90889 82041 96097
86276 79794 98071
99568 81978 82088
90657 85675 95537
81759 98804 87859
80623 99866 84671
83733 98857 87298
94647 91380 87909
94063 87268 92354
91308 92891 91007
85435 98162 88204
81702 82084 98886
93152 91422 90343
98699 81012 87003
95776 90717 85498
84174 98856 87134
89183 95491 89965
85294 92787 94422
83532 96068 92138
96802 88985 85021
92949 89539 92065
82870 100095 82271
83803 93570 94285
80632 99133 87067
84224 83810 98218
88485 97623 86446
97929 83292 88273
80412 86355 98024
81535 92150 95326
92284 93504 89303
84437 97189 90411
88880 93118 92600
93283 88654 92348
88567 92350 93451
99461 81563 84073
95059 91904 85447
100167 77744 81586
87464 98477 84748
84002 98262 88551
86108 97773 88657
99516 81603 83761
79746 87577 97545
89169 91408 93767
88317 89387 95214
86062 91764 94833
84017 86642 97567
88568 94376 91611
84532 92946 94559
95047 92093 84327
81334 81238 98996
87473 84192 97244
93652 87501 92682
81261 94475 93876
88709 82674 97042
85346 97932 88794
92966 93580 88092
86455 90638 95298
81408 89870 96530
91001 89542 93761
97116 88426 84633
89158 97423 85909
93191 83918 94333
88833 97770 85126
85527 91020 95375
87530 96817 89394
86803 98397 86233
84406 82306 98383
92678 87122 93724
84588 98597 87562
89362 95025 90375
96954 88706 84863
84251 98534 87862
92338 91972 90852
92539 91094 91338
95026 89963 88900
81137 100377 81361
84073 99797 83291
79364 83920 98717
98370 80583 87872
99092 83762 81454
85804 93504 93746
81196 95484 93100
81304 83770 98678
83006 95917 92419
93787 85230 93526
85785 85747 97384
87476 93248 93245
81315 79135 99091
82032 80100 99000
90455 96759 85320
91261 91495 92252
81345 100400 79834
82345 83264 98670
95121 91930 84851
97497 86040 87216
99751 80321 83129
83649 99953 82462
84632 95573 92330
83270 99488 85498
87846 90794 94744
99152 83517 82341
81846 89490 96721
83717 87466 97335
100066 76560 82262
84602 89122 96495
96914 88606 85459
95475 86167 91171
96009 80303 91821
94392 79003 93704
92677 87520 93555
87855 80966 97472
99453 82441 82618
90266 85072 95882
86860 99034 81495
96154 89910 85866
98326 84782 85680
89520 97501 84683
97535 87779 81847
91206 96355 84532
94989 92197 83957
94144 92986 86315
95599 84481 91698
88302 97291 87787
100217 75843 81340
99267 83144 81648
89716 97519 83800
90084 83613 96282
84584 91074 95590
98779 83299 85562
83931 95450 92665
88092 97322 87964
92632 81809 95127
85783 94052 93310
78590 80112 99194
100149 78060 81016
88148 92529 93510
91036 82331 95987
90663 92225 92103
94337 88542 91207
93599 92748 88096
82600 99244 86499
86326 97880 88279
98650 85178 82274
90116 97188 84159
89062 90921 94133
90658 96054 87475
85209 86668 97269
85770 86899 97043
92895 83723 94606
79255 81356 99128
93911 92251 88218
91992 83771 95246
80198 84291 98625
87311 96541 89904
80746 99654 85443
79921 85262 98379
96100 81176 91622
89994 96840 86287
95749 90690 85725
85803 97576 89250
83211 93341 94580
82423 99592 85409
97412 87534 85317
85037 97552 89643
87254 96880 89494
87493 78631 97705
83901 99968 81829
77540 100751 78851
98070 84591 86964
87767 97097 88768
97779 86920 84384
96673 89474 82496
90287 80006 96523
90238 90751 93548
82893 81711 98767
82917 98585 88131
92394 82800 95158
79450 79617 99180
84138 79452 98653
94596 83454 93072
92480 85305 94492
81678 85359 98255
93899 92132 88390
95523 90050 87775
98090 86494 82613
97504 87844 82040
87327 90126 95266
93427 94119 85482
86181 97505 89128
97381 86919 86555
80641 100234 82947
85564 98039 88416
83448 91734 95491
92484 95221 84591
96988 85821 88800
95271 90035 88408
86811 87125 96663
93716 86337 93182
90731 96176 86935
80568 79232 99145
99599 81770 82314
91756 92252 91167
79503 85749 98232
83945 93047 94637
92495 87288 93793
86466 86734 96907
85648 83943 97834
89970 95765 88956
82461 99038 87197
87386 95894 90630
88206 91272 94334
97163 80976 90111
89331 87996 95389
84274 93563 94172
90845 83513 95912
99686 81292 81999
86859 97516 88654
88836 94119 91716
82545 97465 90391
97425 83209 89336
81833 100265 81847
81778 94076 94161
88782 81042 97119
97307 88159 83808
93253 94308 85758
84951 98074 88634
84357 99022 86478
98088 86474 82868
85382 87115 97067
84423 99834 82083
97856 81686 88824
95208 88290 90135
87781 93977 92473
85590 95924 91529
79792 81321 99109
78229 81635 99122
83774 100011 81340
84432 85418 97816
87513 98342 85284
89023 97837 84285
79153 100415 81989
92137 84237 95030
88609 98096 83857
92688 93996 87971
88068 89011 95480
99621 79207 84602
99569 80414 84209
94349 79862 93746
91411 93399 90435
94899 91395 87276
84771 88425 96737
90796 94232 90151
87125 98925 81764
79754 85171 98404
91547 82869 95646
99944 79781 80286
89769 87703 95305
82741 81400 98819
90351 85991 95608
90611 83397 96051
98120 83245 87899
91156 96033 86247
83612 95655 92553
92906 89998 91775
90905 80234 96232
94182 82035 93741
89455 82238 96774
81241 97060 91166
80613 82222 98976
94861 90764 88340
89810 97207 85308
93883 90006 90631
97399 80546 89709
97806 87154 82613
93337 90386 91041
85644 82093 98082
93046 88508 92668
85419 97664 89265
89354 92749 92589
94805 91715 86989
87651 79851 97611
97241 84234 89268
79817 78778 99188
89346 95891 89306
91369 88202 94252
99192 80426 85789
98145 79738 88315
90154 94280 90618
81579 96695 91722
96791 87346 87741
80143 80463 99123
82065 87791 97417
93031 94113 86963
85087 89595 96160
95949 88730 88292
79901 80372 99138
82820 100195 80793
81977 99872 84516
89966 95582 89212
91756 94985 88074
88891 89772 94791
78744 84445 98591
83197 92672 95018
90694 95748 88234
92226 81820 95398
86893 94380 92568
82163 81789 98863
92645 88200 93212
83478 97571 90073
91652 84908 95219
92741 94836 85638
95650 88294 89461
80053 99768 85036
99087 82426 85118
96337 90041 84342
99228 83281 81629
96651 85790 89503
89672 89929 94337
97715 84190 88359
84325 99812 82658
97150 88533 83039
81720 88565 97125
82731 91240 95809
84615 93882 93817
91936 80818 95641
94421 92941 83432
99419 80631 84869
94291 90160 89851
97841 87121 81591
89549 96413 88347
93035 92493 89442
85054 96948 90522
81808 91562 95655
93544 88555 92119
85822 98545 86822
83072 79828 98848
82661 84914 98262
93705 93571 86305
79404 86699 97898
84710 99114 85855
88617 96515 89032
85060 98704 86959
86283 87837 96576
86780 97245 89203
84972 96259 91428
84171 97208 90463
87440 87830 96187
98268 85676 84547
87545 86387 96668
96764 85322 89583
89083 88561 95254
81429 98534 88472
82385 90780 96059
91387 95430 87749
88683 94991 90866
94170 86047 92838
87772 91683 94261
98968 82082 85860
90000 96573 87233
93853 93123 86881
85717 99371 83489
89760 91147 93594
93809 83055 93934
93221 94412 84711
91256 94284 89672
96451 89404 85764
78699 79163 99223
91452 96184 84030
83350 85329 98049
94683 85374 92490
84342 94420 93463
89889 85422 95993
88594 89653 94977
97138 85133 88990
83858 99988 81674
87144 98176 86567
85161 96552 90984
87798 97956 86330
79040 100662 79160
83536 95465 92767
89524 93778 91553
94809 86688 91817
88060 87494 96075
83667 88867 96785
95955 90649 84425
91787 95208 87443
94584 78629 93511
98776 83008 85888
91254 96165 85425
89965 96372 87960
93622 88072 92360
90975 79299 96226
80054 100431 81646
96764 79394 90759
81062 98081 89393
80823 90414 96256
80387 88936 96979
82515 82713 98729
92661 94316 87433
91460 95552 87209
81426 82851 98819
81987 81934 98874
97858 85715 86450
99823 79031 83412
84666 92156 95013
96209 90100 85028
91672 94098 89456
98309 86005 82286
95691 90548 86418
92081 95162 86805
87237 92798 93732
79166 82811 98955
81256 83402 98760
97657 85163 87722
86544 92610 94141
90104 93221 91669
85973 98697 86192
79773 84102 98677
85520 99396 83810
97356 88071 83645
84096 98334 88370
85008 87058 97180
85923 96393 90847
95323 79871 92728
91327 85892 95111
92651 85875 94183
88802 85128 96555
92281 81209 95397
90406 96894 84784
96212 90052 85173
80665 85019 98429
96504 89125 86268
98775 79672 86856
86082 89300 96036
88907 97141 87401
95490 87692 90200
87850 85206 96888
94163 93248 85173
80548 85807 98208
88472 85073 96697
85724 99190 84481
79013 81265 99143
90585 96439 86346
96259 80233 91490
82208 93276 94658
95048 87688 90874
82237 97016 91186
96912 87901 86797
83588 98521 88123
85820 96972 90129
89829 82271 96596
87150 97735 87909
85850 99432 82576
95622 85394 91379
87755 98661 82022
83217 96906 91205
97056 88747 81934
90443 82417 96291
95867 86696 90272
98429 85647 82856
82945 99136 86724
91628 95873 85487
91815 95737 85413
83496 99673 84789
85411 88349 96608
97230 84068 89372
89394 86139 96029
96717 83191 90521
97225 85497 88517
82034 88548 97114
82795 87937 97299
98090 85815 85216
91535 95193 88076
94793 89768 89453
98956 78470 86396
77773 100563 81112
87143 82637 97564
95512 91014 86008
93831 81698 94133
95768 82377 91914
87519 98517 84436
88906 98021 83097
90782 90294 93469
97274 87746 85597
88726 96070 89570
83298 95189 93065
81303 87849 97424
86247 85748 97257
79744 100590 80174
88492 98280 82669
89646 96704 87586
81863 92885 94902
89356 97621 84512
80463 100499 80548
87397 98731 83414
82956 90263 96305
86960 87955 96305
83076 83690 98511
98150 86398 81841
86443 99185 82530
89487 86932 95706
80031 84200 98650
92179 89910 92573
92623 92840 89646
85075 94128 93472
95583 91334 83660
88097 86955 96257
96696 89410 83597
97135 87110 87056
88606 97956 84775
94092 92756 86985
96937 88965 82694
90195 80743 96554
82038 84461 98450
87077 97623 88276
98092 86399 83515
88425 96727 88868
84007 95640 92451
89533 94194 91149
86797 96641 90082
93528 81697 94422
95496 87060 90606
83815 99434 85490
84952 99258 85122
86416 83275 97709
86946 95811 90966
88898 87380 95796
87033 85874 96980
82462 100217 81482
88454 96115 89691
99166 83503 80982
91278 80791 96018
98844 84419 83272
90064 88963 94638
82918 100112 81981
90364 93384 91325
86824 91605 94696
86408 79103 98082
88556 90034 94812
95993 88303 88675
81275 84017 98623
83563 79471 98787
80810 79323 99130
94108 90989 89320
92341 79997 95426
82523 79743 98939
95136 82643 92639
85816 96789 90385
99076 81429 85770
83651 95226 92946
88165 90557 94726
87658 95358 91091
80441 88628 97108
86197 98003 88067
82617 100074 82799
99938 78568 82882
92136 95202 86493
96280 90208 83388
84977 81900 98284
82604 96706 91627
100201 76853 81409
84985 99042 85874
87091 83198 97513
92371 89750 92508
79575 82993 98915
99067 83526 84065
99809 80370 82348
98384 81678 87691
81926 96356 92200
96074 85084 90789
80201 81503 99069
96850 80819 90586
92477 93998 88329
86100 95476 91800
88279 78868 97430
99914 77974 83189
88775 98128 82548
85521 87996 96713
86028 92607 94308
96562 89267 85575
93183 80170 94813
96732 82499 90623
93220 83032 94493
97028 87022 87458
91615 80077 95884
83968 97461 90127
88685 96361 89204
90208 92556 92151
95238 80600 92757
87716 98492 84115
92154 86490 94337
85204 90260 95829
87444 84550 97178
91655 91509 91888
81904 86630 97875
80763 80276 99097
93117 93946 87099
98673 82255 86780
94551 88608 90840
87855 95805 90467
83787 90752 95916
97646 86861 85549
92239 86184 94383
97238 85278 88674
98346 84245 86292
83518 99818 83961
82705 94422 93862
88160 82933 97206
88173 97414 87575
93005 83263 94635
89357 92654 92668
87354 89538 95535
86270 98223 87416
80761 86920 97806
81945 97499 90411
88710 97632 85971
82846 87556 97427
86531 92829 93984
98435 81237 87635
78522 100666 79845
83817 92317 95096
91367 93826 90052
100196 77674 80789
89405 97023 86896
83232 81043 98758
93324 91995 89548
89309 80009 96957
99036 83734 83839
88036 86030 96607
99075 82302 85289
85027 88426 96676
98975 80666 86331
86287 91855 94707
91556 90912 92450
92700 86597 93913
92146 88262 93608
82286 95253 93229
100315 75866 80128
84371 94841 93100
95424 78566 92612
81851 100108 83155
93816 84344 93686
85394 95414 92193
92631 80999 95183
91742 95890 84655
94101 92171 87966
88281 95546 90505
88939 89938 94685
92815 94673 86162
96766 89211 84231
82902 98005 89393
81089 83311 98785
90335 87606 95090
93168 93619 87668
86455 89740 95733
85661 92682 94375
80607 99448 86141
94328 83012 93436
85040 83389 98080
86988 97055 89401
98516 83189 86745
81069 100430 80295
81830 100300 81378
91434 81278 95885
86389 98656 85805
86340 98791 85269
86344 91445 94919
97188 86145 87964
84510 98075 88798
90841 92920 91393
86728 98217 86954
89201 83254 96777
87023 96155 90529
86598 81456 97845
81544 99972 84153
84240 97799 89450
92338 88102 93543
94833 83489 92812
90429 84004 96038
87413 87032 96484
94842 80894 93158
82743 78746 98912
