94840 75287 76691
85708 81563 86522
93117 77956 80908
88514 83581 83129
87938 77802 87155
88672 82896 83675
85862 75882 88798
87607 85250 81511
95386 72899 75501
89420 81743 83900
92011 81269 79905
95236 73970 75556
86597 85797 81595
88205 73831 87608
78405 77985 89896
91980 73343 84086
83207 83398 85809
81107 79810 88841
95788 69899 71098
86737 83810 84201
83671 86170 82195
83970 85408 83307
87219 84463 83033
86886 82323 85312
81854 83918 85453
85713 77677 88373
79055 79716 89070
93339 79318 78370
91414 82522 78780
86994 82767 84899
92684 77534 82144
90931 76809 84734
92354 80336 80356
82982 75080 89945
92744 79500 80447
91036 80793 82608
89211 85246 75039
90609 82184 81723
79726 70898 91160
93965 77713 78243
95006 72170 77753
91127 82628 79554
95363 71503 76128
82482 80942 87972
93173 79234 79229
86047 82134 85902
77693 78493 89693
90344 73514 85909
93700 79332 74819
89655 84895 75239
79917 70005 91131
82547 73121 90353
88617 74822 87249
90549 73938 85658
82619 85544 83315
81156 88761 74641
78380 75905 90608
95278 74401 74529
91137 80234 82856
78571 71002 91375
92496 78820 81609
84326 73550 89793
88478 84287 82092
93985 78590 76387
94035 77808 77763
93622 74864 81363
85504 79530 87783
94322 76147 78545
82813 86006 82579
87883 85357 80881
85377 86677 80867
79505 83253 86350
87783 83582 83704
90987 82476 80368
83893 86667 81346
85672 75587 88946
91432 83037 74587
77340 72596 91357
82532 88476 75905
90583 83637 78217
82085 87488 79980
80007 80145 88762
85731 86128 81654
88968 85435 74670
79719 81492 87948
78720 80794 88482
92597 75634 82942
86521 74367 88633
87545 85980 79620
76319 77521 90094
85395 78484 88249
89070 83382 82632
90167 75559 85819
80205 85148 83984
87908 85427 80657
80914 88507 77006
91416 76893 84157
87971 85842 78884
88423 85833 75886
91683 82119 78931
94271 77438 76947
80642 74896 90462
95618 71008 74199
84684 87542 79096
89344 84503 79695
82951 87936 78769
90378 82946 80896
88929 84619 80482
80340 84626 84702
82375 86759 81362
86424 86944 78470
84979 87690 77256
94195 78010 76317
94529 74490 78885
82794 77205 89473
77017 69657 91665
76774 71613 91531
92164 80190 81065
84376 78705 88565
82528 87764 79344
93324 80073 75039
93275 75875 81744
84177 71888 89882
94652 75701 77350
87076 85506 81654
93165 76634 81659
85264 84605 83913
85713 86695 80648
85112 86040 82097
83404 87178 80520
91971 79964 81717
88703 85458 78072
83459 74040 89981
82241 88496 76214
94920 76171 73132
87816 86264 75882
84880 80416 87571
82127 74711 90229
81709 87038 80877
78672 83649 85880
92422 73879 83500
83195 88303 75224
91403 82207 79793
90256 83786 79173
87410 79153 86942
82337 88522 74672
87230 83951 83718
92800 75887 82571
93133 80241 76918
81418 77528 89686
91480 81014 81628
81530 73031 90610
93765 78224 78406
88967 84861 79687
82874 86809 81251
88179 84897 81350
88041 77134 87263
80244 77626 89836
84774 85781 82595
75926 73585 91297
86742 86861 77268
82137 74235 90302
88517 78973 86249
92059 75563 83745
93997 77437 78479
91435 81709 80800
94287 76552 78335
95057 75584 73820
95685 71447 73377
91602 82576 77523
86825 74782 88416
87762 76167 87682
87955 81378 85336
84722 83092 85651
82167 70559 90617
88611 81996 84462
79787 85767 83069
84488 87169 80364
83565 86823 81135
80706 80481 88520
90561 77481 84903
92490 80463 79717
89626 83296 81852
81665 80252 88527
94061 78212 76740
85012 74936 89326
94099 78529 74811
83618 88188 75572
90728 83736 76648
81989 78534 89238
88762 84545 81092
85080 76825 88897
94638 73850 78740
90387 80693 83536
86024 76368 88603
95563 72767 73975
93909 77772 78415
83154 76621 89550
86292 86850 79420
83131 80387 88151
83251 72969 90169
79455 88955 73829
92306 81317 78785
95293 72821 76240
83428 78120 89051
85292 87592 76896
87681 83805 83551
90265 82702 81603
90192 80209 84046
84379 87716 78698
89420 82761 82925
91436 73423 84747
78519 73406 91084
95589 72892 72937
81760 71921 90690
89601 79783 84890
90037 78257 85149
94964 75525 75355
92144 81748 77847
84588 77571 88881
78750 75696 90599
80492 71517 90982
90859 83726 75567
79674 72665 91033
75732 74776 91022
87652 81527 85441
88585 74587 87293
95533 71729 75026
92315 80710 79875
91018 79373 83526
78268 76946 90295
79161 78723 89557
81152 88708 75201
88823 76245 86904
80542 85175 83939
95305 73209 75886
88890 78817 85994
78943 78921 89496
93066 75597 82265
89558 84039 80384
78380 78716 89591
89230 78228 85912
86201 80473 86914
78355 72419 91251
81603 86046 82581
88461 81210 85089
83867 72593 90002
91091 77172 84437
93417 79816 76057
82781 87318 80297
87946 86120 77263
92076 82214 75320
80637 72180 90908
94226 75505 79486
86550 85093 82683
91804 79026 82667
80960 79416 89058
91190 80197 82808
95203 73737 76064
90588 83016 80162
92928 79705 79400
93174 74843 82280
95340 74332 73336
82477 88387 76654
94693 72796 78800
90746 82958 79861
79088 81726 87813
90499 80293 83641
87704 74385 87921
79549 77059 90125
91393 83061 76192
81528 88603 75882
94466 76823 76774
88829 80932 84974
90674 83900 75617
93499 76845 80724
92132 80466 80829
94110 74973 80118
80571 80147 88717
92307 77279 82838
82674 88442 75268
93173 80362 75531
82478 71841 90483
83807 72130 90048
87824 84360 82681
90655 83246 79379
81586 72436 90668
86119 75408 88781
88122 79757 86194
87610 86384 76759
93742 74159 81237
93720 76127 80601
92330 79564 81314
91636 80074 82276
93376 77623 80521
77777 69319 91541
82895 83748 85482
83303 84821 84166
82254 83176 86192
79503 71955 91141
94276 76118 78772
87902 78407 86958
95726 70617 72978
90343 79154 84426
84830 87757 77100
80788 87144 80714
95486 71024 75477
79166 88819 75216
88943 80141 85348
89282 74870 86733
87831 79936 86291
76234 76968 90320
95778 70350 71771
78625 82842 86827
95699 72179 72315
95274 71399 76552
94718 74012 78351
80936 88430 77471
88908 85044 79198
88520 85407 79177
89580 74849 86491
89168 81503 84354
87960 79849 86252
89851 77562 85596
94657 75957 76996
86536 72481 88678
84793 79781 87944
77287 71203 91536
75221 68407 91906
93497 75986 81246
87800 77276 87395
94504 73274 79334
86168 86570 80605
94688 75201 77777
90714 81283 82685
82380 76047 89877
93762 78628 77591
85875 87113 79154
94021 75161 80302
84155 79863 88121
80379 72541 90920
86564 86201 80894
87697 84930 81935
84484 84606 84172
88179 77660 87023
94339 72990 79873
95345 73759 74892
90258 81887 82796
93789 77421 79497
94449 74328 79274
84758 86589 81310
87487 86181 78845
89951 82556 82426
80385 88745 75464
85922 73858 88983
86820 76572 88148
90008 75653 85957
87367 85893 80400
82742 81118 87810
94906 71913 78119
80603 73634 90711
83050 88337 75949
84460 84232 84625
88723 81407 84767
91970 81818 78627
95254 71977 76635
92114 81991 76717
87671 73451 87977
81438 87647 79620
84913 73165 89550
91758 77072 83658
95013 72708 77637
85885 77884 88229
86596 77429 88014
94052 74050 80570
95309 72701 76220
88704 82620 83911
86276 80320 86961
90139 84423 75466
85972 85381 82622
90445 82761 81135
87227 81618 85631
90976 74668 85113
92096 74575 83883
85134 78407 88389
89883 76775 85840
87292 86467 77961
79210 76307 90376
89023 73449 87031
84677 75049 89447
84198 77746 88975
93844 74116 81018
86878 75516 88318
89299 75120 86691
91091 78429 83942
80553 83486 86072
81885 88479 76739
85661 76493 88745
77397 76550 90472
78916 80231 88790
91540 82488 78275
76146 70338 91727
87516 85459 81255
80248 86497 81878
82538 87862 79117
90939 81388 82186
77054 75579 90765
92331 75924 83248
91253 75693 84643
88508 84433 81750
88854 85386 77735
83968 78504 88778
86944 82374 85240
93831 74715 80959
92822 78770 80895
76892 75832 90696
81725 86318 82130
91558 81908 79957
84653 78007 88730
87606 80598 86082
89754 75348 86272
87068 75811 88170
82086 86369 82035
80167 82626 87017
85336 87438 78458
91644 79265 82751
86191 84782 83296
92816 79989 79313
95621 72616 73173
95531 73043 73739
79549 80166 88783
93202 79804 77812
89602 84816 76780
91783 80053 82040
86982 81484 85870
87815 83306 83940
94845 73146 78164
86983 86709 77424
89826 81145 83896
92135 76909 83196
89798 84685 76252
83262 71163 90249
89893 76117 85973
91260 81215 81817
83733 81866 87015
81860 88575 75814
85871 84141 84260
88031 80936 85574
78679 88995 73436
92598 81436 75716
82149 73257 90438
89225 85174 76772
84217 81910 86824
84169 80667 87732
85231 76128 88997
87470 82506 84831
85715 85003 83270
90896 75156 85120
84685 85256 83293
76788 71207 91579
83874 87059 80684
81176 87332 80353
81156 85508 83431
88155 86021 76495
78356 78372 89741
91809 80733 81247
93824 76636 79986
75425 72648 91455
85744 82058 86106
84146 73843 89806
85579 83183 85260
85962 86924 79806
88583 74870 87270
94269 78165 75526
81521 73604 90537
94409 77399 76080
82098 72193 90573
84690 77000 88991
83836 87472 79796
81520 88693 74691
86160 78132 88018
79897 88802 75148
82176 79966 88600
85776 77015 88547
89238 79471 85398
79775 84307 85093
93766 75190 80942
94631 76277 76672
80585 85637 83250
91145 82418 80067
80828 70968 90924
79744 74056 90779
89948 84547 76220
91472 74163 84632
89721 75769 86213
95199 74836 74310
86674 81138 86262
82703 74022 90198
75642 70866 91697
87007 78349 87527
80008 74678 90613
89715 80451 84446
86166 87161 77349
87359 76578 87854
87948 85940 78387
81121 85034 84107
89040 84817 79619
91984 80131 81533
88859 77724 86451
87946 79045 86641
83457 83091 86022
86875 86067 80802
89595 76814 86086
88508 85025 80450
83716 73606 89972
94015 76660 79329
88011 82705 84325
76316 69185 91769
81244 82384 87108
80352 81427 87941
77222 78278 89782
84231 82582 86275
92830 74434 82945
81025 74064 90566
90902 79812 83435
85257 77958 88489
95743 71296 72575
91099 73576 85118
94220 76177 78944
89600 82245 83254
80689 88630 76285
90060 84215 77986
84202 86903 80895
94800 76533 74401
95005 73192 77524
88372 76702 87128
79439 79135 89377
91524 82920 75293
79676 71931 91115
80517 88839 74514
94415 73692 79525
90215 75001 85882
84068 88056 76679
81498 75875 90119
87531 83406 84044
95139 72329 77179
88345 84424 82020
83851 78759 88709
87427 80165 86435
85201 85805 82405
80523 88356 77819
86124 78597 87886
94748 76200 75847
86875 86262 80332
88800 81781 84469
85569 80117 87421
85091 75919 89098
83032 81921 87118
94805 75624 76541
79781 86019 82663
91262 72924 84966
91304 82728 78453
78661 88862 74858
95098 71821 77382
89580 83581 81411
85749 77212 88505
91584 79227 82856
89071 85141 78095
78408 73914 91002
84825 87731 77381
80064 78130 89697
85288 84979 83460
94333 75424 79130
89513 83766 81172
82475 79082 88922
78445 73296 91110
83183 87045 80800
91053 83267 77366
82121 88370 77179
81034 70327 90895
81744 83307 86141
93195 77709 80917
90925 73077 85337
93591 78962 77774
87757 75127 87819
84157 75807 89452
90635 81724 82334
81892 83480 85935
81023 73036 90723
86876 86337 79995
76718 74616 91045
93216 78435 80256
85357 78845 88121
82520 82824 86472
87976 82123 84796
88666 79360 85944
83227 79645 88497
75200 69804 91805
94883 73929 77723
88732 77041 86783
84022 87968 77496
92129 73749 83893
95058 75323 74738
94969 75254 75802
87400 86503 76810
92906 80767 76528
86389 86116 81274
82867 85797 82907
86215 72710 88853
90240 83258 80542
91255 80909 82127
81488 78130 89463
94354 76472 78064
89811 74195 86386
86065 80005 87244
80228 88703 75901
77711 71024 91518
91814 75756 83981
92907 80860 74859
89136 83929 81634
81108 84098 85346
76949 70179 91659
91171 83366 75008
85631 87387 77824
94822 76273 74865
77390 73904 91128
77962 71838 91387
88214 83253 83693
78765 70649 91367
85123 81933 86460
80867 87096 80804
77258 72363 91399
86658 76086 88343
88164 86018 75618
85240 87185 79724
93418 78240 79816
95397 73060 75307
93921 76123 80026
87563 83130 84280
90337 84022 77485
95057 74055 76644
79715 87514 79932
95277 73110 76165
93735 79187 76058
91777 81009 81011
92242 81736 77268
86174 85927 81694
88183 74973 87543
95794 69105 70579
95792 68753 71050
88684 74419 87230
86626 82867 85019
83002 84246 84913
95742 71377 71850
