27625 26326 25673
26852 27497 25632
26418 27873 25714
24764 24220 27064
23259 29243 24923
27278 25277 26339
22799 28585 25749
23005 25796 27142
28183 25460 25321
22459 29975 23221
23603 27979 26322
23891 29129 25013
23765 29546 24294
28329 25896 22811
27023 28172 24327
28600 24499 24021
24169 24505 27178
27753 27312 23709
27406 26868 25585
24730 29578 23978
26031 27781 26081
24685 26861 26695
22566 27407 26589
28215 25975 24860
26572 25563 26595
23908 28707 25614
28577 24853 24191
26167 29029 23831
26459 27157 26218
24134 26713 26813
26875 28165 24934
23683 26932 26806
22623 24557 27313
24349 28536 25771
23133 29660 24204
24509 28502 25794
23739 29951 23133
26007 28140 25823
25711 25671 26767
24816 28726 25438
28099 26574 23804
27238 28049 23403
22512 23613 27371
25588 28575 25468
27517 26754 25539
23033 30088 22526
25311 24035 26924
27615 27496 23849
28743 22609 22659
28613 23836 23971
26372 26285 26486
28531 24428 24681
21276 22843 27384
25628 29010 24727
25105 29106 24725
24534 28121 26119
24226 28067 26223
24856 29161 24697
26596 28206 25181
26221 27353 26291
24133 28887 25333
26753 27069 26024
23165 29838 23828
28692 23775 22556
27574 25726 26037
28279 24561 25230
26697 27832 25467
24457 25952 26902
27658 27252 25006
27890 25075 25841
26404 28741 24718
26473 28812 24058
22723 29273 24947
24670 29729 23276
25243 28724 25321
23103 23877 27303
20896 30096 20817
28582 24953 24005
24034 25142 27110
23877 28616 25704
