65726 56274 6143
54239 71761 6185
43655 75345 6250
64881 55119 6325
67450 52550 5893
44920 74080 6519
51211 69789 6840
57350 60650 6922
38951 76049 5951
50594 65406 6975
69164 47836 5399
53290 62710 6994
61643 60357 6601
68659 49341 5612
55698 70302 6376
48547 74453 6260
65930 56070 6099
44202 74798 6393
47503 73497 6567
47993 71007 6801
53272 68728 6833
37973 76027 5981
69071 46929 5479
50337 70663 6799
45059 72941 6651
54332 71668 6219
69241 45759 5382
42116 75884 6012
44743 75257 6248
61078 64922 5896
45640 73360 6602
50494 64506 6987
68317 49683 5716
69310 47690 5251
49345 65655 6972
55273 66727 6854
51003 71997 6665
54260 64740 6953
68394 50606 5658
41608 75392 6260
51735 60265 7014
50026 72974 6575
65347 56653 6205
67415 53585 5798
55620 63380 6946
42875 75125 6333
52146 69854 6811
48926 69074 6895
52984 65016 6964
56700 61300 6942
68700 50300 5450
67537 51463 5896
49817 74183 6117
59334 64666 6626
66424 52576 6095
53036 61964 7002
56905 67095 6703
37866 76134 5881
67606 53394 5719
49086 63914 6994
57402 65598 6774
66957 54043 5947
43013 74987 6362
64621 56379 6338
45655 75345 6122
52142 62858 7000
49831 61169 7014
46356 70644 6826
65419 57581 6105
62433 62567 6259
50016 69984 6847
49815 60185 7015
65788 57212 6006
53138 66862 6920
52481 69519 6820
43431 75569 6152
64827 59173 6065
69129 48871 5224
48909 67091 6948
55499 67501 6793
56680 66320 6784
60453 61547 6692
55173 69827 6583
56783 68217 6586
63433 58567 6439
61413 63587 6371
68589 50411 5542
61059 64941 6007
53627 65373 6950
51690 72310 6556
62704 59296 6508
47571 74429 6377
67028 54972 5758
66480 53520 6085
55121 64879 6925
67776 52224 5796
52659 65341 6962
63629 60371 6277
62256 61744 6420
69453 46547 5153
48394 74606 6193
65195 58805 5887
61947 60053 6575
66088 53912 6149
58329 59671 6871
63953 57047 6415
54661 61339 6990
55938 61062 6964
42626 75374 6261
52466 71534 6629
45977 75023 6291
51022 67978 6920
68216 51784 5579
44297 72703 6673
53645 67355 6891
68099 49901 5772
60087 65913 6240
50855 73145 6443
45603 74397 6452
50949 66051 6963
67933 52067 5742
58847 67153 6335
49184 73816 6432
50000 64000 6993
68512 50488 5604
59206 59794 6820
63937 60063 6235
66201 56799 5833
44110 72890 6656
59867 60133 6775
61652 59348 6629
40445 75555 6209
58240 66760 6562
68456 49544 5678
67232 52768 5949
60948 65052 6091
51010 70990 6767
66787 55213 5870
53618 66382 6923
67130 54870 5693
68821 50179 5325
52675 66325 6941
38860 76140 5836
49951 74049 6220
58253 62747 6837
56901 62099 6926
63570 58430 6426
41889 75111 6340
43473 75527 6173
49620 73380 6512
66350 56650 5701
58008 60992 6886
57776 62224 6880
47907 74093 6446
54973 64027 6952
44038 74962 6356
53050 69950 6767
68961 48039 5525
64828 57172 6285
59814 63186 6678
46119 74881 6337
68932 49068 5463
48742 73258 6574
62858 57142 6538
68821 49179 5555
57404 61596 6908
54089 69911 6697
59819 66181 6269
58699 62301 6817
69351 46649 5299
40167 75833 6109
52972 64028 6981
51573 71427 6712
69512 44488 5066
46659 73341 6598
49880 74120 6185
57844 65156 6764
41004 75996 5968
45832 74168 6490
41101 75899 6039
60006 64994 6479
46584 72416 6695
68161 51839 5621
59130 66870 6321
59253 62747 6757
56698 62302 6931
69530 43470 4933
55806 64194 6920
64458 54542 6376
55648 69352 6596
61533 60467 6610
53897 71103 6542
54549 71451 6298
57088 62912 6904
53860 70140 6690
52242 59758 7013
44571 75429 6170
65827 55173 6180
44646 75354 6206
58650 60350 6851
67170 51830 5966
48711 74289 6316
50515 62485 7007
47098 74902 6261
65089 56911 6247
45513 72487 6692
59099 60901 6817
55406 61594 6973
51645 64355 6985
56729 67271 6707
67786 51214 5840
54310 68690 6784
68830 48170 5574
48740 72260 6697
55550 66450 6854
56893 64107 6880
36844 76156 5838
68314 51686 5499
56097 61903 6954
47044 71956 6736
57280 67720 6580
64200 55800 6404
56607 65393 6844
46906 75094 6123
65116 53884 6292
57604 67396 6576
69507 45493 5076
65543 53457 6232
43560 73440 6601
65023 55977 6288
50757 67243 6940
63557 61443 6047
51819 73181 6223
45776 72224 6715
69430 45570 5237
44416 75584 6032
58566 61434 6846
48356 68644 6907
47926 73074 6620
59625 62375 6737
50666 73334 6406
46064 73936 6526
44488 75512 6130
64214 59786 6195
56554 64446 6887
67657 53343 5687
59384 63616 6701
50241 65759 6970
40086 75914 6050
41782 75218 6314
59821 64179 6601
49094 70906 6799
62955 60045 6448
57959 68041 6370
45755 73245 6615
55989 68011 6713
42176 75824 6053
63273 61727 6126
56362 66638 6787
66638 54362 6025
52881 72119 6453
58083 60917 6882
42101 75899 5923
57541 63459 6862
45795 75205 6214
51501 64499 6984
65095 58905 5948
53546 68454 6836
64893 58107 6209
52233 63767 6989
49847 71153 6775
52956 71044 6653
49350 72650 6645
62923 62077 6187
51588 66412 6952
52231 60769 7012
58684 66316 6545
51716 65284 6972
51261 72739 6506
60342 58658 6746
55446 64554 6923
67752 51248 5848
60493 63507 6563
46069 72931 6648
67986 51014 5790
48350 73650 6522
46992 74008 6490
40960 76040 5895
61044 64956 6040
55280 62720 6965
57529 64471 6829
67690 50310 5863
39113 75887 6084
58449 65551 6661
57191 68809 6391
56463 67537 6713
58900 64100 6722
66043 56957 5915
64876 59124 6054
66166 52834 6138
48255 70745 6816
59612 65388 6502
67200 54800 5633
50941 63059 7003
56331 69669 6393
67915 53085 5497
42193 74807 6406
39914 76086 5886
52705 60295 7012
51935 73065 6269
54969 69031 6711
61933 61067 6531
69405 46595 5246
52322 67678 6910
58970 63030 6770
56533 63467 6912
62961 61039 6353
45694 75306 6152
52120 61880 7008
51601 73399 6076
68328 51672 5485
55389 70611 6356
63740 61260 5977
65527 54473 6234
43761 74239 6496
55945 66055 6853
55310 67690 6794
60992 59008 6698
51571 68429 6895
69501 44499 5104
68240 50760 5709
51515 69485 6848
42448 75552 6201
55471 65529 6896
49965 72035 6699
50204 73796 6294
58358 61642 6857
49556 65444 6975
53866 63134 6983
49583 67417 6941
47826 69174 6892
64098 56902 6400
45537 71463 6778
55809 61191 6967
48290 74710 6147
66997 53003 5993
52499 72501 6401
66656 55344 5915
66558 55442 5943
68616 48384 5638
42726 75274 6291
60559 60441 6713
45609 75391 6075
56081 62919 6940
54573 62427 6980
54361 65639 6927
66335 55665 6002
52878 68122 6881
63918 61082 5850
54203 67797 6843
51644 61356 7011
68385 51615 5358
61067 62933 6518
44097 73903 6546
60950 62050 6609
58179 63821 6806
60622 65378 6180
64190 58810 6310
62998 56002 6525
62364 58636 6573
65181 58819 5899
46973 75027 6174
39875 76125 5825
63669 61331 6005
60232 63768 6579
69432 46568 5208
53586 71414 6520
50367 61633 7012
52779 69221 6826
61681 63319 6342
58122 59878 6882
65241 58759 5769
47230 72770 6656
37853 76147 5862
65188 55812 6267
66029 56971 5922
49230 68770 6903
60626 62374 6632
48540 71460 6768
69110 48890 5290
69156 46844 5427
49585 66415 6960
48478 74522 6230
69337 47663 5213
43890 75110 6322
69488 45512 5141
