31221 25681 32208
26819 30979 35988
28586 30515 35383
29354 30706 33736
24912 32450 32637
29519 27412 35066
26302 31123 35905
30436 29385 32250
30095 29865 32274
24586 29969 36895
28658 31340 33383
27448 32116 33271
30730 28141 33569
29264 30194 34610
31371 26601 31584
29947 30032 32915
26108 32394 32681
29525 30543 33060
24165 32543 31268
31241 27209 31825
29646 28794 34901
25383 28050 37079
30962 28058 32420
27854 31407 35106
26265 31963 34500
26715 30938 36061
29850 29315 34489
31094 27735 32119
28693 30605 35134
25799 32131 34067
27207 29932 36361
27364 31836 34642
30809 26175 33431
27874 30786 35642
26183 30079 36684
29929 29969 33480
30392 28684 33860
26916 27588 36658
29743 29225 34738
29359 30762 32497
25318 27750 37105
31314 27128 31247
26903 30320 36296
31436 25279 30748
30220 29337 33585
27443 32022 34133
30285 28594 34109
30882 28136 32762
26548 30482 36366
31063 26793 32813
30576 29045 32941
30184 27800 34501
25749 28253 36992
26358 28466 36852
27987 31858 32712
25616 31353 35615
29434 29961 34556
25176 29257 36973
24975 28633 37104
27484 31367 35423
26617 28116 36794
26062 30721 36445
31179 27310 32137
31416 26252 31097
28768 29920 35476
28224 31654 33516
27817 30086 36021
29696 30219 33861
29866 30011 33690
29161 29778 35127
31359 26779 30760
30789 28760 32275
27933 31593 34597
26046 32194 33786
31437 23798 30007
28940 30932 34132
26011 27845 36970
26463 32333 31631
29310 28695 35228
24433 27712 37202
28208 31540 34278
28180 31403 34677
28828 31220 33241
27296 32083 34054
28430 28407 35963
29896 30075 33107
26831 31150 35807
30238 29588 33232
26669 28848 36710
28421 31544 32579
