56729 52095 47497
56104 54330 44460
53140 57212 48893
47137 52174 58158
54568 56474 44843
48217 50659 58136
58193 46656 42693
52939 57157 49438
51844 56789 52211
44836 51321 58798
43026 53134 58294
57828 47478 46897
54583 52054 52352
48554 60335 46569
47139 56752 55588
56099 53426 47718
47183 48261 58939
56713 52844 45645
46631 47699 59148
48038 60549 46097
48303 57039 54959
52634 57789 48666
56723 50642 49048
55558 55086 45554
47384 50492 58516
48208 58566 52937
58107 47098 44683
48436 55286 56292
51338 59005 46608
48170 49431 58432
57142 45648 49019
55573 50845 51241
58132 47095 44066
45976 60009 51161
47642 60634 47268
45251 55062 57232
49748 49926 57576
55209 53472 49938
53355 54284 52561
51348 52160 55999
42921 47543 59504
55445 48442 51951
45692 49621 59070
44808 57845 54896
45225 48764 59252
46694 45765 59134
56109 51922 49460
52562 58019 48055
46509 51575 58487
44506 46166 59555
56585 49053 50002
48014 55893 56064
50515 52712 56453
50675 56379 54187
53836 54318 51711
45309 47495 59380
51398 54045 55143
45441 47669 59346
56035 53933 47101
53900 53059 52821
49918 57116 54127
54919 52753 51264
43651 55774 56791
50870 53707 55751
43620 59586 52470
57749 49458 44336
54358 47941 53557
45799 59598 52027
56588 53233 44942
42581 61493 43926
57907 48638 44464
55694 48210 51603
45929 55143 57056
52516 57279 50110
48792 60123 48128
44855 47442 59425
51540 58840 47350
48715 55041 56325
49863 54951 55827
47733 46952 58753
49074 53642 56967
50375 59560 45572
53237 57689 46465
54569 56425 46378
56962 51994 46132
57436 46577 48202
58004 48133 44310
51809 49191 56176
57179 47957 48844
47645 51026 58297
52640 56245 51613
48696 59507 50768
52846 54214 53434
48725 59859 49869
46079 60888 48178
43468 59422 52784
46825 60920 46722
48757 50986 57825
54390 56618 46331
52279 54501 53954
43006 61314 47141
50090 59676 46339
49965 59186 50200
47181 60419 49392
55765 53716 48336
50741 55905 54569
52364 51483 55223
55458 55331 44932
49928 54040 56270
44329 52156 58585
53032 53494 53682
42103 61317 47142
45504 57298 55405
54371 53652 51439
46994 56436 55883
47821 60190 49634
50791 59108 48596
50163 53213 56513
58198 46595 43411
55035 48802 52522
45408 56300 56308
50824 58188 51368
45994 52596 58300
53252 55132 51823
51408 57228 52264
50100 55360 55416
56728 52904 44508
53813 49505 53995
55752 48722 51456
47181 52971 57895
57656 49057 47042
53287 52391 53877
51668 52859 55489
45019 50458 58985
43361 49387 59254
50980 53696 55673
55020 46935 52663
51353 50542 56344
43787 61120 48232
46375 49638 58973
49427 56655 54835
54573 54121 50617
45448 56920 55837
46375 47388 59222
51409 55959 53853
53051 48780 54985
57523 49942 46587
55649 46951 51741
49873 50954 57318
54772 55070 49081
47064 55178 56757
44324 50836 58924
47222 48858 58867
54539 47400 53367
57201 49581 48207
50291 58834 50618
46883 49118 58929
57949 48327 44963
44225 59857 51903
52601 47588 55466
53137 46898 54923
54641 56195 46989
51594 57474 51522
45733 52062 58519
47691 48094 58749
44768 47124 59465
52314 56256 52140
44992 53767 57963
57338 50568 46696
49594 58875 51415
46833 46648 59081
46637 54374 57360
54748 49282 52886
49086 58370 52837
49641 50292 57577
54344 48595 53504
51438 58571 49034
51598 53309 55342
44257 45881 59599
44390 60461 50531
53899 56302 48936
47581 60413 49138
45782 56398 56188
46453 53707 57734
56636 53161 42985
56925 51111 48226
46942 57292 55103
55495 53575 49141
53065 52436 54128
49330 59872 48441
50132 48533 57410
52751 55460 52308
50975 56587 53590
56167 50484 50346
45164 53209 58226
47834 53534 57427
50290 59376 48777
44975 59949 51559
52415 58146 47969
52175 57310 50740
46535 60600 49227
42808 61451 45217
44452 49879 59127
57819 49093 44453
46019 53735 57805
46906 55844 56359
43994 60467 50569
56580 50293 49510
51116 47739 56737
51072 57690 52061
50308 51113 57055
43118 52272 58567
49956 51614 57115
49647 49187 57721
43802 56094 56548
48483 47044 58409
43865 49856 59165
48503 60411 44490
43331 46054 59652
46487 48957 59040
48764 55985 55720
54071 56507 48062
50691 50475 56882
55903 49336 51115
52135 48458 55898
45925 60700 49161
46932 53367 57777
52014 58581 46823
47128 51400 58378
45585 54675 57411
46631 60814 48029
43842 47297 59518
53075 52932 53908
45831 58806 53439
43252 50313 59072
45416 48668 59239
46832 49936 58813
50612 49169 57084
44041 58650 53943
55572 51271 51069
44933 50039 59067
46486 50977 58659
51548 48657 56395
50803 59257 47275
57583 47397 47779
53339 57614 46089
47246 60693 47833
45305 54079 57771
54145 56778 46992
46367 55467 56738
56747 52594 46279
50674 57648 52598
49964 51892 57038
55257 55488 45996
50192 59624 46506
52628 58195 45519
46597 56261 56111
45117 58403 54142
44000 49240 59253
56939 47428 49453
45410 60967 48377
51337 59054 45073
57807 48338 46692
55156 54950 48225
52206 57853 49435
48949 50720 57804
56966 52246 44672
55603 54348 47893
53231 56592 49892
55725 54665 46528
43928 55468 57007
57481 49735 47119
54969 55241 48282
45445 53541 58011
56068 47473 51063
43596 59455 52709
49053 47568 58112
48350 60391 46906
48270 57641 54230
45858 46676 59350
44631 58323 54335
47293 52793 57931
44785 61165 47599
56371 53402 46419
47943 57352 54705
53663 55494 50743
43605 61050 48641
54855 56092 45772
51755 55868 53534
55365 49707 51889
45081 52549 58429
57708 49596 44839
47553 56947 55303
52738 48968 55305
46718 56813 55649
43850 58315 54410
53833 57184 46509
49532 59707 49183
49259 58215 52970
49030 52845 57230
51640 51665 55895
48773 54318 56713
57708 49466 46106
53322 53703 53153
43042 52876 58383
52688 48273 55373
53832 57233 44974
58023 48021 43884
58190 46688 43107
51386 58219 50268
52249 56623 51773
47719 58185 53704
43913 59255 53012
49601 59866 47294
46718 58125 54102
50199 52039 56873
49186 55378 55948
47568 52134 58045
48890 56904 54846
43571 53883 57956
45291 59059 53108
51005 59092 48017
58177 45812 43733
52193 50710 55590
46693 59698 51506
45028 61249 45593
56084 48795 50925
52427 58295 46648
44201 59726 52142
55434 55194 46251
44590 49193 59229
45379 60466 50248
54401 56658 45633
47822 60629 45967
52366 53568 54420
53981 54000 51794
51004 55421 54666
48920 49523 58088
56120 53270 47901
46428 61028 45752
52055 58382 48149
50230 54904 55607
46353 60157 50620
58081 47614 42925
49251 60083 44678
46160 59663 51776
55609 48263 51724
47533 54825 56851
48672 58350 53083
53432 53788 52901
57928 48037 45902
54244 55079 50138
45561 46166 59403
49304 60053 45091
45959 60493 49920
44070 52709 58435
56550 53058 46300
52119 57300 50861
48165 48856 58502
50283 58495 51520
56464 51476 49025
50085 53413 56475
48536 56164 55678
57387 50784 45062
47221 60102 50348
46429 60979 47287
43711 51293 58831
53702 55864 50158
45087 61213 46720
51021 58541 50151
50614 59447 45419
44714 57955 54778
47962 60055 49927
44328 61324 46014
42572 51578 58774
57049 50677 48211
56300 51416 49466
52696 56255 51492
47877 51688 58038
47322 53841 57440
56777 48504 49661
49634 52535 57015
47068 55587 56499
47243 59839 50929
45725 56072 56452
50745 54523 55430
43687 54955 57373
43679 48856 59329
56180 52416 48771
57173 51433 45859
52470 58218 47124
53115 57731 47193
52296 54018 54273
55468 54946 47097
53201 51339 54324
57698 49264 46510
46713 53265 57884
55360 48495 52072
45190 59556 52293
44744 60559 50225
53720 57256 46878
54294 50801 53194
44166 61347 45382
55984 51208 50339
51352 50039 56423
54559 51523 52597
56734 51617 48220
55793 51714 50333
57083 51362 46731
47520 59449 51638
46001 57431 55175
56681 47151 50008
47235 49662 58730
44497 53593 58095
58119 47301 42808
49763 56328 54995
43556 59836 51980
44225 61311 46509
54751 55226 48898
48280 52753 57574
52544 53365 54326
57814 49013 45844
43977 53147 58273
50894 59283 46221
52956 47439 55113
56563 52131 48102
54129 45896 53850
47775 56147 55930
48926 59023 51715
43123 61405 46290
57968 48344 43679
55509 52654 50079
57941 46748 46143
54748 54082 50270
55485 53992 48704
45912 60968 47873
50682 48504 57046
48925 55621 55900
49696 55633 55508
44086 60801 49563
58084 47571 43353
43235 54210 57796
44102 51828 58683
49887 58593 51776
51901 57584 50719
43017 44881 59705
56152 53993 45703
48603 60146 48510
56547 48351 50175
47966 54685 56814
53563 51819 53742
47933 59703 50826
51802 55069 54147
52630 56995 50385
46090 50816 58770
58097 46624 44798
50303 58294 51884
44161 53920 57935
56463 53609 43479
51886 56909 51976
44046 61363 44516
47263 55918 56229
53233 57720 45204
57932 48270 45446
50338 57975 52438
44823 58906 53432
50110 58650 51387
49459 55728 55592
55188 55222 47465
44052 56272 56395
45050 60182 51058
45885 57878 54675
53010 50518 54796
46061 55745 56612
53630 57398 44232
57091 50884 47679
47477 57738 54376
45312 60836 48919
53517 48234 54508
53115 57770 46884
52436 52835 54660
48717 49412 58205
48047 59397 51498
57132 51671 43654
44248 61144 48052
48909 51922 57519
53924 46770 54074
52906 54975 52570
44303 57508 55287
46592 57811 54569
50449 56587 54212
45615 50472 58938
56111 50474 50467
50723 58855 49794
55164 55720 45296
56855 52518 45209
48661 60328 45711
56374 53259 46959
51235 57518 52088
55634 49390 51560
46630 55263 56817
47704 59103 52253
56910 51425 47869
44642 55744 56768
48803 57577 54074
54156 54979 50426
53336 49785 54518
56979 48760 49182
53446 57527 46030
57689 49646 45244
51812 58746 46081
45017 54630 57525
47290 59083 52499
