29939 38485 29473
34541 36022 31775
29705 31548 36641
36258 32157 32450
33639 36906 30961
37094 31279 29633
29511 31724 36597
34431 35347 33071
32482 34853 35090
36736 32274 30966
31752 37901 29569
31282 31478 36413
32158 36476 33440
32471 37340 31865
34792 35022 32948
31262 37667 32021
34628 34352 33879
33866 36564 31626
30610 36888 33621
31388 34211 35657
32509 32844 35937
34664 33102 34700
29941 35230 35305
29507 29843 36752
36606 29832 32616
30935 36560 33927
29528 38645 28337
35231 30298 34927
31487 33457 35948
30783 36837 33626
30878 35757 34881
32148 33280 35900
28932 38059 31525
37186 29285 29391
35515 34795 29849
30497 36630 34003
29880 37574 32664
31963 35757 34561
33653 32714 35599
29697 29737 36731
33211 35702 33800
35936 34001 31242
30554 32252 36464
35222 35284 30141
31182 31083 36482
31588 35481 34915
35569 34691 30570
34960 34815 32865
31401 38134 28369
34613 34644 33599
35452 30465 34696
32711 37354 31003
32416 29948 36218
36844 31849 30746
34080 33651 34950
30466 38263 30295
34104 35940 32680
35417 33668 33087
34204 36214 31965
33897 30783 35868
33568 33913 35167
35802 32397 33268
29936 35446 35137
36157 33590 30672
31660 35576 34812
32899 37034 32087
30446 33900 35913
33388 36591 32352
30380 36860 33736
29413 32598 36375
31700 35034 35159
35060 35089 32150
32370 35300 34846
36282 33132 31484
30031 38512 28893
31419 37741 31490
33285 34451 34981
29667 37979 31741
33367 37204 29267
33920 36768 30572
31240 38185 28737
33388 34910 34488
29370 38461 29725
32049 34034 35609
36655 31610 31859
36835 31520 31257
35616 31487 34058
34703 35935 30145
35425 32480 33957
34633 34846 33354
37091 29194 30503
32365 31280 36211
37219 29188 28064
34575 35787 32284
33785 36535 31938
32585 37608 28869
36972 31731 29539
34579 31000 35402
30993 38150 29948
34139 34711 34104
35859 33985 31628
33866 36872 29851
34450 33045 34982
31181 35938 34630
31060 29977 36533
32840 36209 33454
32475 37621 29493
36378 33019 31328
34995 31964 34767
34649 36039 29424
29993 38381 30194
30763 34507 35583
36304 31387 32995
30566 34934 35379
35160 31285 34811
35617 33372 32889
35155 35174 31455
28116 29775 36767
32693 33185 35760
30024 36748 33902
30001 38527 28438
30412 38367 29574
32746 37557 28501
30193 37248 33236
32647 36228 33533
36343 28935 33530
31735 37146 32697
31323 37352 32582
31518 37862 30670
34743 35580 32201
36855 30348 31783
36493 29574 32998
34314 36364 31110
34994 34521 33231
33566 35719 33475
34342 31966 35391
37114 30107 30159
35201 34843 32155
35048 33354 34089
28227 30508 36731
36359 33148 31098
30338 29619 36653
37231 28573 28639
