98301 88489 90679
95670 90548 92714
101700 81808 88596
96762 91835 86848
101092 83001 89439
86278 83746 101105
89301 85932 99799
82316 97898 83411
89444 81170 100743
93510 84698 98150
84449 94531 94048
95658 89983 93391
90413 96073 87840
91780 91017 95867
85257 90757 98087
90741 95539 89249
84700 82499 101632
90319 93460 93726
100884 84511 88774
101563 83322 87992
90984 96177 84481
86357 97246 86169
99964 84155 91115
101267 84227 87878
86526 88661 99416
95784 81203 96860
101533 83748 87561
87324 89562 98735
103533 78681 82169
98042 90528 85999
83558 97794 83677
92024 94758 89930
103326 78311 83794
82984 96107 91374
91872 95711 84962
83649 97304 87458
86709 97347 83539
101602 81047 88998
103435 80238 81033
96796 86875 94528
100880 85810 86724
100194 81666 91421
97786 87850 92368
83159 96953 89025
93622 80028 98695
100940 86424 84692
100752 81836 90454
92727 90120 95992
86947 93433 95124
89465 85116 100002
79461 77343 102694
96534 80862 96121
102252 79139 87690
98613 88549 89706
90355 96275 86817
99601 88237 86994
85951 92332 96614
98848 87799 90201
83293 95554 92448
90645 92242 95214
96110 91367 90645
99471 82691 92404
94832 90039 94257
91790 82842 99464
90972 93630 93052
88396 78593 101230
83875 84582 101176
93994 87116 97002
99994 86633 88612
86932 92475 96287
86329 82904 101287
77936 76078 102753
83917 96817 89437
84910 81569 101788
83279 97811 83947
93141 89308 96331
101375 83215 88646
98189 80525 94279
90115 93727 93417
90513 95492 89626
91150 91550 95680
98989 83062 93057
100907 86532 82940
89202 88219 98913
98170 84271 93947
88117 93421 94755
95063 90878 93048
102592 79416 86779
88332 97031 84248
83705 95685 92199
92359 81570 99374
96145 92535 85927
86868 96610 89151
102541 83270 82453
86933 80904 101557
97932 90372 87756
96856 91054 89476
91471 87527 98305
100397 83930 90419
84353 93584 95348
95264 85123 96746
101068 85952 85384
93639 82506 98478
89539 93644 93818
92686 90985 95208
85509 94819 93457
95844 90638 92384
87576 94302 93658
100624 80205 90931
96449 84685 95792
89250 93280 94492
88841 91869 96374
97246 85138 94829
95447 82544 97099
90914 91117 96268
99606 83167 92081
85891 79418 101871
82963 81868 101919
92527 93084 92633
95205 92973 89048
84262 92089 97014
91440 95839 86527
94394 87966 96226
88555 84991 100326
95068 84787 96989
90959 95491 89140
84615 94947 93397
97263 89473 91516
98189 82012 94250
102428 83627 81702
83223 84740 101126
103666 77773 80599
81563 97721 85198
102537 82247 85867
100188 82759 91244
94319 84031 97759
91103 90619 96595
81827 79878 102389
98719 83591 93337
103133 81073 83970
101881 84521 84242
102343 82105 86648
84969 93120 95867
103289 80708 82973
97080 91614 85295
99375 85385 91598
85753 83893 101165
88482 89882 98243
95563 84954 96540
91814 93823 92008
99870 85261 90738
92474 92768 93183
97343 85596 94558
81921 97928 82997
98637 82002 93680
88592 96581 87965
86655 93550 95047
92160 94949 89144
95993 90315 92569
95152 83931 97121
89171 89490 98212
81883 97559 86329
101206 81522 89669
94535 91472 92901
102837 81819 85019
88077 90148 98189
92500 94028 90983
97268 90961 88437
87984 85897 100173
89370 94510 92453
101103 86184 83826
80892 97986 82273
101431 85158 85385
91134 85074 99374
98072 82500 94364
87091 92923 95732
93767 88097 96639
95527 90256 93246
95542 79535 97133
96501 91557 89217
94935 87767 95868
87982 94353 93422
103579 77724 82056
89423 96547 87119
89777 92186 95677
83958 83885 101407
93175 92208 93339
94537 86316 96960
102157 84187 82646
90752 92144 95277
101402 85070 85839
82998 97892 82048
102660 81312 86231
100745 84761 88908
103426 80274 81891
82582 97730 85079
94406 80280 98150
88846 86364 99779
89124 96866 84544
93383 86709 97629
95074 81442 97507
92572 87491 97784
96335 89287 93132
85448 94368 94191
103209 80056 84256
93373 94466 88365
88028 90564 97857
90282 91510 96171
92002 93193 92909
99381 79843 92765
99258 86022 91388
89119 92153 95971
86291 92583 96286
95809 92179 89502
92681 91458 94695
90699 92001 95456
82772 96487 90453
91765 86671 98587
90556 83321 99994
87441 97099 86049
87740 97137 85188
91426 95297 89164
100229 83500 90904
92083 92532 93860
101171 81200 89811
98570 85383 92920
95996 85456 96036
100962 83276 89591
89811 80747 100641
93214 89971 95748
82492 97913 82767
99255 81002 92902
85584 89064 99215
102837 80514 85764
95204 93257 87499
100160 84487 90628
98531 87253 91678
84317 86837 100301
90820 82801 99951
93440 94170 89317
96288 85961 95568
97862 89951 89187
99052 85046 92311
97177 84728 95033
85837 82375 101478
84277 97265 87427
102315 80768 87402
98716 89658 85756
81268 81987 101935
101879 83942 85821
91616 94637 90634
91778 92613 93994
85259 94293 94327
91667 83499 99413
100908 83867 89388
91075 81484 100022
93237 92659 92619
80302 78768 102544
93989 93148 91009
87327 92085 96641
101826 78926 88673
93487 81391 98716
83835 80779 102079
99132 88699 87756
99771 81315 92147
99828 88181 84792
87964 92273 96259
102147 81767 87523
82025 97655 85643
96224 82980 96325
93746 91120 94216
103248 81197 81946
89717 96320 87756
101205 81311 89720
85326 78770 101993
97352 81769 95244
88201 94914 92261
91964 94961 89446
83728 85142 100978
87624 95498 91407
97493 84443 94742
87200 87903 99597
93683 91640 93642
94277 83391 97909
86456 87423 99966
82289 82816 101722
103123 81737 81660
87225 86184 100256
94367 89307 95275
88446 96539 88284
98525 81253 93867
101877 79909 88536
87830 83867 100768
99849 88246 83988
94881 88560 95343
97976 81777 94515
100281 87113 86628
101424 84352 87109
97245 83619 95205
94227 89830 95011
101427 85628 83119
88674 90777 97486
87171 92008 96768
91528 91531 95480
97179 90876 88964
93693 87379 97093
102881 82092 83736
86889 83126 101133
101902 84788 82549
88976 87865 99173
86038 83027 101316
85180 89708 98851
93039 86919 97771
100053 87110 87554
84940 87653 99935
86800 86425 100268
95189 93405 86703
82204 96356 90801
87817 80710 101329
86404 96200 90435
84091 93902 94948
98975 88574 88525
94116 93884 88747
86458 80225 101721
103376 79102 83347
92523 80446 99362
86071 92996 95848
98945 88288 89149
86115 86366 100409
86923 97132 86418
97371 87141 93567
94512 87083 96633
101090 85834 85594
89969 92536 95186
89733 92660 95141
93858 89215 95790
94133 90262 94757
98986 84672 92591
92158 93874 91607
97646 89384 90911
101432 80198 89459
91779 87166 98343
89982 85219 99793
92578 92183 93888
86727 90575 98151
89945 79120 100676
80584 97959 82880
84762 95505 92397
91771 95348 88444
83717 85607 100810
85700 79330 101907
92792 95147 85367
103681 75755 80404
91226 95651 88253
99096 86064 91683
83089 93018 96044
79076 77812 102651
86570 90696 98095
90220 95893 88813
101407 81561 89272
90343 86016 99440
94426 93751 88252
82619 79124 102420
102488 79572 87102
98175 87798 91782
87851 87565 99575
102859 82279 83257
83603 94981 93418
94133 94212 87046
89384 95991 89236
96344 91432 89986
90938 83448 99790
85281 95731 91832
95435 86078 96320
83537 96346 90758
98125 86777 92778
88658 91563 96755
97274 90996 88310
91917 90820 95961
101061 80318 90199
84491 97543 85794
92261 95296 87231
94945 79510 97682
98218 89724 88556
85880 92788 96114
100393 87393 83600
80521 77070 102675
90171 91044 96711
100750 83744 89802
90983 95899 87605
92607 94779 88883
84270 84606 101157
89155 92313 95787
85177 84332 101133
91933 79926 99714
92357 91411 94994
97233 87786 93222
90957 88140 98212
90535 94601 91550
86302 94496 93767
83550 95993 91623
95189 91551 91941
100214 79165 91551
94340 93595 89112
84574 90025 98630
87296 89925 98499
102763 79713 86186
95101 90246 93770
87685 96226 89773
94902 93318 88562
96957 90560 90320
92438 85082 98682
101620 83911 87051
95462 89512 94022
83500 79265 102290
86260 93872 94710
95098 90383 93609
86618 95487 91863
87749 96847 87377
83519 97401 87015
84820 95968 91474
98481 87928 90986
98215 89004 90082
85640 83296 101318
87811 87279 99700
85992 91526 97442
83324 94423 94214
98366 89094 89440
86461 96741 88943
91733 84313 99227
94703 92039 91875
103512 79765 80374
98609 89826 84936
99235 82232 92815
103676 77571 80909
85496 93296 95577
89495 83534 100436
90356 88738 98145
96200 86413 95435
98321 85393 93301
96421 81152 96229
90471 96096 87603
83553 97829 82123
99307 88744 86436
84103 96232 91007
86662 94183 94149
89988 90541 97183
85437 96566 89798
93888 80313 98519
84622 82271 101691
84065 94605 93951
93236 82359 98760
84400 90775 98083
85619 93980 94709
91171 88539 97886
89606 91804 96143
90456 95941 88421
81576 96233 91091
103464 79944 81966
99337 82966 92551
83933 95495 92534
96131 88739 93913
87377 94762 92920
103097 79934 84857
103190 81325 83098
87751 84962 100532
93777 86267 97534
88976 80252 100972
87715 96751 87977
88074 86898 99780
99161 81284 93016
91762 95627 86839
95238 88616 94955
92118 89794 96630
89636 82171 100596
92415 92132 94095
90509 80072 100420
95554 91761 90903
101297 84926 86648
90949 96069 86683
85453 94227 94390
96434 90646 91379
91539 90839 96161
97850 86537 93367
83992 78283 102260
88413 80128 101168
91842 92750 93747
88978 90422 97700
85502 85382 100826
88304 93182 95013
79358 97992 81488
84761 97606 84714
95614 92052 90198
79807 77095 102715
87795 97142 84023
86231 89785 98763
93122 94937 85509
96495 91522 89344
102270 83830 83397
95380 90721 92861
93175 80497 98978
100820 86445 85444
89011 81728 100858
89115 96500 87821
91804 95356 88309
103501 79843 81215
87928 92478 96029
101937 81500 88163
89204 90087 97837
86743 93063 95631
92660 94253 90407
93832 81798 98444
90544 93908 92839
91312 80379 100001
79450 76125 102738
97379 86651 93947
87461 93623 94705
87596 79574 101447
84749 79398 102070
96509 89377 92802
97975 86647 93110
81588 97855 84170
98633 79757 93740
90907 92857 94319
90072 94632 91792
93509 87729 97035
87228 95522 91533
91227 93272 93424
103607 76594 81769
85151 96985 88385
89089 81012 100884
90558 86619 99120
102363 81459 87071
92944 93517 91455
86971 94711 93156
96921 91611 87241
94368 82379 98007
103347 77047 83690
95346 91255 92158
87613 85786 100304
84664 96421 90399
94716 81931 97789
89026 82407 100776
88717 94528 92745
95792 87630 95135
100543 84689 89666
88302 81550 101107
101936 81289 88214
93179 87356 97472
85827 89373 99049
102485 80975 86873
98813 83930 93112
81318 80139 102346
90454 78890 100462
97977 84979 93981
100751 81625 90505
96346 86942 95033
88965 86956 99529
86440 97381 84615
88539 92379 95952
98639 86445 92282
79279 76459 102745
89865 95149 90888
85131 80858 101880
88053 95679 90829
98818 82644 93352
101891 82389 87801
82873 97785 84445
96727 84875 95474
86630 85742 100509
86979 80696 101556
90255 96441 85767
84523 97024 88416
99627 87909 87587
102997 80309 85207
102380 83734 81222
94501 81273 98035
95160 87069 96105
97113 86021 94640
85306 86389 100451
88387 80865 101136
89920 96082 88545
103503 77263 82781
99073 89106 86239
94729 83176 97654
99686 86646 89571
99663 84058 91671
90378 89542 97679
89872 95712 89568
101686 83998 86614
95391 87306 95757
96862 88326 93280
81412 78852 102528
84095 95796 91933
103381 80254 82572
100758 82759 90223
93732 89938 95379
82480 97925 82417
100578 81746 90784
97945 89106 90618
93230 83452 98583
85071 92066 96972
100511 86867 86104
95914 92733 86842
95958 84136 96358
90619 82154 100151
98868 84496 92834
89326 79907 100863
84404 94142 94594
92975 81063 99059
96337 91310 90257
89043 81783 100841
85208 80312 101937
94192 80562 98292
86525 93994 94480
103349 80716 82199
83946 78491 102261
84867 93783 95042
82479 78436 102503
92685 86331 98223
94466 91057 93519
101752 84866 83952
92161 84404 98977
93159 91630 94093
84415 92377 96710
91537 93542 92728
93204 90952 94839
96724 85499 95277
101741 83333 87364
92339 95427 86146
90529 92876 94519
87397 95952 90542
82512 82356 101850
101317 85827 82508
93545 81597 98656
84464 97715 82907
94768 89631 94653
94268 88689 95815
100151 86758 87843
102851 82459 82316
91402 91036 96067
102289 80543 87522
88299 83414 100755
96085 88977 93768
95850 90023 93101
86400 89384 99005
100386 85523 89029
86197 97443 83912
93111 88508 96869
102002 83604 85893
88948 88787 98709
92866 85173 98432
89648 89555 97980
92560 82217 99174
94036 94256 87205
89573 96673 85639
84235 96240 90977
102615 83124 81720
96108 92298 88085
86349 97367 84937
83936 85618 100805
87529 96404 89417
99173 81085 93012
88365 88489 99070
102202 83470 85214
87331 97021 86779
85042 97638 83815
90133 95730 89323
91468 91984 95042
94658 85642 97094
92049 85968 98699
85447 97222 87195
85725 97268 86658
103321 80246 83346
101678 80592 88939
94447 87032 96707
97333 91145 87318
83674 86058 100642
91931 81479 99624
90030 96585 84399
99794 82213 91977
97062 88625 92704
90614 94659 91370
98212 89689 88683
78883 78039 102630
88614 83700 100617
91345 91241 95889
83827 82523 101710
102009 83526 86007
102764 79168 86211
93128 94285 89604
87988 91107 97403
92963 90553 95404
89128 90805 97329
91292 91098 96068
82733 94775 93713
87197 96784 88346
89857 94213 92740
85323 82381 101562
97777 89545 90310
94950 92555 90449
100057 85981 89381
96943 85184 95147
92085 89151 97112
102955 81338 85050
103313 77269 83874
96997 90926 89374
103069 80928 84596
93799 93718 89904
88670 96758 86866
85751 93275 95562
89228 96169 88880
103393 80487 81579
97213 80367 95400
84524 97671 84184
80842 77637 102636
93403 85710 98003
97735 86106 93843
90493 93708 93217
88366 92865 95412
99477 80566 92614
97751 87578 92664
82008 97871 84018
98905 87326 90721
101096 83974 88734
85664 95448 92269
87597 95810 90757
89515 92409 95535
100724 85027 88595
95602 88989 94286
99470 87784 88356
85434 82139 101592
92529 79365 99398
100246 81055 91430
99452 86636 90243
103143 78977 84744
85960 93495 95256
84927 82678 101560
86187 85441 100685
91808 93090 93238
96044 82569 96550
100318 86923 86897
80690 97922 83570
88655 80235 101082
88874 95136 91533
84501 85776 100744
88433 91910 96479
98556 83079 93641
96496 84263 95830
102900 82190 83084
82767 83809 101442
95701 90346 92916
91889 95677 85898
91316 96018 84520
94560 90445 94128
90062 87619 98891
100132 85356 90000
93977 92341 92299
86935 92846 95859
97922 84624 94164
99837 84148 91341
85769 96092 90973
96810 87264 94226
89003 96847 85874
100623 85700 87943
95153 85809 96645
84880 91382 97610
103255 79099 84143
93771 92265 92647
82842 95176 93120
97723 90940 85753
102010 81775 87898
90967 91260 96089
83746 93828 95049
96257 88016 94324
82848 80707 102176
89954 89004 98172
97432 90507 89111
88721 84636 100371
86764 96337 89935
85127 97406 86238
87464 82560 101136
103512 78014 82693
96725 85692 95214
101203 82695 89319
96684 87987 93815
99671 83208 91965
89505 95476 90411
89434 89156 98306
100377 87377 84743
102621 82627 84381
101206 84690 87390
81473 97977 82072
86107 92791 96078
87514 94905 92589
90973 90205 97008
88502 91486 96882
85070 96472 90163
84712 86861 100282
102996 80098 85258
102003 82979 86869
82764 97254 87745
98255 85019 93581
86204 79076 101817
96489 91930 88004
100054 81212 91716
101629 82743 88296
101603 81258 88947
85061 93717 95105
86802 79587 101660
95428 81974 97159
101097 85580 86179
88205 93851 94135
92448 92594 93458
92359 86487 98352
99245 84338 92277
103681 77362 80488
86291 97154 86907
97280 88878 92137
96979 84775 95238
88772 96300 88808
