77806 97194 9275
89668 87332 9500
78608 81392 10068
96116 75884 9313
76348 79652 10099
78070 86930 9980
73507 91493 9848
90208 88792 9270
89282 90718 9119
94113 79887 9430
84362 89638 9685
89662 84338 9669
82265 93735 9436
91998 85002 9402
72981 91019 9871
97635 76365 9036
69256 100744 9042
99572 69428 8869
83237 93763 9365
59489 103511 8239
91987 89013 8593
94125 80875 9382
96099 74901 9334
75851 90149 9898
94633 78367 9423
84504 95496 8892
76671 95329 9530
71836 97164 9494
77765 91235 9811
75926 100074 8798
88180 90820 9282
73702 92298 9809
74092 100908 8396
97717 77283 8946
72578 100422 8982
101249 66751 8478
81901 84099 9974
95177 76823 9400
85444 88556 9701
71991 96009 9588
89881 89119 9278
83335 78665 9999
95041 84959 8576
81585 97415 8872
78373 94627 9536
98464 68536 9079
84621 93379 9300
60935 103065 8542
74551 87449 10001
87915 92085 9106
88479 80521 9835
99194 72806 8838
102232 59768 7970
82027 80973 10018
86646 86354 9754
69453 94547 9702
93371 84629 9225
85468 85532 9839
77530 94470 9576
74537 80463 10107
83392 95608 9052
81227 83773 9996
91153 77847 9727
69502 100498 9084
74300 85700 10045
73251 97749 9401
100077 73923 8211
70774 99226 9273
90763 80237 9719
79651 85349 9992
75072 92928 9763
80626 85374 9974
93120 77880 9583
75548 91452 9839
66000 100000 9213
75315 99685 8994
91885 89115 8677
95081 83919 8893
76270 84730 10051
90398 76602 9772
73979 98021 9344
100012 69988 8745
68304 101696 8841
99424 74576 8607
80368 91632 9711
82230 92770 9543
82577 80423 10010
97212 72788 9226
96021 72979 9368
78778 99222 8630
82653 90347 9715
94490 82510 9209
90004 86996 9489
87372 78628 9897
101526 65474 8388
86314 85686 9797
82779 85221 9927
81624 92376 9606
89331 82669 9748
93039 75961 9610
77393 99607 8757
93375 78625 9544
73859 80141 10110
92831 84169 9352
93131 83869 9328
68142 100858 9046
86117 80883 9922
87885 80115 9865
84244 78756 9981
101809 63191 8283
64163 101837 8878
83925 82075 9966
85460 82540 9917
95405 73595 9426
65061 102939 8317
91691 86309 9334
92585 86415 9174
90668 89332 9109
90958 84042 9575
90086 78914 9778
82025 91975 9622
73665 87335 10007
102090 62910 8045
75585 100415 8530
78879 99121 8699
83972 95028 9095
75667 100333 8653
87754 89246 9505
99998 74002 8331
88664 88336 9508
83420 96580 8663
102113 60887 8069
70987 100013 9133
84891 81109 9957
74699 82301 10095
70925 93075 9777
74072 90928 9872
75521 80479 10103
76286 99714 8897
67463 102537 8374
86188 90812 9475
101070 66930 8535
94215 83785 9148
75099 95901 9525
91692 82308 9584
99419 75581 8422
86975 82025 9870
78836 86164 9987
98966 77034 8316
96039 79961 9112
82239 89761 9768
62007 102993 8562
72404 98596 9319
99989 72011 8640
77568 89432 9905
78951 99049 8742
75162 94838 9612
76494 99506 8935
74365 97635 9382
74794 88206 9978
76608 83392 10069
75791 82209 10090
75927 92073 9802
69807 100193 9133
100664 70336 8506
92424 83576 9442
76799 84201 10055
72081 97919 9414
62562 101438 8965
99909 74091 8414
89049 87951 9508
94428 80572 9353
79505 82495 10046
94816 85184 8670
75900 98100 9255
77002 97998 9204
96032 82968 8734
77419 79581 10091
99015 75985 8595
96343 82657 8644
61968 103032 8546
58465 103535 8254
67158 101842 8842
73625 94375 9687
80252 83748 10014
80620 92380 9647
101047 69953 8190
95573 83427 8815
75642 100358 8627
75461 99539 9014
83629 79371 9993
75311 78689 10108
74636 100364 8848
69991 102009 8494
92148 80852 9593
90301 89699 9113
72173 100827 8899
101140 68860 8352
76381 94619 9597
71785 98215 9383
98494 77506 8612
82854 88146 9822
70653 96347 9584
102292 60708 7877
85024 87976 9751
98840 69160 9016
84445 91555 9524
86488 88512 9650
71336 101664 8532
79036 92964 9653
90535 80465 9730
94580 85420 8717
75808 100192 8742
95478 77522 9341
61606 103394 8280
87489 91511 9268
76396 80604 10096
69544 101456 8852
98205 76795 8844
76148 82852 10080
71545 94455 9701
83350 87650 9827
84875 92125 9436
68716 102284 8334
93302 79698 9519
74573 83427 10083
75420 98580 9201
63209 102791 8629
62378 101622 8926
92812 75188 9626
78470 87530 9955
89588 86412 9583
76183 87817 9980
100797 64203 8643
75630 97370 9366
69716 101284 8897
96941 81059 8718
80950 98050 8747
66250 102750 8331
88187 81813 9825
81335 91665 9674
89031 85969 9647
94005 82995 9256
99307 75693 8481
69422 101578 8814
78696 84304 10029
82999 91001 9651
69637 96363 9586
99536 75464 8285
82338 92662 9547
97233 80767 8624
100474 72526 8173
87586 88414 9587
86611 91389 9379
88158 77842 9872
85380 93620 9181
62787 103213 8412
80371 95629 9324
79178 98822 8826
102149 62851 7839
77904 98096 9124
68638 101362 8924
93906 86094 8848
69856 101144 8930
76407 98593 9135
72530 84470 10069
74592 98408 9263
67864 99136 9327
80945 96055 9214
76855 80145 10094
67521 101479 8926
61766 102234 8787
89626 91374 8822
79462 92538 9674
91340 85660 9440
94926 85074 8633
72977 101023 8734
94002 81998 9330
91764 88236 9068
81843 97157 8904
95247 74753 9438
102052 60948 8120
82548 96452 8984
68382 100618 9090
84843 90157 9620
74208 80792 10106
74260 100740 8677
91052 76948 9738
100382 72618 8371
73477 100523 8896
67510 102490 8495
101627 66373 8238
69268 101732 8761
76886 82114 10081
71716 101284 8749
77094 96906 9357
96155 77845 9227
87124 86876 9710
90939 82061 9658
97375 73625 9191
62743 103257 8272
94870 84130 8925
80520 82480 10030
97572 80428 8351
81859 91141 9691
72018 86982 10017
61055 101945 8857
73288 99712 9098
100596 67404 8667
70812 92188 9820
100151 67849 8763
92480 79520 9601
89266 79734 9811
79666 95334 9410
98364 78636 8307
98115 77885 8730
81083 94917 9370
71644 91356 9858
68996 96004 9611
99909 71091 8721
65494 101506 8944
73187 100813 8821
76523 97477 9310
90263 80737 9741
77206 98794 9035
98802 74198 8864
77265 99735 8702
100240 72760 8435
97668 78332 8842
74402 93598 9730
70019 98981 9320
71234 98766 9325
83739 91261 9594
76762 83238 10070
84790 87210 9796
84571 89429 9690
74054 98946 9201
90310 81690 9716
100663 71337 8353
97006 78994 8982
71622 86378 10033
70886 101114 8892
76760 99240 8975
98235 78765 8455
99157 70843 8927
71517 100483 9017
77621 95379 9495
98960 74040 8831
90432 79568 9753
84045 83955 9925
79664 90336 9817
86835 89165 9578
101863 62137 8247
94915 83085 9071
77210 99790 8677
67816 102184 8668
83955 96045 8832
61061 102939 8588
83522 96478 8753
83577 87423 9829
99147 74853 8695
75915 85085 10048
82146 79854 10021
76558 88442 9958
82962 84038 9951
98362 70638 9080
92764 87236 8988
76530 93470 9686
70221 93779 9742
85924 92076 9355
63062 102938 8572
89384 83616 9715
72867 95133 9642
98721 69279 9035
100687 68313 8611
86568 87432 9711
99483 75517 8366
83252 86748 9866
78490 82510 10060
82850 79150 10008
71959 101041 8836
90022 84978 9617
70074 100926 8979
70173 101827 8631
71291 93709 9744
98373 74627 8953
58463 103537 8229
61803 103197 8474
88181 88819 9507
102413 57587 7692
99068 72932 8868
56436 103564 8177
79355 86645 9965
98060 74940 9014
100975 64025 8597
87763 84237 9783
95149 81851 9136
101777 64223 8293
71414 101586 8586
70712 100288 9090
81362 90638 9746
92748 85252 9269
89606 88394 9407
62522 102478 8726
64020 102980 8503
88974 89026 9412
93942 75058 9548
89224 80776 9796
82484 95516 9167
96904 71096 9274
85582 79418 9948
83128 92872 9477
95190 84810 8417
73023 93977 9722
89454 87546 9505
94871 76129 9455
79671 83329 10030
100539 71461 8449
66985 100015 9210
97326 78674 8919
65397 100603 9117
87929 83071 9807
93051 82949 9406
76953 84047 10056
101492 67508 8112
90182 77818 9782
94284 84716 9007
99164 73836 8785
81674 87326 9890
73366 89634 9929
83615 82385 9968
101367 64633 8473
78329 83671 10044
69018 99982 9189
83444 77556 9997
65678 101322 8983
100946 66054 8592
76548 94452 9606
94415 82585 9217
76375 89625 9915
94720 82280 9184
84182 92818 9409
73587 92413 9804
90939 90061 8781
98103 78897 8542
82972 86028 9900
62746 103254 8325
67556 101444 8933
95817 83183 8774
86105 88895 9647
79271 97729 9072
83097 89903 9727
77484 87516 9972
97771 74229 9115
97915 76085 8983
76669 91331 9831
75683 89317 9932
86114 93886 9035
67323 100677 9099
91749 89251 8708
79254 87746 9933
88172 86828 9655
87528 90472 9400
97502 77498 8986
84502 94498 9132
76250 98750 9115
81218 82782 10014
66864 102136 8759
75561 100439 8395
66285 101715 8893
85523 90477 9552
79500 91500 9748
81259 89741 9800
83594 94406 9240
97771 70229 9176
92951 80049 9544
79802 92198 9689
99691 72309 8717
86784 93216 9068
80799 88201 9881
70048 101952 8542
88084 79916 9860
95538 74462 9408
94904 81096 9244
78509 98491 8984
95129 78871 9338
90756 83244 9632
97850 76150 8996
73717 85283 10056
78504 97496 9182
64854 101146 9023
62820 102180 8799
77298 95702 9476
80902 86098 9949
96302 76698 9254
82333 87667 9860
78877 90123 9852
100426 72574 8298
63889 103111 8319
89255 77745 9829
99721 71279 8766
88440 87560 9593
85908 90092 9561
82265 91735 9631
71996 90004 9915
101089 68911 8412
92508 82492 9492
73950 98050 9341
86684 79316 9917
90765 81235 9695
75160 96840 9438
76364 97636 9296
75285 90715 9877
99311 67689 8941
97039 74961 9205
80072 94928 9437
67657 102343 8586
71477 101523 8628
102182 59818 8012
76978 85022 10039
64874 102126 8808
85158 83842 9896
70646 101354 8813
80997 97003 9045
82998 92002 9570
100465 72535 8228
72788 101212 8625
77118 92882 9716
72702 100298 9006
98884 70116 9000
100957 69043 8471
84686 88314 9748
65371 102629 8625
86052 77948 9942
68589 99411 9283
79578 96422 9266
80660 94340 9467
72684 101316 8441
99474 68526 8906
71590 92410 9809
78869 87131 9960
76962 92038 9780
73306 87694 9997
102205 61795 7958
98466 69534 9074
93605 83395 9290
60633 103367 8406
64281 102719 8631
78752 95248 9467
87673 87327 9655
87060 83940 9824
72268 91732 9841
84668 84332 9897
85492 86508 9799
70477 95523 9639
78951 85049 10011
101211 65789 8508
72758 99242 9204
101502 63498 8423
83691 92309 9499
74113 100887 8549
99856 74144 8450
97477 80523 8503
71267 97733 9449
97962 72038 9127
102029 62971 8124
68919 102081 8614
74748 99252 9120
79932 86068 9970
100312 71688 8539
76906 99094 8995
93977 81023 9393
83909 80091 9985
100650 69350 8585
90629 79371 9744
77386 85614 10023
80898 98102 8699
71539 97461 9471
84430 85570 9870
95764 79236 9216
98976 77024 8266
64095 102905 8550
74385 99615 9066
95370 80630 9191
81085 88915 9844
88804 91196 9119
97553 80447 8449
101716 66284 8023
98857 77143 8452
70042 99958 9169
90507 82493 9675
93281 86719 8933
60581 103419 8358
60273 102727 8653
63963 103037 8452
83488 90512 9664
80002 87998 9907
67866 100134 9182
87000 92000 9255
96201 81799 8888
96302 80698 8981
76788 92212 9773
79675 92325 9684
99622 70378 8829
77601 93399 9662
96319 74681 9312
78047 88953 9915
73976 99024 9192
88638 82362 9792
84312 87688 9792
90155 87845 9395
72892 88108 9984
95268 83732 8864
98912 77088 8398
89265 78735 9821
74278 94722 9643
88357 89643 9414
80648 93352 9564
98872 75128 8770
101780 65220 8238
78713 91287 9783
76798 93202 9700
91300 78700 9708
102398 58602 7806
86486 90514 9483
78420 92580 9703
74897 100103 8916
80019 96981 9141
78696 98304 9010
98076 73924 9068
77071 99929 8494
101713 65287 8312
66941 99059 9336
77247 90753 9851
102382 59618 7753
73674 98326 9311
102016 63984 8061
91630 89370 8721
100796 70204 8447
72920 90080 9912
95105 81895 9141
98268 78732 8426
71055 97945 9431
86975 90025 9496
74497 100503 8801
91640 81360 9621
78455 88545 9923
97845 75155 9054
101520 67480 7994
58566 103434 8366
89510 81490 9768
95224 79776 9273
81573 95427 9258
89046 78954 9830
71995 93005 9779
78333 96667 9321
102361 59639 7820
85815 93185 9204
74862 94138 9676
75824 93176 9727
71683 95317 9645
66562 102438 8642
74347 100653 8732
100851 70149 8421
65086 102914 8434
90623 78377 9753
61604 103396 8255
80263 79737 10052
67803 101197 8982
87922 86078 9706
74827 100173 8898
74466 92534 9791
83059 81941 9989
96562 76438 9223
91699 78301 9685
80629 97371 9009
83332 83668 9950
79386 98614 8864
77783 96217 9404
91182 84818 9513
66320 101680 8900
98756 76244 8686
74968 95032 9601
70308 99692 9209
99962 73038 8550
101265 68735 8204
71033 100967 8926
87544 85456 9750
95503 81497 9093
66389 102611 8538
88004 80996 9848
75665 83335 10078
80219 92781 9631
98848 73152 8916
61676 103324 8405
93526 76474 9572
81595 94405 9403
96416 81584 8848
101209 67791 8446
97815 79185 8654
71805 101195 8783
90638 87362 9381
82505 81495 10006
75107 90893 9870
71347 96653 9547
77470 82530 10072
62983 103017 8533
70523 94477 9704
73773 78227 10112
98592 75408 8846
73571 95429 9603
93706 85294 9072
68719 102281 8410
73918 100082 8992
102241 61759 7866
80993 98007 8786
88441 83559 9770
72591 99409 9181
93424 81576 9432
73842 90158 9907
74278 89722 9923
76085 96915 9401
70092 97908 9453
83730 96270 8791
62247 102753 8643
74110 86890 10019
64249 102751 8619
94255 75745 9519
73144 98856 9252
85691 90309 9556
93156 85844 9129
88077 92923 8757
82139 85861 9926
92371 77629 9645
102141 62859 7907
60534 103466 8286
92758 78242 9606
100694 71306 8322
89273 83727 9718
84971 83029 9920
97540 75460 9101
73852 100148 8981
72192 99808 9125
74561 89439 9933
92200 81800 9556
81609 96391 9097
72502 97498 9447
86485 92515 9237
70747 98253 9400
79911 98089 8929
97144 79856 8833
100437 65563 8720
83722 83278 9948
77896 82104 10071
96635 82365 8550
98510 70490 9058
85166 94834 8954
78330 93670 9617
74112 88888 9957
93651 77349 9545
60769 103231 8472
80532 97468 8999
96962 78038 9072
69128 97872 9464
71553 99447 9215
90737 77263 9755
102238 60762 7960
98515 71485 9046
82669 82331 9991
76665 87335 9990
76599 90401 9879
72841 96159 9560
99557 75443 8233
61336 102664 8671
99517 67483 8903
71295 101705 8491
78918 93082 9647
66698 102302 8695
86147 82853 9887
65650 102350 8729
96632 80368 8930
76636 86364 10018
65833 102167 8778
88745 92255 8792
94501 76499 9484
91151 88849 9095
88878 81122 9807
91443 80557 9662
95957 82043 8929
87830 93170 8703
93119 80881 9500
74036 96964 9458
74932 100068 8923
99539 73461 8680
98041 77959 8750
77776 99224 8881
97221 78779 8942
81121 78879 10038
64038 101962 8850
89704 83296 9704
58499 103501 8302
90560 90440 8805
89464 88536 9409
89447 79553 9804
94197 84803 9019
70327 100673 9024
69480 97520 9492
78880 82120 10058
95058 76942 9411
73665 98335 9310
83513 88487 9784
78932 95068 9477
100635 70365 8516
96847 80153 8890
77764 92236 9745
91936 89064 8642
69166 100834 9026
89773 84227 9666
91833 77167 9691
89074 89926 9289
98973 72027 8933
91346 79654 9690
91286 87714 9243
69105 96895 9545
59487 103513 8214
101475 67525 8167
79520 94480 9507
90359 83641 9646
91119 85881 9451
100053 66947 8800
97160 80840 8653
86262 89738 9568
102307 59693 7903
