16950 23050 2582
21206 20794 2241
20603 22397 2198
15901 22099 2589
17597 21403 2577
18424 21576 2558
13841 27159 2203
17234 23766 2560
18577 24423 2283
17159 22841 2582
17525 22475 2578
16440 23560 2571
21410 20590 2167
20042 20958 2456
19977 20023 2471
15224 26776 2348
16186 25814 2484
20348 19652 2428
16679 26321 2332
16754 26246 2365
16332 21668 2589
16490 25510 2496
16789 25211 2502
15300 25700 2491
16041 24959 2528
15488 26512 2414
20357 21643 2411
16825 22175 2588
21303 18697 2291
19435 23565 2399
16953 25047 2505
17212 25788 2421
18945 24055 2422
19378 22622 2477
18667 23333 2514
21932 16068 2039
20369 22631 2267
21882 18118 2065
19157 22843 2491
18775 21225 2545
17883 25117 2262
18092 22908 2550
18168 21832 2566
18358 24642 2440
13868 27132 2255
15886 26114 2460
21436 20564 2157
17786 22214 2574
16685 24315 2546
18301 23699 2518
19190 21810 2515
17675 25325 2430
20059 22941 2323
16602 26398 2297
19676 23324 2382
19504 20496 2504
17932 23068 2553
15058 26942 2260
20743 19257 2372
16953 26047 2400
19725 20275 2490
21613 19387 2236
19591 21409 2495
21940 17060 2020
