42206 33794 3581
33527 39473 3948
41114 34886 3788
32766 39234 4100
31479 39521 4126
33519 35481 4310
32861 37139 4268
35197 38803 3934
42062 31938 3939
34187 33813 4330
34460 33540 4328
44800 28200 3641
33321 39679 3830
44053 27947 3785
39567 35433 4009
45524 26476 3403
23920 42080 3419
38961 36039 4024
30250 40750 3935
25453 41547 3852
30820 38180 4235
36411 35589 4240
35530 36470 4237
45089 27911 3557
44833 26167 3687
37547 35453 4191
41946 34054 3696
25015 41985 3638
27210 41790 3628
30032 40968 3679
35883 38117 4055
40801 35199 3760
40527 34473 3976
44781 29219 3507
32571 37429 4260
44906 26094 3674
30542 37458 4267
37529 37471 3995
35341 36659 4235
45526 26474 3354
42366 29634 3978
43314 31686 3709
45867 24133 3290
26323 41677 3795
39352 34648 4120
36061 34939 4270
32061 39939 3995
43456 29544 3832
44679 29321 3561
34612 38388 4126
27269 41731 3706
45058 27942 3568
30406 40594 3970
44657 28343 3667
32204 38796 4192
31489 38511 4218
44147 30853 3517
27705 41295 3898
28519 41481 3643
40481 31519 4130
42875 28125 3934
35852 38148 4051
30112 38888 4196
41465 32535 4001
45284 27716 3393
33611 39389 3974
36328 32672 4289
34177 37823 4210
45723 25277 3403
35713 32287 4306
32576 38424 4212
24953 42047 3526
33678 34322 4329
31197 35803 4312
23945 42055 3505
31195 39805 4088
35474 38526 3987
35927 36073 4239
35040 35960 4276
44460 28540 3702
40022 33978 4097
45667 25333 3504
29207 40793 3986
35115 38885 3875
37603 37397 4012
46011 20989 3182
32486 39514 4066
41046 34954 3791
43005 31995 3757
45512 26488 3449
43982 29018 3764
33405 38595 4168
37086 36914 4128
42146 32854 3859
37414 34586 4228
29982 40018 4095
30668 40332 4015
36570 37430 4106
38317 36683 4039
45176 27824 3524
27607 41393 3874
43696 30304 3751
35551 35449 4277
29388 39612 4138
36904 35096 4235
43643 27357 3842
22900 42100 3335
35123 38877 3917
33312 39688 3730
43083 29917 3879
36259 33741 4288
44423 26577 3746
45740 25260 3279
42251 30749 3971
34394 35606 4298
25994 42006 3555
42864 29136 3924
44499 29501 3633
31720 40280 3899
40106 30894 4152
37250 37750 3888
35702 38298 4026
45192 26808 3606
44451 27549 3732
38111 35889 4138
40110 31890 4147
32346 37654 4252
41712 31288 4021
43844 31156 3614
32685 36315 4297
28670 41330 3810
26742 41258 3924
36198 37802 4086
45395 25605 3567
27560 41440 3861
31625 40375 3783
34972 34028 4315
35156 37844 4152
41278 34722 3777
27380 41620 3786
33891 38109 4197
34691 32309 4326
38516 32484 4222
33008 35992 4303
30609 39391 4157
44785 26215 3694
30227 39773 4120
34879 35121 4299
26142 41858 3705
39330 33670 4163
44573 29427 3605
33386 37614 4242
46005 21995 3254
33949 36051 4294
45716 25284 3421
33371 39629 3898
26810 41190 3936
28824 41176 3884
45421 24579 3561
28826 40174 4080
26270 41730 3777
35749 34251 4295
30741 39259 4168
35482 33518 4308
30119 40881 3818
29737 40263 4064
34309 38691 4092
32666 38334 4216
41809 29191 4043
33793 39207 4012
27868 41132 3937
31766 36234 4303
45944 23056 3381
25991 42009 3538
33184 38816 4145
31859 40141 3942
42962 31038 3844
39162 33838 4167
41039 30961 4100
34918 33082 4323
32255 35745 4313
38127 34873 4186
35531 38469 3997
42095 29905 4007
32832 39168 4108
28581 40419 4049
32241 39759 4035
34699 34301 4317
34060 36940 4259
40242 33758 4087
43696 28304 3832
39558 31442 4177
45961 23039 3257
38667 34333 4177
38765 33235 4203
44639 29361 3579
24946 42054 3505
42153 33847 3649
40457 32543 4117
45475 26525 3486
40788 32212 4094
32063 37937 4241
33964 35036 4314
36520 36480 4188
39551 32449 4171
28925 41075 3920
31570 37430 4268
45221 27779 3476
37423 37577 3957
40912 34088 3962
38552 35448 4137
37106 35894 4192
45293 26707 3569
37703 32297 4251
28048 40952 3977
33143 33857 4336
