66820 55694 60089
60622 66722 52623
58023 65451 58181
67560 58018 58383
68748 59584 53406
67810 60829 53976
63847 64569 55326
68133 59110 56164
59738 59369 62595
70801 54658 51631
57520 55924 63708
69236 56941 55547
62483 64575 57535
62538 63658 58944
59551 66290 56271
61080 58699 62724
60947 65327 57512
69054 59182 52485
63454 63872 57618
67409 55807 59544
56873 67026 54921
71157 53119 50738
59237 66828 54843
60937 66426 54439
68480 54551 58051
54644 67833 50494
63455 64978 54916
59191 58433 62953
68494 54852 58025
55016 67815 50180
57170 58141 63108
55969 67476 52926
60614 58058 62986
60675 56628 63361
66088 62376 55771
71370 51433 49636
69394 54584 56237
62059 55716 63175
62076 65753 55148
60830 61124 61554
63364 60213 61260
59156 63095 60529
58685 55668 63755
67218 56570 59580
61879 65198 56958
65973 56738 60791
57553 66435 56356
63857 58765 61824
63078 62056 60160
64619 60419 60249
64584 63143 57299
59330 65769 57434
60430 60289 62084
57908 67325 53217
56838 54243 63969
60511 66487 54893
68132 59523 55579
66614 56232 60261
66222 56272 60607
60754 60593 61888
58625 65912 57308
70409 56088 51922
69791 53715 55498
56435 52985 64067
68437 59952 53873
61913 65866 55051
58921 66364 56312
57478 67469 52416
63567 57869 62293
66698 61801 55458
69456 58196 53258
55448 51932 64090
66642 56188 60241
58629 53545 63907
63591 61636 60116
71419 50504 48753
69501 58463 51911
69968 56669 53270
60516 64267 59263
58089 62958 60691
59481 55638 63726
55920 67352 53591
58737 66813 55226
64109 60331 60776
68020 60586 53502
62389 64467 57835
54580 67823 50995
66378 61740 56332
58826 63996 59808
71152 51361 51531
69570 53337 56092
67430 57149 59148
64893 63514 55940
64758 60901 59761
70512 55062 52635
65042 60699 59658
61258 56662 63262
62944 65108 55645
62229 60520 61555
67154 60946 55881
65038 58621 60974
56987 54290 63965
59006 60160 62322
63002 63586 58635
70279 56384 52259
60490 55183 63637
66460 62524 53474
59155 62315 61115
70569 55872 50523
65458 57689 60966
60574 66633 54024
56919 66617 55994
57476 66001 57267
61801 54337 63302
67999 60049 55081
71129 52624 51270
71308 50942 50659
66741 56889 60004
68486 58788 55661
71280 53054 49474
67945 55217 58900
68135 57844 57504
63445 57580 62414
55900 67403 53370
60815 56263 63417
66977 57520 59548
62562 64219 58098
60458 65152 58162
58694 64836 58883
61706 60714 61599
65350 59191 60350
60652 65906 56525
58493 59485 62594
69757 57083 53607
67105 57114 59579
64243 64103 55825
63173 64402 56977
66586 60262 57943
59994 66750 54362
71156 53752 50206
68621 55509 57768
65144 56304 61444
69519 57424 54157
61978 66158 52721
59081 66288 56422
64182 61940 59398
70778 54797 51524
65625 60928 58727
67328 55025 59628
69749 55541 54945
63862 60787 60616
61494 62420 60464
59007 58620 62899
62313 65983 52592
64424 62343 58725
68863 56970 56607
65308 62271 57542
68373 59371 55176
65225 61999 58081
62318 65647 55044
61960 66132 53991
59931 66604 55231
67861 60818 52207
67565 55030 59405
69749 56898 53858
62922 55883 62825
62586 65608 54628
63973 61722 59746
58644 63361 60366
70409 51899 54015
62809 65632 52077
64168 60857 60317
61833 63979 59035
65702 58467 60411
70265 55328 53337
65561 63167 54912
61425 57552 63018
63393 64621 56182
61520 63015 59974
65376 63196 55605
66684 59748 58298
62263 56806 62975
60288 66820 52035
69202 58168 54418
62166 55372 63161
69440 54245 56209
71147 52045 51536
67870 58436 57444
58404 61513 61692
62519 65823 52998
63292 56886 62615
57445 62617 60958
66982 59017 58552
70910 52067 52648
65922 61451 57660
67755 60918 53858
60275 66079 56427
70469 55192 52708
63184 58454 62287
61457 62188 60657
68708 59663 53280
56140 67684 51628
62415 63101 59552
63406 56834 62554
64491 59206 61133
69002 59079 53422
65175 62703 57068
64267 62708 58430
58667 57400 63305
60716 61730 61194
63673 59408 61564
61649 65189 57179
67326 60928 55423
65714 55936 61006
68255 57973 57131
66189 61428 57197
67567 60776 55020
58850 65807 57463
69376 55570 56005
59717 55853 63672
63614 62690 59177
60850 65367 57504
62044 64367 58361
65364 63015 56203
66142 58699 59844
59326 66395 56116
54426 67836 50186
62848 65554 53718
64523 57084 61832
59546 64202 59531
64792 63824 55073
67296 56351 59543
70264 55961 52805
68713 59694 52532
68908 58948 54097
64736 55473 61766
57841 56411 63603
62752 57417 62720
59291 56714 63500
61155 54431 63537
58343 66442 56266
57269 67560 51418
71189 52548 50931
69051 57915 55210
60841 66218 55660
57859 58858 62840
62175 62800 59901
64749 62378 58294
64773 63455 56434
61461 66442 51705
54412 52098 64108
71359 50860 49955
62242 65533 55608
68255 55944 58387
63334 60779 60900
58400 66555 55993
64356 64296 54615
62796 56723 62806
69554 57682 53613
59158 61597 61565
63566 64373 56445
59954 66915 52624
61345 65653 56541
70470 54559 53240
70366 56218 51995
64664 64191 53038
65131 61736 58602
63603 63063 58727
64476 61879 59187
57276 67255 53876
68649 58219 55945
61597 66339 53576
57376 66745 55608
57738 64269 59557
63823 56030 62356
59800 65042 58484
69586 58284 51938
57760 67309 53413
59664 60621 62028
62994 60975 60918
65850 63099 53787
65323 60196 59728
61993 56864 63032
61372 64224 59007
67403 58154 58526
65100 63652 54604
59954 58547 62875
68950 54323 57203
71417 50239 49157
68561 59157 54913
60132 65105 58311
71379 51963 49286
67381 60521 56022
70466 53072 53821
65142 61246 59062
70802 54025 52163
58204 55085 63853
71418 51137 48221
65094 57464 61391
60936 61964 60975
58928 65176 58458
58597 62905 60729
66831 61369 55932
61713 63678 59341
68246 58527 56649
60158 55086 63696
65653 61465 58123
65497 62583 56677
68413 59692 54517
66343 56013 60513
69707 56395 54463
59896 62002 61214
66456 55479 60413
69441 58265 53128
60062 64765 58839
57606 66130 57046
58962 61198 61817
69870 57074 53126
54758 67635 52194
64183 57835 61998
62182 65852 54588
67138 59678 57603
61407 61527 61143
68862 57603 56075
67944 60456 54482
62174 63433 59369
69844 55079 54952
62624 55897 62966
63077 62689 59628
61945 59532 62206
63058 55401 62759
60164 65267 58059
66234 62130 55976
62770 63433 59025
67762 55632 59126
59960 65695 57393
58984 67199 52037
61867 62497 60277
66309 57007 60386
65618 62323 56876
61217 64744 58335
71281 52421 50006
65240 60732 59417
63926 63254 58096
57567 67518 50899
58600 61912 61440
68136 57211 58036
67402 58787 57994
59768 64880 58736
58278 53950 63918
58805 66586 55797
69208 58489 53750
62921 65433 54499
70924 54008 51449
59425 55879 63683
67060 61746 54058
62638 58832 62353
68699 56205 57421
67890 55065 58974
62672 64887 56670
63116 58307 62361
60426 64990 58414
58617 67120 54003
66932 56126 59968
66445 62483 54156
63254 64998 55317
59229 62040 61298
68584 59875 52603
61898 65140 57049
70245 52694 54415
58140 67183 53892
65028 63864 53526
65432 63495 52242
67543 56605 59149
71418 51027 48886
67569 61191 52843
59819 62840 60661
59480 66976 53847
64855 59431 60708
59352 54818 63813
70014 57237 51624
70680 51597 53295
61693 65461 56616
67717 59204 56956
58805 67222 53265
61341 63398 59719
66532 60876 57347
66467 58734 59413
62120 65507 55929
56351 67707 51261
61965 61983 60632
59417 66830 54716
58387 65676 57756
64965 63929 53047
65648 60231 59297
70719 53466 52842
60069 56419 63496
60750 60806 61763
62002 64187 58635
62416 62468 60084
65945 56782 60811
64966 57875 61349
70925 53375 51981
58136 57106 63409
68128 55287 58644
69235 57574 55015
64280 61426 59753
70978 52778 52018
57763 67263 53664
63648 65030 53274
65192 58873 60720
70459 51219 53889
61366 55883 63375
67091 55913 59837
67115 61657 54176
63429 56931 62536
