77368 72816 73702
71487 79111 68945
79252 62582 75121
71892 62717 80729
74134 77584 69027
72160 64557 80620
80439 64828 72806
73433 69248 79481
66418 80295 68785
77099 73856 72484
76965 69924 76381
79118 71122 71520
79930 69164 71545
75080 68934 78507
80023 68197 72281
68043 79009 71880
77317 74133 70295
74162 73819 76799
70990 79648 65683
79636 70487 70128
67978 64045 81578
80267 68131 71582
74830 74119 75847
79897 69985 69416
78585 69529 74425
74195 75602 74369
74295 77360 69960
64337 81171 64076
74184 65902 79647
73261 69052 79611
78430 71665 72832
70001 69507 80041
78473 70094 74178
70816 65653 80944
81130 63315 71198
68695 64681 81436
76192 66294 78160
75845 75240 72784
76700 67136 77518
75684 70624 77397
75880 75386 72240
79050 71396 71179
77754 72987 72525
71226 71269 79188
69916 78797 71548
68303 78593 72592
75223 76329 71112
77450 74060 69312
80824 67298 70065
77930 64802 76692
69500 80247 65956
77956 68839 75635
80583 67722 70841
73395 77986 69723
72612 66871 80257
69235 78792 71994
79510 70649 70703
70761 73844 77695
72439 73605 77649
77863 72672 72817
80813 65081 71905
69782 77269 74376
75656 76205 68444
81357 64513 69816
74691 70886 78186
69772 77672 73778
78040 70277 74767
71493 78983 69448
65893 80380 68550
72437 78500 69593
74871 68594 78743
78471 72490 70685
71874 76412 74905
73493 75145 75734
75186 66745 78889
80434 62523 73122
80220 68979 70581
74589 77287 68213
81499 63523 69388
75761 76089 69010
73927 77843 67874
75217 76557 69697
76142 64483 78443
76408 67940 77604
76283 72349 75760
78766 72038 70812
81482 64145 68697
79996 66481 73244
73301 73321 77571
74732 77057 69512
75135 65382 79083
67894 62064 81635
71458 78837 69992
66910 63137 81682
77545 70918 75034
69826 74825 76986
79468 70893 69786
76383 66871 77877
76889 62536 77820
81306 65401 68762
69294 63222 81430
76807 74592 71151
68661 77715 73931
78923 71969 69649
75051 70668 77962
73195 63791 80192
72938 70141 79420
69261 69036 80278
78071 72357 72764
69436 63989 81393
77449 74076 68882
71135 77206 73988
72259 66732 80392
77355 73936 71147
70457 77844 73255
81369 63219 70448
70589 79628 68116
70753 71044 79332
70831 79421 68689
76888 74613 70697
73806 68631 79420
72096 79062 67024
66168 81037 64616
69243 77493 74166
78082 62749 76640
75983 75729 70042
67487 78761 72396
69211 66823 81000
63785 81252 62282
73453 77456 71290
77928 70842 74520
72512 65759 80415
78156 69839 74872
74218 70511 78714
76120 75692 69077
76816 67467 77329
73401 78252 67341
68503 80510 65933
74042 74791 75780
71875 75064 76570
71441 68296 80352
70279 65352 81114
70301 70557 79578
79256 63836 75041
77962 72672 72472
72858 75910 75067
66664 80946 65032
70690 79011 70284
75119 71167 77683
74120 77657 68359
65622 81076 64672
75978 67871 78005
76817 66279 77601
79727 69284 72104
72369 77600 72215
68297 68693 80421
74384 75184 74882
70330 79941 65289
79589 63195 74578
73691 69249 79351
69484 72827 78390
75459 65246 78879
72178 65536 80555
73093 75775 75086
80243 69189 69034
67530 66400 81193
79892 69676 70893
74897 75866 72989
69850 68969 80251
74458 71752 77974
69880 74130 77499
76554 66359 77830
68031 66277 81206
72332 72957 78096
74328 67902 79294
75740 73518 75426
80897 65983 71344
74389 76216 72936
71255 77993 72382
78729 71176 72760
78341 63879 76296
68303 80597 65429
67487 64915 81492
67933 78908 72091
78847 70151 73457
79465 66091 74364
73362 73954 77067
80651 67310 71057
78729 71501 72227
72071 79071 67110
74318 72676 77542
66058 80869 66504
78963 66642 75004
70142 79710 68504
72245 78779 68881
75677 70395 77500
68814 76225 75734
65128 80935 66255
63318 81169 64367
78960 71113 72193
76742 63970 77925
80341 65434 72882
65277 80589 67844
71587 74072 77403
76459 74256 73368
64509 81142 64648
73887 75002 75600
70069 79956 67285
68477 78252 73157
80661 68052 69731
76850 74810 69845
71688 66267 80625
78526 70574 73705
74531 74804 75279
79166 65663 74951
75030 73393 76374
71836 69318 79935
80794 66634 71234
71577 78277 71372
81090 66679 68356
80435 67029 72082
67495 80282 68755
77398 74131 69204
68882 78389 72853
77143 68238 76820
72791 78667 67763
67633 80538 67323
73548 68630 79550
68802 77829 73753
79520 70327 71462
79844 64942 74079
71641 73377 77916
79415 70346 71890
76527 63670 78133
72954 72992 77947
74034 75991 73828
80758 65347 71968
69894 79463 69838
68916 63480 81484
81175 66207 68742
65693 80997 65717
66363 79957 69753
72010 78167 71189
70984 79569 67532
71430 77834 72578
75023 74891 74586
75212 68556 78497
79006 70155 73150
69408 77980 73386
74092 67051 79587
75251 64592 79068
76105 73746 74760
71888 79155 67266
66919 62385 81711
68161 68185 80614
81562 63339 68703
79721 69915 71302
71117 79543 66943
65717 80918 66289
77178 74436 68284
72024 76068 75354
79726 65880 73993
76428 73606 74406
68147 79505 70836
74892 75299 74160
76897 74783 68751
76725 73992 73242
71507 76564 74850
70324 72829 78383
73699 77460 70835
79275 66828 74449
69231 67605 80755
67971 64665 81499
79693 68254 73107
72875 78267 69693
76631 69450 76969
74905 71720 77640
78419 66564 75828
76622 71576 75881
68487 78487 72750
79139 71312 70907
71351 76877 74417
73119 66950 80055
74303 69791 78851
70329 79929 65759
71588 65155 80783
80172 68741 71208
64610 81116 64886
62760 81243 62573
68600 70438 79656
79785 66448 73670
72980 74723 76625
71172 67430 80582
75518 76059 71280
70683 76528 75191
72589 75584 75712
81648 62007 67952
67604 64185 81606
68622 78805 72141
64673 81188 63520
79531 69794 72159
75024 70365 78103
79458 70709 70880
68776 80495 64837
75166 74253 75262
75483 75913 71824
78765 71851 71278
81178 65484 70411
72015 71600 78958
75849 71451 76886
69724 79381 70218
74368 76424 72543
77978 64422 76671
68218 78927 72006
75456 75338 73220
76391 75332 69675
69537 64485 81328
79926 68427 72360
73901 77804 68671
80272 68919 70404
77861 66419 76524
75635 70273 77584
70632 77685 73451
68230 80491 67022
78621 71798 72020
68119 66121 81241
74876 77013 68174
79062 65107 75228
77738 67658 76338
78178 63732 76503
78258 64105 76380
70497 75479 76349
65277 81141 63844
78576 70395 73756
77768 63292 77009
71553 77185 73791
76305 67621 77771
79217 68107 74109
74157 77364 70308
72086 78927 68504
66563 61265 81744
80288 69104 68419
67074 65869 81304
73744 70388 79014
79619 61090 74591
67546 66878 81052
67999 80111 69266
78840 67426 74932
76985 67114 77252
68982 62454 81496
71052 75702 76051
71204 72362 78604
80633 61477 72680
70587 66176 80934
68565 79524 70604
76156 68936 77567
74319 68972 79042
77409 72013 74480
74013 76199 73435
80762 65659 71866
71570 64176 80848
80947 63005 71801
78928 69131 74055
76660 75063 69421
71926 77582 72679
76962 64327 77704
70013 78903 71218
80716 67546 70383
72119 63012 80643
73644 72926 77726
77512 64574 77165
71338 65518 80815
80872 66806 70600
76442 75207 70212
74828 77013 69094
80170 64019 73527
79090 71562 70386
71062 65232 80918
68276 78238 73220
79559 70399 71148
72869 78395 69190
68642 67672 80782
74168 64654 79711
69023 80257 67360
68548 65645 81288
72319 70654 79338
78392 72823 69366
68455 80269 68197
73285 72237 78273
80706 67979 69515
78026 71635 73698
75978 69420 77572
81480 63862 69173
70672 65792 80969
76579 75170 69247
80797 64275 72086
66712 80442 68349
72441 76589 74303
73203 68075 79817
80681 67679 70364
77224 65052 77419
67179 62288 81691
75730 63917 78794
78449 67935 75336
67202 80871 64804
81483 63216 69975
78184 71924 73102
79557 61805 74681
78292 67036 75858
79775 69028 72232
77917 73488 68497
75052 73117 76614
76190 64103 78422
78864 62959 75686
72938 75402 75754
76643 73061 74619
72494 64780 80480
80853 62316 72088
80052 69553 70211
79068 65860 75053
69520 70563 79598
80985 67015 69431
73636 74474 76557
80952 65310 71485
80956 65622 71383
73464 78107 69119
79302 69384 73154
72468 73699 77568
73017 77057 72764
77981 71322 74047
78824 64888 75607
69676 78497 72387
70429 64012 81204
81419 64329 69382
71674 75737 75902
80887 67453 69162
71914 70818 79311
76547 74656 72035
77850 64429 76815
79461 65779 74466
81370 61930 70579
77305 66251 77132
72979 74295 76971
73780 66172 79874
80277 68722 70780
74486 76717 71600
70452 73495 77957
70993 70408 79575
72662 78097 70662
81615 61391 69059
80478 63756 72924
68826 77040 74804
69947 76594 75249
65592 81023 65479
73847 76689 72619
81546 63032 69290
71826 72696 78349
71790 76006 75548
69775 62242 81341
78297 68718 75244
74663 76154 72711
79695 68894 72593
78645 71120 73045
67525 79470 70985
73997 76596 72647
68406 75263 76614
73458 78213 68020
72742 71545 78824
69540 66270 81064
68207 77885 73713
81651 61489 67378
71761 79260 66006
73545 75602 74965
77307 69560 76133
72700 76912 73432
73337 76294 74037
77249 68874 76535
79684 70389 70067
76301 74178 73975
73759 77198 71511
70100 75716 76163
76887 65485 77708
70352 78752 71320
75100 76784 68564
79949 62682 74036
65720 80809 67044
75441 75673 72610
80342 68950 69176
75502 68785 78198
71385 67306 80545
80345 65746 72780
72455 68805 80017
70064 72128 78805
71300 79459 66787
70705 76912 74697
70378 79599 68688
70483 71607 79075
73975 72171 78052
79165 67017 74563
67879 63021 81613
78967 66954 74902
