26345 19655 2042
23903 21097 2449
17547 28453 2179
17433 28567 2161
18513 28487 2173
18774 28226 2213
18288 27712 2280
21705 24295 2472
19226 27774 2270
24719 24281 2188
20660 26340 2384
22478 27522 2041
21078 22922 2492
17555 29445 1948
20525 28475 2047
22765 24235 2443
26249 19751 2165
25528 21472 2274
21726 27274 2242
21869 27131 2251
17194 28806 2123
20879 23121 2490
23116 22884 2475
25921 20079 2255
19236 28764 2087
15675 29325 2019
26834 16166 1846
25966 21034 2145
20323 28677 1966
25197 21803 2343
26329 19671 2124
17619 29381 1980
19215 24785 2465
16292 29708 1849
25478 22522 2147
23582 25418 2339
22242 23758 2475
24518 23482 2345
25693 19307 2289
18756 29244 1915
18645 26355 2393
21187 26813 2321
25271 19729 2346
16983 29017 2085
21665 26335 2347
23138 25862 2329
25886 21114 2186
19493 28507 2155
24440 21560 2425
24891 23109 2308
24971 22029 2371
22548 25452 2386
21912 25088 2428
19837 27163 2323
22219 27781 2116
22964 27036 2078
24596 24404 2223
19032 28968 2023
21144 21856 2499
26129 19871 2213
17395 29605 1854
22941 25059 2400
18872 29128 1969
20635 27365 2278
16562 29438 1977
22824 27176 2133
19839 28161 2207
18375 28625 2150
20986 25014 2452
17928 29072 2070
26711 18289 2065
21468 25532 2418
26810 17190 1908
25365 22635 2206
20746 28254 2134
25768 21232 2221
25247 22753 2241
19857 25143 2456
23808 24192 2413
20947 24053 2478
24550 22450 2412
17671 29329 2002
25496 20504 2311
24836 24164 2151
23385 24615 2410
24292 24708 2271
23696 23304 2444
15486 29514 1951
19861 26139 2404
