26897 25103 2913
26060 24940 3069
14924 34076 2540
26425 26575 2816
20280 32720 2742
18497 31503 3118
17084 33916 2653
20254 32746 2685
21636 31364 2921
28986 18014 2659
24667 25333 3184
20645 26355 3315
28986 19014 2625
19043 31957 3068
21710 29290 3192
21353 28647 3244
25166 23834 3173
27507 24493 2748
28081 21919 2811
23277 28723 3123
22578 29422 3122
21665 25335 3311
22344 30656 2957
22810 28190 3189
28238 22762 2592
26392 23608 3071
28115 22885 2683
22637 24363 3292
25748 24252 3119
21699 30301 3103
28280 20720 2820
28820 20180 2646
19413 32587 2971
25110 27890 2963
21151 31849 2878
28982 20018 2571
27235 24765 2835
20068 30932 3143
25137 22863 3188
25949 23051 3125
29210 17790 2540
17323 33677 2824
20584 32416 2799
27813 21187 2912
15966 34034 2645
27501 22499 2938
28722 20278 2686
28897 20103 2613
28187 22813 2636
22513 24487 3296
15980 34020 2681
25640 27360 2922
27699 21301 2934
18045 31955 3077
27452 20548 2969
21035 28965 3242
17098 33902 2739
20004 28996 3252
20268 29732 3219
24722 23278 3211
19693 28307 3275
27008 22992 3019
25200 25800 3123
20764 29236 3235
21201 26799 3309
18343 32657 2997
22131 28869 3193
19366 31634 3093
21449 31551 2908
27768 22232 2884
26730 26270 2669
24252 24748 3221
19736 32264 2996
23344 25656 3248
27023 20977 3026
28673 18327 2744
20981 30019 3182
28747 21253 2546
28033 22967 2727
17982 32018 3071
24005 23995 3246
20855 30145 3178
26330 23670 3076
27780 23220 2812
27160 23840 2949
21868 28132 3245
26367 25633 2981
26362 24638 3038
21436 27564 3281
28654 21346 2631
29084 17916 2610
19521 29479 3232
26890 22110 3038
22844 30156 2981
29114 18886 2542
26377 22623 3089
26981 24019 2969
24310 26690 3153
19881 30119 3201
24299 23701 3234
23484 24516 3263
27706 24294 2617
20914 31086 3080
28375 22625 2472
19915 28085 3281
22131 24869 3307
27367 23633 2909
22665 27335 3233
24733 28267 2986
22345 25655 3300
25792 23208 3137
20722 28278 3275
29234 17766 2495
23160 29840 2992
24370 24630 3217
18668 33332 2831
25565 25435 3105
17428 33572 2847
19472 30528 3179
24620 28380 2992
21279 29721 3190
17932 33068 2930
17790 32210 3051
25302 26698 3069
23495 29505 2992
28990 20010 2503
23169 26831 3225
26635 26365 2770
29139 18861 2507
24652 24348 3202
18344 33656 2739
20531 27469 3295
26157 21843 3122
19651 27349 3300
26922 25078 2908
