24149 21851 2732
29971 15029 2269
23434 19566 2852
26724 20276 2709
29670 15330 2358
23803 23197 2549
27293 18707 2726
28460 18540 2600
27114 18886 2737
23544 23456 2488
29121 18879 2384
28277 19723 2586
25597 21403 2722
29274 17726 2440
22681 23319 2562
27078 19922 2698
22282 23718 2283
27568 20432 2364
22110 22890 2632
24144 18856 2863
26491 21509 2643
22313 23687 2446
28861 19139 2495
25634 19366 2807
28781 18219 2541
29160 18840 2315
27273 20727 2639
24228 22772 2629
25412 22588 2447
28132 17868 2657
25687 22313 2581
29883 16117 2290
25395 20605 2770
23805 22195 2710
23350 22650 2666
29517 16483 2398
24327 20673 2801
22422 23578 2501
23986 20014 2839
27627 20373 2628
25926 18074 2809
28008 18992 2658
27574 18426 2706
25847 21153 2726
26492 18508 2777
25661 20339 2772
23350 20650 2813
24725 19275 2846
26961 18039 2759
23009 22991 2617
28493 18507 2594
21129 23871 2330
24050 22950 2600
26379 20621 2718
26433 19567 2759
27714 16286 2703
29061 16939 2508
24744 22256 2673
23425 21575 2760
26173 17827 2798
23933 21067 2793
23704 20296 2829
28152 19848 2598
20038 23962 2192
30003 13997 2166
25533 22467 2537
24269 22731 2634
27405 19595 2687
25572 18428 2820
25732 19268 2805
25733 20267 2771
27954 20046 2617
29730 17270 2330
22295 23705 2376
