11780 11220 1366
8569 12431 1404
15644 7356 938
9593 12407 1391
9376 14624 1332
8512 14488 1340
9818 15182 1273
11645 12355 1351
10844 11156 1396
7849 15151 1304
8293 15707 1224
14856 9144 1137
15105 9895 966
9229 15771 1194
12631 10369 1336
13244 11756 1278
8940 12060 1406
14321 11679 1036
9177 10823 1410
8810 15190 1296
15453 8547 959
12550 11450 1336
8211 13789 1372
11509 12491 1352
13679 10321 1278
15393 7607 1055
13030 11970 1292
12438 11562 1339
10643 15357 1211
8114 15886 1107
7132 15868 1157
14300 11700 1046
13631 12369 1211
12039 11961 1346
7539 15461 1275
9005 11995 1406
12586 12414 1306
11541 14459 1264
11213 14787 1250
13914 12086 1151
12224 10776 1352
12276 10724 1350
15841 6159 911
10755 14245 1311
14955 8045 1129
7722 14278 1351
13250 10750 1305
14082 11918 1106
15556 8444 899
14530 10470 1141
15072 9928 1046
7163 15837 1189
11321 11679 1374
7676 15324 1290
14314 9686 1232
10078 13922 1353
10978 13022 1353
15497 7503 1007
9964 12036 1393
12243 13757 1285
8840 14160 1354
14062 10938 1217
9250 13750 1370
