36479 39188 34410
31698 40705 33674
37475 38548 35568
38702 35495 37594
35179 34595 40716
33327 40101 36837
39008 34512 37350
37879 38168 34853
33589 35339 40922
36146 37161 39524
32448 39457 38399
38991 36516 35438
36609 33472 40079
35770 33876 40482
36949 36057 39621
37229 34333 39719
38627 35108 38034
37802 36187 38795
37130 37923 38136
39047 36504 34535
31930 36035 40850
37708 33758 39322
38550 35483 37986
33787 40065 36841
31023 32481 41357
34719 39898 35869
37857 37728 37448
37053 38644 37290
39539 35177 34743
38185 34892 38784
38008 38027 35438
39708 34672 33446
39266 35917 34454
34882 38268 39204
35745 39430 36674
39669 32830 35684
32518 40573 35052
37617 38403 35613
33824 36518 40556
32448 40329 36262
39159 35076 36572
34696 39936 34564
38810 35533 37293
35644 37686 39399
34783 35970 40643
38694 37107 35147
33218 33441 41222
38740 35741 37301
32579 39682 37910
38375 33413 38628
37968 37771 37048
37164 38687 36890
36089 39402 35107
32791 39739 37760
31220 40686 34303
36492 36617 39633
38037 32536 39018
33666 39806 37480
30300 32744 41394
32899 40492 35604
38658 35521 37685
32630 40574 33907
36222 38884 37781
33033 39124 38796
36299 38163 38627
37363 38547 36713
36316 35255 40098
38194 33588 38822
34210 34058 40972
32951 34230 41174
35767 39323 37334
34663 39424 37855
38817 33629 37878
38774 36521 36500
32343 34927 41157
37668 33482 39366
35710 39561 34644
37355 37679 38139
33908 39191 38516
34752 39924 33661
37142 38794 36230
38961 35406 36932
32495 33704 41259
35654 39573 35547
38030 37920 36098
32955 40480 34701
33335 38159 39645
35507 39484 37078
39930 33746 34482
32139 40592 35312
37540 35338 39387
34141 40103 35372
34071 40146 33728
38047 37133 37889
34225 37371 40132
33244 40246 36476
39206 34182 36990
39187 35920 35670
33747 38110 39623
35901 39139 37694
38468 37482 35884
36391 38107 38618
36481 38900 37488
39553 33359 36105
32875 40230 36575
32974 35505 40994
35086 39545 37401
34637 37322 40110
35792 36368 40125
40007 32309 32995
35723 38230 38895
38848 35779 37000
35041 38781 38674
30889 33606 41354
34015 40158 34631
39901 32061 34645
33185 39394 38376
30625 40770 33160
35135 35628 40568
33445 39075 38774
37231 36433 39151
36364 36112 39927
36604 34112 40069
38174 37867 35033
35982 33739 40391
35162 39730 36206
32311 37361 40304
35624 39027 38080
33176 36667 40555
36830 38889 36684
33416 36638 40553
34481 39952 36273
33432 37061 40371
32365 35949 40884
36644 34388 40025
37713 36955 38338
38059 37489 37367
36054 37217 39533
32746 37275 40338
33051 35735 40917
36059 35579 40173
32788 38178 39702
30887 40735 33643
32287 35684 40973
38167 37631 36871
