49314 48139 62125
60614 45784 46742
51978 51525 59059
50985 55324 49598
53459 49217 60394
53043 53607 55231
59724 48012 49191
50947 55034 52419
56903 50350 55402
57858 51148 49273
59678 48317 48005
52506 50987 59458
50312 49787 61121
55011 47506 59992
48166 55294 51864
56380 46717 58914
53098 53594 55214
50843 44305 62985
48193 55575 49815
54229 52919 55257
54273 53990 51518
50477 51637 59267
50917 54222 54686
55852 51945 54532
55354 50851 57098
58308 49845 52353
49244 55150 52441
52157 48220 61446
51168 44954 62728
48757 55590 49376
56145 52676 52144
55679 48706 58707
52217 50823 59778
59148 45208 55020
59502 47894 51416
53180 47261 61271
57511 49031 55687
52590 52302 57841
53733 53888 53728
58001 45567 57208
50709 51283 59704
51018 55187 51389
50145 55380 50981
52915 51256 58930
58978 47157 54299
50933 52468 58095
55986 51414 55258
50517 52320 58322
60993 44154 46126
57220 43210 58531
53881 53782 53829
52596 52962 56833
50718 43288 63113
60239 43087 51977
50194 53677 55950
57439 44192 58171
55156 53154 53084
60715 43798 49979
57463 48058 56718
56258 50601 56123
57081 49273 56208
57242 50670 54119
49962 46496 62725
52170 51844 58596
59349 43875 54705
53147 45476 61740
56078 49383 57700
57594 51446 48818
56189 42315 59720
60007 44612 52595
54311 53870 52365
57232 51777 51043
55308 53361 51394
52887 54623 51298
56198 46755 59083
53438 53691 54607
50466 55290 51344
60100 47068 48893
53379 48471 60734
60723 43767 49948
60384 43967 51384
50996 55103 52052
50128 48118 62032
53483 46799 61253
58470 46909 55704
58041 44223 57336
59378 48911 48011
54455 50931 57972
56613 43079 59265
59955 47538 48874
52344 46219 61982
59551 48024 50599
50212 54016 55217
54396 51807 57003
58938 49771 48341
51864 50138 60503
52511 50702 59765
60967 42975 47555
53318 54216 53172
58060 49208 54331
60066 44979 52228
59350 46747 53622
54446 48075 60252
53129 48617 60818
58218 50560 50725
50171 45176 62986
53443 45608 61545
55281 44148 60447
53947 53803 53683
51475 48553 61543
50041 52464 58131
51666 51232 59484
54136 54089 50823
49255 46653 62823
51869 54609 53344
55502 42296 60315
54653 53587 52907
54569 53016 54650
58894 49835 48449
59405 45716 54130
55170 50496 57689
56928 45180 58740
51716 50306 60419
51472 46916 62157
50345 49129 61506
51564 47041 62087
52598 50030 60298
59417 46571 53582
56976 52091 50786
54216 46386 60914
59486 47658 52207
49794 50713 60431
53536 52367 56993
53697 54253 51622
60231 43118 52008
58234 50723 49237
53584 52142 57315
49287 54664 53702
54478 46780 60628
51977 55055 49644
55974 47954 58829
54866 43705 60839
57420 51572 51052
58885 48856 52300
52909 54505 52362
59549 46621 53066
57823 43913 57671
60477 43596 51011
59951 46877 50986
52597 48950 60932
56317 49725 57092
59369 44913 54480
50060 54546 54002
58997 48039 53346
56053 46579 59281
55404 44117 60344
53060 51163 58947
53734 53809 53956
53513 54222 52608
56824 51758 52816
50954 55286 50429
56147 52812 50155
53447 50410 59437
57214 45676 58223
55194 48063 59535
52514 47388 61567
61019 43638 46690
52522 45628 62042
58286 46554 56295
52275 50061 60413
52208 54077 54738
58193 48815 54468
55969 43935 59869
56187 52164 53474
60899 44203 48261
53334 53554 55044
51596 53823 55534
51517 43146 62782
55595 43053 60233
52287 52340 57883
51606 54993 51624
50831 55150 51922
54700 50725 57943
56164 48896 57972
49263 44102 63292
48782 55268 51977
57897 48788 55164
54511 53405 53805
52319 43435 62438
49526 46815 62718
49863 51440 59533
57776 49552 54578
59292 48669 50550
48482 55514 50722
54391 43020 61170
56869 42852 59013
48283 45354 63240
58621 49043 52985
60338 45540 50695
60057 45748 51903
57981 50616 51745
54582 53823 50920
52278 54320 54154
50276 46895 62535
50649 55408 49721
58776 48272 53654
50524 50616 60449
55159 43341 60597
57414 51294 52396
52003 49590 60859
52030 54345 54179
52573 50846 59580
57905 50010 53572
56744 44470 59038
48428 46619 62888
50670 46627 62501
57217 51864 49286
52953 54682 50138
48408 45907 63138
54779 53589 52429
53520 43977 61739
48401 43968 63373
58046 49752 53667
56585 45912 58925
52734 50526 59828
57608 51268 51326
57139 44213 58568
53446 44051 61779
60586 45338 49279
49046 45017 63253
51229 50189 60624
56891 51527 53244
50919 53446 56385
57796 46372 57197
53557 54399 50384
55132 45910 60359
51751 48843 61319
56075 43262 59802
54165 52551 56007
60372 45261 50823
52444 44452 62310
50990 45545 62668
51274 48190 61772
48598 47856 62290
55237 53320 52256
52293 53000 56875
58853 49574 50415
60819 43821 49309
50449 50164 60825
57587 49103 55462
56765 52281 49081
56921 49131 56630
53193 52394 57272
54562 49715 59091
56459 48144 58094
50429 51856 58983
50865 45416 62746
53846 52941 55682
58213 50068 52194
49352 45580 63067
53060 43796 62046
55514 45088 60159
54879 49672 58812
49117 48617 61888
57964 50921 50668
52587 53270 56222
51413 50344 60461
58904 45627 55538
50219 55457 50252
53056 54246 53434
51354 55228 49738
50752 50126 60783
52943 53903 54644
48669 55551 50189
53181 49331 60473
60385 44783 51062
58964 44429 55635
54919 44712 60678
56957 51253 53648
52773 48594 61016
50971 48228 61814
54183 45864 61035
50393 55355 50956
52495 43864 62350
51084 51059 59847
58667 49464 51764
53350 53910 54153
56497 51694 53811
50912 49829 60964
53176 50236 59765
51338 50417 60417
51117 52823 57504
53169 53789 54669
48730 41958 63377
56893 45674 58632
56347 52626 50866
58384 43403 56900
51286 47155 62166
52449 54574 52993
55171 53460 50699
49970 43823 63227
58539 50212 49986
49511 42613 63286
53796 45341 61399
54745 45387 60723
55558 52477 54002
59917 45729 52450
53944 48403 60430
52860 51269 58947
51465 53758 55691
51730 51675 58965
57024 49586 55988
58952 48426 52842
52824 47238 61469
53127 46776 61451
51865 46753 62044
56319 45159 59450
59167 46196 54545
53631 50821 58969
59462 48640 49207
58910 46049 55374
55004 52165 55567
47128 42172 63414
52926 52063 57901
59160 46424 54411
58261 47314 55794
52422 53505 55847
49441 55303 51765
53619 53812 54091
53038 52884 56635
58826 49885 49078
54134 53840 53150
58472 49332 52921
51415 55031 51750
51338 54406 54218
53362 50919 59031
53149 53273 55859
55608 47219 59503
52993 51304 58825
58964 44853 55611
58726 45694 55965
51215 49791 60922
57533 51514 49527
49937 50011 60978
52488 49850 60466
55553 43724 60244
52511 54039 54696
60879 44740 46985
53815 51176 58378
58720 44848 56153
52328 49048 60994
58361 48143 54849
48786 46988 62729
56123 48314 58410
58688 49627 51142
54884 48900 59345
49629 55572 49349
49784 55445 50810
60882 44632 48068
56358 52590 51580
60779 44755 48861
57253 42573 58513
51018 55312 49861
54388 44303 61131
55866 51196 55873
53482 50069 59693
57390 49795 55101
50032 55420 50785
49981 55475 50332
59997 44348 52716
59876 44656 53017
59803 45643 52926
59867 46600 51808
51532 50151 60582
50621 49419 61282
51274 53500 56264
52208 47104 61794
54160 53623 53841
59745 47924 49320
50633 50319 60662
53745 47193 60967
59987 43733 52888
55233 47726 59677
51664 47709 61821
52177 54888 50998
50586 51131 59890
53899 53574 54331
52186 53535 55915
60936 43578 47983
50583 55175 51947
47879 55596 48553
57088 47343 57816
58837 49338 51206
55846 43360 60002
