22827 23173 2546
18798 24202 2601
24483 23517 2261
20991 25009 2549
20532 24468 2588
24043 23957 2328
17084 27916 2178
19137 22863 2625
27265 17735 2028
20379 23621 2609
23556 24444 2390
17552 27448 2386
22958 21042 2561
17065 26935 2463
18056 23944 2606
24986 21014 2426
22461 23539 2551
18602 22398 2628
23266 23734 2502
26437 20563 1980
20477 24523 2588
26896 19104 2131
27106 18894 1942
19673 27327 2290
20052 25948 2521
21823 26177 2350
19638 22362 2627
23625 21375 2531
27448 17552 1924
19762 27238 2318
18396 27604 2318
27599 16401 1894
24852 23148 2191
24659 22341 2453
21442 26558 2240
27294 17706 2018
27050 18950 2037
22391 21609 2585
25780 20220 2335
22648 24352 2510
24675 23325 2228
18379 22621 2627
22317 25683 2373
19202 26798 2448
17064 27936 2130
21350 26650 2209
20363 25637 2542
25126 22874 2099
17463 27537 2358
26391 20609 2127
18269 26731 2488
17245 27755 2289
21353 26647 2212
21237 25763 2498
23374 22626 2530
19642 26358 2491
26949 19051 2108
21922 21078 2598
20171 24829 2584
26820 19180 2155
19038 24962 2587
20669 25331 2546
20396 26604 2410
27347 17653 1995
21682 24318 2553
25027 22973 2134
18062 25938 2541
21395 22605 2610
27652 16348 1778
19500 25500 2568
18192 27808 2212
18237 27763 2254
26043 20957 2239
22981 24019 2508
23390 24610 2409
24430 21570 2482
25353 21647 2378
17187 27813 2252
19492 27508 2217
18707 27293 2394
24337 22663 2479
26204 19796 2274
21187 23813 2585
