70911 69136 70509
66455 73536 69570
67742 72860 69251
66769 63780 77869
73624 61463 69433
67108 70464 73799
67366 74474 63816
70310 67693 72981
59213 66061 79915
69790 61561 75587
69010 72769 66896
64564 72720 72793
68156 71693 70849
66453 72843 70838
66905 65345 77343
62840 61871 80187
60003 60993 80926
69315 70286 71446
61302 77265 62664
58396 62395 80920
68774 67704 74720
69826 68734 72629
60515 77019 65558
66750 74634 65536
68946 72962 66310
70426 68263 72276
60611 75936 68841
68317 73733 64558
61353 73198 73538
66912 72414 71055
62896 74065 71730
64081 73460 71939
60250 77155 65161
65776 70600 74845
63136 75165 69437
60794 63694 80582
65711 63477 78638
69246 68438 73644
71961 63321 72542
72731 60239 71490
65378 75238 66262
62784 70466 76388
62628 72135 74742
60599 71995 75061
59764 66765 79494
73877 63905 68139
71232 60232 73918
73511 65733 67800
61145 63635 80530
58642 61714 80969
65973 61392 78778
64996 66469 78319
74652 61249 65960
66203 75286 61701
74326 65024 64210
69307 68476 73544
64273 75256 68030
59745 77234 65278
65679 65509 78169
63176 75974 66974
63404 73321 72630
64768 73844 70699
68380 72598 68809
74507 64241 64087
64301 76321 61932
63506 75353 68590
72421 60792 72038
59956 76572 67450
65113 65300 78611
62231 73724 72620
65393 68598 76912
73520 65055 68420
74469 63973 65427
62660 64160 80003
64472 61419 79547
61619 74057 72182
74661 62447 65590
67332 69945 74250
63723 76269 64355
59663 76194 68438
66601 73961 68364
68960 69588 72791
65124 65873 78430
68174 73439 66563
60944 77396 61820
63120 75817 67573
64286 76331 61579
69841 71802 67750
69231 66311 74986
74761 61860 64765
71865 70179 64261
67639 60788 77703
65361 68991 76654
64687 62424 79335
70254 71409 67621
61700 66521 79465
59748 76982 66372
72027 61807 72662
62795 68531 77958
69554 72860 62694
59912 74773 71116
67269 68973 75243
69905 72417 65038
70301 71929 65627
68743 64892 76005
60862 73953 72458
65373 74210 69411
73658 66859 65272
69091 71763 69446
70374 68886 71678
72408 67406 69413
71912 66944 70850
63606 71955 74563
62444 75662 68692
65946 60762 78824
73766 65908 66442
65497 75672 62927
57703 60842 81063
69658 71017 69788
62114 67352 78914
61571 76274 67559
69396 68953 72975
69635 72660 64988
67718 73414 67828
66239 74444 67518
65185 74673 68543
63640 76102 65514
65456 60815 79069
66679 62390 78179
62306 68572 78024
70183 63373 74952
64067 76238 63730
73452 61485 69866
65594 73313 70877
68072 62498 77073
68514 73515 65092
71318 65414 72892
64286 76206 63304
60724 64795 80351
66328 63046 78308
60774 74780 71082
64777 72639 72736
72428 64635 71204
62268 60989 80439
64517 76211 61967
58693 77336 65282
62697 60898 80294
62321 69322 77465
59099 69082 77893
60837 77408 62168
65017 72008 73502
74009 65835 65068
60282 64114 80554
61079 73708 72821
69332 69691 72189
65722 69734 75845
65190 75871 61804
68151 71043 71857
68841 70015 72406
71247 70892 65443
58908 64057 80595
60318 68797 78125
72205 68024 69102
69404 69947 71785
59477 77613 63350
68155 66315 75990
69924 70362 70467
66032 67762 77036
63827 66413 78871
64314 71213 75063
70778 65274 73798
74606 62546 66043
66956 72057 71592
69807 68853 72524
59439 62715 80834
64401 60803 79596
61012 65441 80068
60054 77419 63882
66456 65988 77467
67057 74757 62197
69836 71161 69211
63807 67080 78563
68318 72729 68598
59524 75774 69301
69506 67698 73923
59229 77714 62199
61007 62696 80693
71363 68013 71002
63145 74656 70438
68510 73816 61922
67035 64299 77542
66883 74002 67662
64815 71577 74328
62433 71856 75141
68597 73488 64831
68405 70746 71996
59657 70064 77090
60874 70909 76214
69647 72496 65737
64487 66793 78424
58480 60968 81027
72751 68750 64412
66275 68666 76391
74568 63924 64341
70506 63859 74468
60486 75893 68964
71277 70609 66580
68361 68158 74812
68203 70315 72822
58047 77721 62686
68639 73319 65706
66604 74633 66022
65830 70875 74469
73058 60966 70797
71063 71284 64122
61580 76074 68224
62102 63891 80240
73825 61630 68843
68238 73246 67149
58841 76386 68045
67450 73871 66810
70368 61709 74990
62997 76541 64429
74600 61894 66424
70246 71785 66464
72028 69201 67580
64332 76165 63499
71581 65763 72298
68353 71592 70770
62400 73934 72226
66414 75162 61446
70543 62435 74664
68154 69286 74052
62694 73634 72556
60620 77319 63848
64655 75671 65645
70570 67143 73027
59173 76825 66951
64197 74533 69840
64730 65950 78646
73027 60108 70884
72700 65031 70476
67668 72728 69629
61306 64846 80218
74751 61086 64914
72939 66879 68450
71407 67635 71275
58021 60920 81049
66707 74888 63618
70008 62647 75278
67752 73954 65545
70998 67790 71812
64304 69180 77085
65211 64629 78725
64561 66888 78348
65962 75165 65176
67565 73254 68593
60571 74341 71833
74126 63539 67490
72050 69849 64776
74346 61563 67263
63537 64236 79636
68010 72167 70217
63071 60827 80157
70845 64478 73894
68165 64744 76602
74038 62775 68025
64860 76049 61686
62218 74847 70793
64575 72208 73562
64570 75325 67382
65415 75060 66873
68718 73527 63750
70861 62703 74223
64116 66916 78536
67611 73071 68971
74691 63344 63566
62822 72647 73988
62490 61988 80313
73111 62959 70314
68915 73309 64284
71982 66424 71121
62595 76958 61720
59462 75892 69065
64858 65354 78757
65446 65588 78306
63279 74215 71196
62775 66396 79332
67848 71697 71188
73128 64489 69779
71043 65940 73136
74770 61775 63346
60581 69105 77869
62228 75523 69200
60745 66469 79619
60596 76889 66104
72259 67769 69319
71285 69941 68369
70541 69931 70137
60094 75925 68958
63750 65501 79273
65921 73053 71019
69074 73299 63296
60204 77554 62542
66067 62819 78519
66732 74308 66938
71107 66540 72696
64010 66895 78588
71665 68146 70202
62873 65425 79640
64449 71586 74540
70275 65048 74474
66254 66318 77490
73919 64947 67196
64708 75108 67912
73973 66020 64699
66255 73852 69147
64984 69244 76673
72900 68250 66277
63404 69690 76941
59402 77248 65429
70527 71479 66546
69951 70456 70278
66030 70303 74984
69647 72314 66620
64798 60739 79401
71809 69632 67359
59284 66217 79827
61985 76083 67852
74145 63164 67649
59747 77630 62973
69572 70454 70862
68774 69262 73393
65318 66184 78195
65952 68180 76875
63385 71842 74855
59621 77653 62552
71823 70180 64834
63818 73934 71284
72366 68306 68203
70671 66419 73351
72878 66326 69284
70963 71235 65533
56585 77822 61062
73826 66502 64461
66846 74881 62452
60473 76583 67333
71206 70228 67983
67905 74142 63702
61077 77243 63417
61047 67644 78885
69845 67710 73520
73975 66289 62952
63365 75143 69303
62014 63223 80386
61081 61599 80755
61289 73790 72666
73369 64115 69410
66844 73902 68076
59709 61182 80949
64132 76291 63004
73581 65213 68071
69534 69001 72739
65366 73532 70710
59447 65774 80053
67757 73514 67414
65294 69432 76352
71170 69901 68754
70299 65949 74064
63414 61709 79964
58739 77676 63311
70432 67095 73263
58935 77454 64614
62556 75443 69175
68690 68907 73874
72144 67471 69936
70902 70082 69057
67185 71221 72678
73381 63443 69576
69510 63942 75493
71680 68846 69257
63517 76644 61275
65538 75572 63665
62293 76742 64530
65466 74673 68115
65669 64831 78381
72282 68216 68599
64660 75780 65063
68838 73276 65048
62669 76761 63665
67867 73796 65959
61665 76743 65599
67180 73476 68711
61549 61071 80652
69541 67900 73730
67463 72811 69731
69648 66503 74501
67349 65743 76905
61312 68296 78411
61627 76431 66960
64076 64118 79425
70448 67741 72745
72219 69615 64631
62379 73114 73515
62165 75922 68189
67824 72720 69442
63419 67626 78398
59295 60499 80982
63633 75898 66543
74560 63061 66003
63518 70914 75789
63532 76634 61628
71184 63189 73739
63040 67048 78858
72970 68319 64633
63331 72598 73817
62377 73487 72946
67157 68643 75632
70199 72240 64111
69534 70122 71363
60882 76631 66883
74530 64183 63259
69658 64932 75113
70743 68629 71432
67949 73003 68549
60320 75546 69738
65419 70237 75498
63134 75639 68157
66450 69968 75009
60537 72401 74570
69867 66014 74531
60520 77172 64784
58522 64974 80378
68992 62689 76220
69315 73087 63513
63606 76437 63573
63958 75552 67472
74620 63196 65306
67443 74097 65909
69862 72109 66624
65002 68201 77388
60008 76703 67111
63538 68193 77979
71146 59788 74044
70973 68885 70693
65229 73427 71009
72620 61507 71604
68663 63449 76387
61561 76855 65204
74709 61538 65428
65883 71579 73412
73264 65855 68517
62799 62398 80160
71494 70639 64843
62040 67257 78990
72702 61835 71388
67310 73053 69477
63016 73443 72681
67692 74169 64557
73964 65687 65681
63988 63450 79571
67837 67472 75739
67534 74315 64258
74753 62278 63860
70957 71109 66262
72825 67994 67045
59503 77116 65946
66925 71934 71824
59206 77512 64150
62247 70979 76035
61562 76563 66510
66779 67850 76408
72939 66161 69237
61690 76999 64009
59733 62256 80856
62580 76968 61367
73276 59828 70294
73203 66786 67535
67614 66705 76284
67611 74378 63256
73310 64865 69160
71958 60706 72886
64128 70562 75903
71517 70554 65423
59636 64163 80559
57636 63402 80737
74471 64426 63718
72409 68431 67774
74283 64860 65013
58261 62248 80934
72176 60339 72502
69917 72253 65787
59468 63557 80695
71667 70196 66304
72244 63574 72032
63132 76724 62312
66689 73552 69239
69008 65544 75531
65022 75422 66128
62664 75524 68883
60329 67817 78839
63887 72581 73484
66833 69608 75059
71424 66906 71852
62770 76491 65065
71387 64216 73193
70805 69717 69928
63179 75216 69284
61347 76802 65777
68441 69330 73706
63063 75247 69294
62999 65024 79687
63938 62027 79727
67160 61463 77969
63647 75527 67922
60561 66129 79841
61003 71592 75481
68269 68153 74912
67604 62447 77484
73380 67577 63018
65157 70897 74961
65629 75113 66300
63047 76560 64181
63730 72519 73680
70367 69123 71402
63688 74470 70371
65056 68641 77061
74169 64693 66190
58573 77768 61679
64757 74701 68956
70333 63368 74771
69874 60341 75573
74187 64206 66706
66495 66831 77130
58172 60408 81045
72911 62533 70840
73694 66951 64065
74222 65270 64560
59059 61414 80974
65939 72484 71954
64275 67547 78114
61080 75541 69594
66791 72766 70599
70883 70590 68043
58093 77659 63568
68078 74057 63126
61894 72873 73939
60667 65722 80010
63453 62981 79852
68481 61008 76920
60713 62885 80716
60623 71836 75231
70815 61514 74457
62940 75978 67236
73612 62675 69228
71901 66187 71443
67847 73741 66248
72549 68870 66129
63449 63568 79782
69602 67938 73630
60086 66883 79421
69941 67950 73227
61475 76338 67416
71786 62181 73031
73883 60417 68746
57931 77572 64153
69950 66901 73978
70111 70150 70483
61205 75584 69471
62088 73385 73185
61686 65970 79746
69880 67912 73327
64249 70105 76331
69231 66621 74839
64150 67640 78118
74335 64132 65978
67334 70948 72909
68641 73494 64514
74691 62477 65267
60870 76572 67091
74644 63444 64276
62251 72865 73924
64366 75830 65440
68334 68777 74348
61200 63520 80540
64341 68197 77720
67190 73186 69367
66178 65679 77772
71033 60776 74182
66621 74751 65374
60951 72507 74436
66733 70221 74499
74050 61563 68230
65784 75519 62434
60321 71240 75870
69263 71014 70481
69385 70666 70846
64844 63987 79091
72069 62434 72521
69289 67165 74511
65362 75537 64684
72244 67023 70106
68727 71322 70737
62320 67531 78750
70908 71399 64937
66973 74096 67155
