75377 58623 6504
62292 73708 7269
68755 60245 7448
74720 60280 6536
77696 46304 6077
68864 59136 7445
55320 73680 7581
50473 80527 6791
53973 79027 7029
74282 54718 7034
63428 68572 7550
52476 80524 6575
61040 73960 7359
75426 52574 6869
77037 51963 6354
58636 74364 7474
54480 78520 7131
50428 79572 7034
60921 62079 7730
61927 75073 7067
42494 82506 6148
63021 74979 6691
43767 82233 6315
77032 50968 6465
63888 69112 7495
62130 73870 7264
66416 61584 7564
48170 81830 6156
48636 81364 6548
61339 74661 7237
75878 57122 6429
44671 82329 6177
65666 61334 7599
76758 50242 6586
73398 62602 6763
70123 67877 6894
73651 55349 7113
74571 58429 6869
68676 60324 7452
63006 74994 6608
71031 58969 7317
62453 70547 7509
61795 72205 7449
60645 73355 7438
62531 71469 7447
53110 75890 7461
54644 72356 7638
56328 77672 7200
75928 55072 6686
56748 68252 7723
75745 53255 6802
71713 63287 7109
71483 66517 6519
73835 62165 6600
59786 74214 7427
60349 74651 7340
49787 80213 6912
77748 45252 5992
59566 74434 7422
55652 78348 7087
60718 69282 7655
58956 66044 7737
52374 77626 7318
59943 76057 7155
61213 70787 7570
61107 63893 7725
74986 56014 6888
57578 70422 7680
47152 81848 6353
55669 68331 7722
45778 82222 6180
65512 68488 7406
53842 79158 6999
76274 55726 6376
53645 78355 7195
52405 80595 6470
70848 61152 7282
68749 62251 7412
56573 75427 7473
63342 65658 7643
61599 68401 7648
69443 60557 7401
58247 68753 7708
59043 76957 7063
59584 67416 7717
49904 80096 6936
54817 77183 7345
63500 70500 7440
71594 64406 7041
54076 73924 7570
77592 47408 6211
54962 69038 7710
56814 71186 7668
56878 77122 7263
50792 78208 7247
60352 76648 6787
69409 66591 7161
72193 61807 7131
58156 77844 6860
59940 70060 7655
55236 69764 7697
52638 78362 7214
58595 64405 7747
51271 78729 7172
51489 79511 7029
58831 68169 7713
76711 52289 6544
46605 81395 6624
66453 69547 7250
72858 60142 7115
58982 72018 7605
55007 76993 7361
55450 74550 7538
61915 72085 7449
61226 71774 7513
63165 67835 7593
75348 58652 6534
63778 71222 7368
47358 81642 6483
47278 81722 6437
59379 69621 7680
77032 49968 6507
74949 55051 6923
51610 78390 7221
75563 57437 6603
59723 73277 7498
48242 81758 6274
71269 65731 6951
51012 80988 6476
54195 78805 7075
70066 62934 7296
73270 59730 7067
62527 74473 7108
77770 43230 5866
56542 78458 6939
73787 57213 7072
51952 79048 7109
65731 64269 7555
56494 72506 7631
70782 63218 7225
62934 70066 7505
58674 72326 7600
45177 81823 6469
71294 59706 7282
62025 69975 7567
65301 65699 7542
60284 62716 7737
58782 70218 7674
49623 79377 7072
68234 69766 6977
54574 76426 7418
44310 81690 6523
47053 80947 6750
70565 66435 7013
72310 63690 6962
70633 58367 7343
76032 51968 6759
59609 68391 7703
76700 53300 6446
64314 70686 7362
73799 62201 6620
68209 62791 7437
54022 76978 7377
51510 80490 6724
60320 70680 7617
65323 67677 7468
57089 77911 7065
74708 60292 6555
60508 63492 7733
76302 55698 6319
64997 72003 7165
77422 49578 6274
61118 75882 6994
60665 66335 7715
53536 77464 7328
55696 69304 7705
67700 69300 7131
48480 81520 6460
58546 76454 7239
77611 47389 6190
56557 77443 7230
56131 78869 6815
62988 63012 7691
61638 73362 7373
60868 65132 7723
64772 69228 7421
65256 71744 7167
65811 63189 7572
57613 77387 7159
68285 64715 7377
69849 62151 7338
62294 72706 7374
43463 82537 6070
48939 79061 7123
76470 50530 6661
74402 60598 6687
59690 76310 7131
52370 80630 6396
50920 81080 6389
58658 75342 7391
73423 61577 6908
60942 67058 7704
57050 77950 7058
56580 76420 7379
73636 58364 7060
42715 82285 6285
61536 69464 7616
48986 81014 6692
72905 64095 6546
59501 65499 7737
51241 80759 6617
65545 65455 7535
59160 68840 7699
74999 59001 6691
63069 71931 7373
42384 82616 5966
74697 56303 6939
63099 72901 7287
44146 81854 6461
73864 58136 7026
61956 71044 7513
76252 55748 6395
75393 58607 6466
54261 79739 6716
75588 56412 6713
75508 54492 6825
72390 59610 7187
70113 64887 7204
67481 64519 7441
51360 80640 6672
64720 67280 7529
67853 68147 7214
66441 60559 7564
56302 70698 7678
74735 60265 6459
60629 71371 7569
57790 66210 7742
57427 64573 7748
69027 68973 6950
60727 63273 7731
62232 64768 7699
53519 76481 7420
71174 61826 7237
55040 77960 7222
72425 64575 6724
68148 65852 7338
44808 82192 6301
54736 78264 7178
57553 73447 7571
63044 74956 6721
60138 70862 7617
72693 64307 6647
77337 49663 6354
57371 69629 7698
75804 57196 6498
67785 61215 7497
70939 67061 6763
77319 50681 6230
59647 69353 7681
75404 56596 6767
74904 54096 6945
55927 79073 6670
42391 82609 6005
58259 73741 7530
61970 69030 7612
77477 49523 6202
64608 72392 7160
67795 70205 6981
71814 64186 7022
74514 57486 6928
76067 55933 6507
66467 71533 6988
40312 82688 5859
75799 53201 6792
48258 81742 6293
56786 78214 7000
59166 66834 7728
55601 77399 7290
71191 66809 6683
62389 65611 7683
54084 76916 7382
74035 60965 6797
56029 78971 6752
49890 81110 6582
67277 60723 7524
76357 52643 6666
72782 64218 6612
61704 68296 7647
55043 78957 6948
59226 63774 7745
63775 72225 7287
61701 66299 7696
54905 70095 7691
51033 79967 6933
64109 66891 7574
77089 51911 6296
73404 60596 6991
73199 61801 6944
71268 62732 7196
57900 77100 7185
76300 55700 6339
74387 59613 6825
53215 78785 7129
67884 69116 7125
76190 55810 6441
52861 78139 7245
77654 47346 6107
56037 72963 7614
50885 81115 6351
60480 73520 7436
44592 82408 6067
58031 70969 7665
58709 71291 7645
44998 82002 6401
53990 80010 6511
69708 63292 7313
48730 81270 6588
55947 77053 7326
57993 78007 6778
49692 81308 6467
60179 75821 7176
72206 57794 7236
72261 58739 7220
58442 77558 6961
63806 73194 7147
57246 76754 7299
55413 72587 7629
63264 62736 7683
72479 60521 7146
73964 60036 6905
67710 63290 7458
64940 68060 7477
60635 76365 6914
50193 80807 6714
53865 76135 7445
58273 69727 7690
54372 79628 6761
67973 60027 7490
56758 66242 7746
52113 79887 6905
68157 68843 7116
73987 57013 7048
71582 61418 7214
58810 73190 7544
73775 61225 6846
49794 81206 6530
54580 77420 7320
65289 60711 7614
70137 63863 7258
51052 80948 6509
77240 48760 6422
75910 57090 6392
66378 64622 7509
57371 71629 7652
49546 81454 6338
68795 64205 7356
76959 52041 6413
52729 79271 7054
77515 48485 6258
56334 75666 7462
63960 65040 7626
64607 62393 7639
52741 80259 6688
42592 82408 6211
47970 81030 6726
66313 65687 7483
74109 60891 6780
67026 68974 7236
69317 65683 7236
47594 81406 6596
64382 66618 7567
63782 63218 7665
68677 68323 7098
75942 56058 6572
59074 71926 7606
73273 56727 7153
50848 79152 7106
61477 68523 7649
63769 67231 7582
61432 63568 7722
58117 75883 7358
59062 73938 7485
64557 73443 6947
72787 61213 7074
47135 80865 6772
55022 75978 7449
73086 57914 7154
60368 76632 6801
54546 79454 6819
73466 58534 7084
47997 80003 6967
75751 56249 6651
62448 67552 7637
63097 63903 7682
67993 62007 7469
66808 63192 7522
40324 82676 5980
72252 62748 7061
74062 55938 7054
63994 73006 7151
59086 74914 7406
69820 68180 6917
54514 75486 7486
46249 81751 6491
65193 70807 7272
46967 82033 6178
60305 76695 6682
60405 76595 6818
58492 70508 7671
64077 73923 6907
60853 68147 7684
51779 80221 6807
44634 82366 6139
77691 46309 6088
70678 65322 7100
60777 64223 7728
53116 77884 7279
45464 81536 6576
50901 80099 6902
49465 81535 6263
72929 62071 6985
59348 75652 7299
46978 81022 6729
55813 79187 6558
47053 81947 6276
54324 77676 7289
56299 78701 6868
77573 48427 6081
57643 76357 7328
54583 73417 7594
65657 72343 6973
51593 80407 6750
48564 80436 6875
71089 57911 7314
51154 80846 6572
63108 70892 7444
71989 62011 7146
63383 61617 7681
63700 66300 7610
53279 76721 7402
77149 51851 6125
51560 77440 7338
66699 67301 7377
64303 72697 7156
75400 58600 6449
77347 48653 6374
49099 79901 6981
70504 59496 7349
64559 61441 7642
49407 80593 6810
65128 69872 7351
57128 75872 7417
45850 82150 6253
73511 62489 6730
55790 78210 7112
61956 67044 7672
74577 60423 6622
55434 77566 7270
63700 64300 7654
59056 75944 7281
72634 63366 6908
76463 54537 6435
65698 62302 7590
70033 65967 7133
56137 76863 7342
75132 57868 6750
67789 64211 7428
65124 72876 6961
54390 78610 7114
75501 55499 6791
56841 73159 7598
77277 50723 6299
72746 62254 7010
57260 65740 7747
41341 82659 5916
56107 75893 7447
76577 53423 6512
76590 54410 6348
57359 72641 7620
62765 68235 7600
52391 80609 6445
73712 62288 6666
56375 74625 7526
66999 62001 7529
50672 80328 6844
65639 66361 7504
60397 63603 7734
61809 65191 7705
57912 78088 6720
67001 69999 7148
76949 53051 6222
74639 53361 6985
72703 56297 7201
77145 50855 6411
71997 61003 7184
72948 56052 7182
61064 66936 7703
57670 75330 7440
76039 53961 6704
58188 66812 7735
67061 67939 7310
75225 58775 6600
51823 78177 7249
49139 80861 6738
62360 63640 7703
62134 62866 7710
57448 67552 7732
75667 54333 6792
57275 74725 7498
68949 63051 7379
71707 65293 6892
73160 62840 6810
58056 77944 6810
74385 55615 7009
48340 81660 6357
56293 71707 7654
64732 63268 7623
53008 79992 6772
52543 78457 7200
57288 66712 7741
73044 57956 7158
74041 58959 6955
62959 67041 7626
62236 67764 7641
55527 76473 7404
63251 69749 7502
58283 77717 6912
62101 65899 7689
69419 59581 7414
59115 76885 7075
70401 58599 7357
68665 66335 7259
77290 49710 6386
73193 58807 7113
74740 58260 6834
73822 55178 7093
50305 78695 7177
72082 64918 6807
50853 81147 6311
59929 72071 7563
56244 77756 7187
63146 74854 6784
70729 64271 7170
76567 54433 6380
56057 69943 7693
61496 64504 7718
72306 60694 7160
76836 52164 6479
64966 65034 7576
44707 81293 6654
54205 77795 7274
66606 70394 7157
41367 82633 6045
59596 70404 7654
45775 82225 6139
76705 51295 6586
59071 70929 7651
63531 74469 6851
60300 76700 6639
54159 79841 6653
69502 67498 7067
76844 50156 6563
76108 54892 6608
63360 64640 7662
72932 63068 6854
66002 61998 7579
71417 64583 7055
77344 50656 6136
66506 68494 7322
53277 79723 6855
55838 77162 7315
56888 74112 7547
64297 67703 7536
73901 62099 6515
66380 66620 7440
74595 60405 6614
50961 81039 6431
77232 50768 6365
67409 65591 7412
