77383 75675 75420
75803 68188 79844
82365 68102 67480
67720 79865 74745
75276 77946 74536
68640 81190 71200
70025 81738 66307
79283 67807 75910
78831 72869 75546
68851 73508 81232
69924 77641 77584
68194 82219 64204
75491 72841 79135
75956 68517 79702
82066 67855 69862
67188 72989 81532
82503 67800 66079
65857 82489 62360
77184 78209 69896
70121 80022 73889
65603 82492 63408
67874 82059 67822
67788 77792 77652
75610 78344 73392
75056 71697 79953
66363 81350 71024
77133 68869 78682
72329 73292 80481
82973 64856 62427
80073 74764 69946
70845 77643 77368
73369 79525 72886
72429 76695 77965
81609 69424 71203
80643 69618 73539
67566 66596 83160
77788 72531 77091
73147 77434 76848
73437 77850 76109
82058 68332 69595
76396 73781 77945
72527 77364 77176
80732 73090 70373
72621 66994 81737
79607 75756 69363
82348 66999 68674
76467 78749 69732
75423 78481 73333
71892 80753 70466
74159 76352 77590
75322 78731 72798
66242 69367 82806
74776 78421 74138
76653 74220 77436
76502 76802 75081
71403 70663 81829
69859 71941 81777
73073 77292 77050
82148 69422 67092
80826 71412 72426
66468 78787 76415
67210 82392 64680
79587 75812 68488
69099 69666 82489
67392 68436 82934
78768 68310 76681
80949 70649 72592
67300 73189 81442
81671 69890 70508
66859 81643 69937
68366 67343 82971
71506 80763 70980
78089 72789 76581
80217 73134 72652
79483 67817 75609
79023 75757 72140
69485 80057 74050
81858 70300 68164
75575 71627 79561
75659 79301 68344
69929 74557 80376
81591 70711 69777
70840 77362 77703
82332 68813 66020
67235 77389 78144
76671 77655 73370
83072 63094 62868
80197 70613 74127
71159 81387 67296
71405 78353 76299
81399 72252 67437
81395 69560 71995
68119 71760 81997
67324 80745 72731
72968 80665 68268
78378 69961 77157
67826 81402 70701
80635 71257 73025
75256 74130 78640
79617 71633 74815
68847 74604 80483
71029 80262 72922
83069 63012 63342
75522 76789 76136
81680 70742 68936
68800 80402 73601
67038 79459 75414
70428 69330 82338
67202 82050 68185
79350 75235 72276
68608 77810 77604
78589 69365 76932
73288 78126 75798
67375 76646 78889
82304 65977 69138
74499 72612 79881
78871 74963 73768
79102 74239 74088
77892 77725 68417
74483 78541 74155
78516 76330 72205
74756 75828 77777
73593 79240 73398
72513 73948 80069
76917 75611 76061
81692 70018 70182
83051 62654 63844
70507 70092 82177
68609 81717 69214
67012 74940 80317
82964 62737 64951
80667 74019 67542
68563 74867 80316
75599 79001 71349
77548 76779 73587
71059 67938 82311
75938 78222 73246
72839 80823 65853
67282 82198 67198
81894 67493 70763
82126 70011 64660
77360 75326 75802
67738 79268 75667
75322 75254 77912
67896 72451 81740
82045 69470 68204
78310 69483 77265
73267 77978 76021
68579 82127 65531
76751 76986 74467
78823 74722 74133
78139 71526 77033
70542 77130 78045
80600 66782 73785
82136 66486 69841
72795 80356 71052
68550 81521 70091
79714 67775 75250
81913 70621 66792
70048 78809 76037
67682 78870 76276
69913 79209 75498
70632 81233 69841
81621 71266 68318
72528 79753 73076
83005 64106 63812
66709 76329 79176
69162 81139 71214
70179 81728 64726
80430 74497 67711
78174 76488 72740
81199 70386 72093
80543 70630 73483
81746 67116 71208
72627 74634 79597
73822 77860 75865
75140 78962 72372
70264 81702 65576
80626 72177 72359
68790 78084 77242
77534 75869 74955
78598 76869 70371
70002 76114 79093
68366 81907 68357
66507 82303 66505
82235 65210 69502
78564 73584 75534
79458 72878 74655
80273 68249 74326
75653 74257 78329
77292 72746 77588
75784 78232 73407
73043 80723 66217
69347 80694 72583
82326 69018 65463
71072 78698 75921
76055 75515 77113
65593 67239 83247
76517 73353 78060
63314 65051 83500
73749 77230 76766
67949 82244 65950
70791 81554 65686
80731 67169 73530
75586 70464 79860
78110 73797 76008
78812 75487 73150
73214 79065 74160
70379 80838 71684
71436 80176 72881
73541 80023 71245
81980 67992 70227
73290 68722 81421
80674 73711 68911
80255 74527 69423
74139 78954 73599
69228 79554 75049
69055 67717 82815
68898 82004 66956
73593 70582 81035
77833 77415 71129
78934 76593 69360
76877 73895 77423
77927 73199 76599
81187 67612 72572
82964 64333 64598
76708 78396 70923
69285 79756 74710
70675 68503 82410
66791 81981 68603
71573 81004 69521
67079 69402 82767
74214 73898 79383
66477 66826 83264
68639 72740 81595
80274 74746 68040
66706 79473 75401
74335 78282 74827
79675 73300 73833
80735 68296 73510
76013 74799 77692
69353 81945 65672
66529 82406 65091
83084 61879 62213
70638 79022 75564
79892 74501 71729
75228 79572 67455
73875 68133 81151
68105 67874 82961
82388 66720 68535
72424 78633 75443
82109 66161 69965
79900 68351 74943
78698 76378 71490
63639 65813 83456
70028 68664 82534
80686 73109 70594
67362 82308 66347
81278 70725 71368
82266 65865 69332
83052 63584 62893
75186 74387 78536
76603 71789 78584
72745 68957 81626
67231 70995 82304
80143 72339 73524
82627 64580 67564
71764 74004 80288
70327 80434 72844
79034 73850 74604
75917 71502 79294
75019 69638 80361
72515 75278 79202
77166 69154 78645
64882 65824 83442
70850 81291 69131
73600 79760 72003
68519 82150 64633
72852 80547 69753
66371 82456 63892
78219 74292 75533
82165 67037 69654
73455 73593 79938
68901 74288 80700
68276 79445 75361
71391 77529 77350
66067 81862 69213
68482 80060 74339
71712 80731 70844
69173 70316 82326
72675 77982 76329
73808 76706 77384
73264 70399 81230
79066 71665 75710
70115 74783 80187
71291 75507 79447
71232 73521 80727
75644 72320 79239
66912 72556 81711
74341 79941 69151
79874 75290 69629
67257 82375 65142
71717 68028 82075
81778 69344 70352
81128 72002 70435
69980 70982 82043
70363 74918 80046
82617 66800 66556
67456 79304 75631
76346 70180 79284
82764 65371 66346
72175 76092 78698
77851 77093 72034
79194 70066 75937
67564 74266 80790
68280 75260 80035
67842 80448 73487
74190 69575 80861
83060 62093 63889
75334 77328 75502
81499 70479 70719
72956 80567 69384
76295 77040 75007
82958 64933 64000
74712 68348 80646
82349 65204 68990
77688 71811 77458
77118 76753 74300
73607 77026 77117
78597 72199 76190
68794 68248 82805
74260 72591 80017
69257 81669 68967
69984 70427 82190
76940 75960 75679
68579 82135 64989
69577 76017 79242
74852 78076 74757
77446 74771 76177
70429 79698 74430
66671 76759 78792
76848 78565 68450
80125 71546 73963
82935 64593 64827
79735 73964 73047
82150 66929 69746
82730 63080 66889
74818 75186 78288
82884 63597 65665
69595 73841 80935
66971 78168 77226
80492 69626 73818
74730 79865 67818
68499 78323 76955
79787 67056 75139
75467 75803 77321
79344 75422 71859
75251 67283 80262
74875 79675 69218
66119 77138 78404
73341 76082 78245
81324 67900 72280
83004 64346 62898
78261 75008 74954
73975 73877 79519
67024 82431 63856
78606 74300 74955
79280 75161 72548
68312 81546 70043
67037 71810 82011
71709 77136 77723
79538 72058 74824
81804 71146 65987
78569 76814 70648
69861 69112 82489
77508 77577 71616
82851 65288 65239
70104 78230 76798
69621 81608 68841
67697 69854 82618
78436 75707 73613
69918 72550 81531
71630 81195 68222
77759 76766 73112
73905 75749 78323
72899 80376 70683
70286 79851 74178
79547 71418 74995
67485 78484 76802
69039 71541 82016
77345 70134 78319
66743 68444 82995
81778 69881 69817
68033 82241 65549
71333 68593 82174
66609 66008 83326
71951 78067 76500
82184 67839 69263
67954 82169 66971
81569 69881 71077
79460 71151 75217
82660 67363 63753
73958 71305 80694
68097 76102 79368
80926 72270 70985
69013 67182 82847
82380 66279 68685
81416 72354 66420
75870 78013 73732
77291 77313 72881
82647 67417 64433
70159 81733 65432
72544 77518 76986
65875 82060 68250
69489 67386 82733
81626 68978 71333
78631 77002 68627
73387 69894 81247
68736 66482 82934
78776 74986 73935
66976 82180 67465
80982 71163 72097
76962 72694 77919
80360 72761 72702
78277 72338 76543
72481 70799 81442
69361 74896 80215
71139 80756 71417
67583 81762 69327
82798 63547 66369
82949 65092 63637
64331 66832 83350
82828 63444 66148
74760 70603 80378
76154 78446 72500
68982 77030 78401
77464 68782 78306
69989 77717 77479
79332 76024 70176
73704 73376 79949
68987 78470 76716
77329 73623 77068
81768 67986 71095
80850 72826 70264
67771 70504 82455
82649 66882 66072
81343 67363 72243
72615 80334 71430
76046 75257 77336
67410 72486 81735
81212 72188 69530
79571 68757 75455
75445 77684 74821
67669 82302 65675
82917 64235 65329
69205 77571 77776
78181 74044 75756
82639 65353 67375
69677 75697 79517
75214 69856 80209
72798 71512 81139
70903 79114 75307
78050 77055 71563
70717 81047 70597
71011 72386 81403
65296 66019 83412
74054 73167 79867
75053 76343 77068
73614 69537 81184
82071 70123 65639
68710 68053 82846
71917 80059 72796
77475 76393 74337
75687 76565 76304
66650 79075 76010
73063 69079 81484
78859 71773 75967
72663 69429 81604
67627 82322 65043
75790 77248 75220
82782 65678 65742
80530 73358 70923
69508 81376 70234
76170 73507 78292
81200 72790 67847
77805 67959 77928
78561 71174 76583
68746 71837 81946
75019 72896 79462
78647 75436 73589
75789 75124 77705
73649 80402 67097
69970 79411 75159
78052 73051 76508
68187 69207 82708
77556 73266 77005
75362 76337 76824
79196 70592 75798
66447 81130 71707
81191 68739 72552
81933 69172 69584
82235 69486 65465
79749 74874 71679
75447 68559 80096
82490 68323 64197
79092 71338 75773
74196 79902 69923
78643 73320 75584
74788 78997 72731
77489 71763 77685
70322 80579 72491
79303 75969 70453
78078 76332 73345
74161 77969 75499
79365 76157 68432
72236 68224 81881
68237 81020 71877
71740 68490 82043
73723 75133 78854
74889 78747 73266
73144 80108 71494
82829 64004 66078
74569 75403 78277
72710 79522 73502
79564 70405 75242
66068 68781 82946
82017 65886 70325
65738 65360 83388
70019 81652 67834
75900 72128 79110
76080 68691 79591
70674 73925 80673
77206 78094 70598
82409 68707 64393
76526 77153 74492
76831 76659 74847
82727 66921 63291
73502 80281 69585
80623 73615 69568
68334 74127 80859
74643 77221 76244
78587 70847 76646
74923 77613 75417
81808 70230 68844
67866 80110 74344
81518 71728 67927
78461 76043 72961
81097 73103 65826
77097 76981 73973
69166 75477 79779
70569 79317 75110
74236 70577 80685
69524 80521 72991
71776 70108 81877
72238 74698 79703
72140 71422 81375
72938 80120 71708
77065 73103 77651
79787 69601 75038
79743 73689 73317
81388 70319 71388
80221 74378 70094
76316 71893 78810
74807 71031 80268
77506 78070 69019
76570 74894 77085
72129 78268 76128
76270 67745 79458
81864 69207 69987
72499 77035 77562
82024 69184 68983
82253 69434 64422
70489 78632 76180
74087 79737 71446
76044 77901 73747
81773 69111 70557
64675 67542 83225
74000 78563 74536
79218 67388 76008
71665 73638 80527
74583 70729 80471
76347 76166 76069
82089 69946 66474
65937 67949 83122
82735 66670 65094
80454 73309 71351
81807 69665 69916
72990 76436 78039
74329 79961 69017
70866 79079 75382
82241 67339 69201
66342 82483 62964
74623 79168 72442
70800 71382 81804
65840 82465 64128
82809 66305 63776
71985 81170 66350
71691 79464 74340
67685 82324 64357
77528 77955 69721
