58969 47031 5267
46828 54172 5919
45352 56648 5849
61772 35228 4314
56085 47915 5674
48093 52907 5925
56204 51796 5395
53755 53245 5681
59486 44514 5302
45649 57351 5806
45011 57989 5775
58969 46031 5352
47988 59012 5413
37749 62251 5254
36571 62429 5192
61703 37297 4473
50015 55985 5745
53338 50662 5809
43920 60080 5563
60492 43508 4961
44393 60607 5366
36952 62048 5405
61455 39545 4674
39171 60829 5577
43822 57178 5840
57488 48512 5513
41608 59392 5717
43745 60255 5541
40325 58675 5770
56757 46243 5620
46709 55291 5886
51296 55704 5674
57776 46224 5524
57828 47172 5509
46234 56766 5828
46986 53014 5941
39732 61268 5504
43530 57470 5827
53319 49681 5823
59248 43752 5343
56874 49126 5567
49426 51574 5920
53151 53849 5684
49761 52239 5902
38413 61587 5474
45249 52751 5955
49374 57626 5575
41387 58613 5773
53867 50133 5791
61226 40774 4804
56466 51534 5325
54378 51622 5718
51725 55275 5684
54401 50599 5749
58535 48465 5054
40273 60727 5580
58268 45732 5469
48613 54387 5874
54714 53286 5536
60466 42534 5128
47833 55167 5869
51836 56164 5550
41490 61510 5312
41919 59081 5740
56073 50927 5571
59937 43063 5241
46423 58577 5666
45349 54651 5929
55155 51845 5622
40074 59926 5674
59793 45207 5146
43263 60737 5473
48301 55699 5835
57558 49442 5410
56614 51386 5155
49334 55666 5803
59311 46689 5129
35482 62518 5171
46144 52856 5948
46358 59642 5453
38183 61817 5434
43194 58806 5750
59378 45622 5280
46830 57170 5795
60022 43978 5189
48629 58371 5497
61465 39535 4611
58515 48485 5099
58332 48668 5223
47428 57572 5744
39029 61971 5324
42835 60165 5592
48256 56744 5778
52803 52197 5786
39083 61917 5354
44657 59343 5640
59797 44203 5253
53183 52817 5741
54722 50278 5737
59209 46791 5184
58574 46426 5412
61548 38452 4678
42015 57985 5809
61733 36267 4453
44568 60432 5425
51486 52514 5836
45085 58915 5681
56302 49698 5614
45492 59508 5566
55393 50607 5678
50176 56824 5634
53901 49099 5800
51948 52052 5831
47990 58010 5647
55696 52304 5481
54762 53238 5534
51767 54233 5756
48585 58415 5492
53234 51766 5779
45827 60173 5273
40323 61677 5369
50880 54120 5807
49919 51081 5916
61765 36235 4357
50944 56056 5662
46137 59863 5403
42296 60704 5527
40303 61697 5358
49551 57449 5593
49654 56346 5734
47091 56909 5803
44335 58665 5739
57809 48191 5471
41390 59610 5700
36627 62373 5275
40653 60347 5623
55285 48715 5728
48471 52529 5925
43609 56391 5878
52291 53709 5751
51672 51328 5861
42310 59690 5671
61412 38588 4792
59965 45035 5052
52436 54564 5687
54148 51852 5726
36739 62261 5347
60532 43468 4870
44365 53635 5946
61443 39557 4732
56499 51501 5316
47296 58704 5578
58586 44414 5436
60219 42781 5187
39757 60243 5644
58318 46682 5449
50145 57855 5325
42760 58240 5791
53264 54736 5579
43572 59428 5669
50814 50186 5901
57241 46759 5579
50531 53469 5841
48513 53487 5905
60518 43482 4927
52778 55222 5576
56561 51439 5235
44702 53298 5951
59685 45315 5199
49081 54919 5840
45090 59910 5517
47342 55658 5862
51195 51805 5867
61709 36291 4495
40023 60977 5551
45686 59314 5589
56053 48947 5674
60555 42445 5104
42834 57166 5845
54199 53801 5554
37998 61002 5558
43320 55680 5902
59353 46647 5096
48660 51340 5934
53090 54910 5446
55341 49659 5709
61122 40878 4922
61629 38371 4568
60911 42089 4914
49472 53528 5878
46856 59144 5520
55249 52751 5510
60399 43601 5055
54528 49472 5764
47699 59301 5312
50708 51292 5894
55752 51248 5591
50985 57015 5500
39188 61812 5402
55648 48352 5706
41073 59927 5670
49452 54548 5841
38964 60036 5664
52523 50477 5850
43957 56043 5890
58408 44592 5457
47779 59221 5343
39784 59216 5735
58254 46746 5457
46929 58071 5709
46338 53662 5938
48826 57174 5700
40527 61473 5441
41637 61363 5394
58444 47556 5375
50977 55023 5756
58687 45313 5416
40757 61243 5481
60291 43709 5099
44767 57233 5827
47733 54267 5900
47623 53377 5923
59431 45569 5268
47521 52479 5940
41191 60809 5549
45839 60161 5312
34527 62473 5208
48412 52588 5925
47061 51939 5945
51894 53106 5800
52049 49951 5873
42858 61142 5334
46278 55722 5880
49198 52802 5905
49184 50816 5929
60020 44980 5011
58224 48776 5267
45516 53484 5948
57399 49601 5439
44787 60213 5464
61591 37409 4661
39337 60663 5597
53640 54360 5572
47744 51256 5941
44286 60714 5306
41590 61410 5379
44192 57808 5804
44282 60718 5198
48104 55896 5831
38936 62064 5272
59036 44964 5371
56071 49929 5632
39583 59417 5720
54416 52584 5654
57073 49927 5496
42121 60879 5505
