18493 19456 20416
19633 20607 19654
17069 21167 20010
17135 23441 18173
21085 21541 18303
20541 23213 17248
22074 20758 17527
19562 24195 17074
21501 21402 17897
20748 23320 14878
18559 19865 20338
18116 24582 16584
19719 24268 16453
21173 22362 17424
17582 22138 19298
20480 19775 19241
17618 19051 20834
21887 21500 16709
18213 22213 19178
21289 22716 15929
22193 20657 16039
22466 18503 17229
22561 19146 16476
19552 21059 19517
20891 19906 18909
20424 22267 18450
21895 21422 17021
20974 18733 18952
18387 23261 18342
17684 19460 20756
20789 23258 16247
17254 22057 19385
21747 21586 17410
20090 24020 15919
19376 24451 16537
16967 20172 20545
18893 19535 20231
18907 21122 19701
19707 22979 18239
20418 23506 16781
18641 24795 15529
17512 22856 18760
16605 21720 19625
22576 19276 16282
21568 22250 16904
16140 19188 21038
21644 19320 18318
20287 21190 19095
19083 23370 18168
22107 18785 17825
18823 24330 16998
20108 23925 16367
22311 19928 17274
22254 20031 17474
18001 21370 19784
17204 22716 18879
22415 19291 17108
18905 24689 16177
18827 24064 17496
21683 19824 18252
22397 19940 15776
20927 22178 17911
20241 23862 15732
22474 19584 16602
19166 22487 18827
22042 21121 15803
17263 24470 16902
20368 20738 19232
20998 21491 18436
16660 19603 20821
19801 19747 19749
21510 20404 18332
20484 20998 19065
17644 22757 18830
