58673 103327 8628
50984 105016 8219
76029 93971 9187
91929 72071 8460
58565 102435 8775
72270 83730 9659
85574 84426 9046
58487 100513 9003
80637 94363 8406
55907 105093 8110
74154 87846 9558
62887 103113 8550
84923 82077 9200
88559 85441 8281
84702 79298 9269
67302 84698 9664
83201 79799 9362
83183 86817 9158
70269 86731 9631
95369 64631 7401
57912 105088 8007
52144 104856 8281
88064 77936 8988
74304 90696 9454
76039 91961 9323
67170 94830 9390
68753 96247 9295
84814 85186 9087
87156 77844 9079
83669 79331 9339
78172 86828 9465
95470 62530 7335
88648 75352 8947
71578 89422 9555
72176 84824 9647
83608 85392 9192
81322 82678 9418
63089 103911 8206
70118 99882 8794
88002 75998 9013
72881 92119 9434
81350 90650 9047
67738 98262 9140
57690 101310 8919
66036 102964 8120
83764 84236 9225
83086 81914 9337
79739 79261 9533
67358 95642 9346
93818 72182 8021
84006 76994 9327
90414 81586 8365
93248 74752 8094
59879 101121 8939
71844 100156 8370
72897 97103 9071
62766 102234 8731
60140 102860 8684
77382 94618 9015
54612 105388 7914
57159 103841 8544
69522 101478 8101
53632 104368 8446
56495 103505 8616
93231 70769 8189
71437 84563 9656
91460 75540 8528
81443 79557 9457
84799 88201 8834
89147 82853 8571
85536 85464 8991
77783 96217 8621
83103 91897 8500
55957 104043 8518
84342 81658 9259
87690 80310 8973
68151 87849 9610
84691 83309 9180
82733 90267 8916
63492 97508 9249
70702 85298 9651
83117 80883 9354
70324 97676 9126
56481 104519 8356
89232 77768 8854
80314 83686 9446
50418 105582 7903
80798 89202 9194
67250 92750 9475
71463 82537 9673
71428 100572 8120
64666 103334 8287
62889 104111 8012
74883 93117 9308
73105 80895 9670
74750 94250 9238
78972 85028 9478
58991 104009 8467
63037 97963 9217
87052 78948 9072
56192 104808 8248
74558 96442 9042
88389 82611 8764
85872 86128 8892
60324 104676 8047
51797 104203 8485
81179 82821 9422
92907 72093 8262
92574 76426 8228
66196 102804 8270
70059 97941 9107
79581 94419 8752
68724 98276 9112
87757 77243 9028
73348 78652 9668
73422 95578 9204
71610 93390 9405
74875 81125 9647
72319 98681 8848
64424 96576 9309
69756 82244 9680
62900 101100 8905
89200 75800 8881
92653 74347 8288
84392 84608 9157
95173 66827 7450
65927 101073 8819
76602 89398 9426
86781 83219 8971
68657 89343 9572
93362 75638 7889
85145 76855 9253
76511 95489 8990
63466 100534 8969
95325 65675 7338
71333 97667 9088
88791 77209 8921
86909 77091 9107
71553 96447 9205
82667 87333 9168
81632 78368 9452
92287 78713 7762
62550 101450 8864
81691 88309 9184
92212 72788 8404
63596 102404 8669
79042 79958 9558
62150 103850 8366
66708 98292 9157
75721 96279 8951
86890 85110 8824
90367 77633 8685
62646 99354 9105
72225 99775 8489
70325 78675 9687
68383 90617 9538
88556 83444 8647
65882 94118 9424
86566 88434 8158
77464 92536 9198
74735 98265 8572
80277 88723 9258
93421 72579 8129
93868 72132 8006
72655 90345 9507
50393 105607 7804
93493 75507 7749
69208 98792 9034
55668 104332 8440
75654 80346 9636
88928 85072 8165
90722 81278 8285
94726 67274 7792
92938 77062 7754
89795 78205 8759
82520 81480 9378
61325 100675 8980
95283 64717 7483
91527 74473 8532
72617 91383 9469
54871 104129 8501
80835 86165 9344
85164 85836 9013
91716 79284 8201
82994 88006 9100
73497 82503 9656
95246 65754 7468
84237 82763 9235
74186 86814 9584
75419 88581 9500
52481 105519 7817
77881 86119 9499
68845 97155 9219
73501 85499 9624
93058 73942 8199
86193 87807 8580
49991 105009 8222
53688 105312 8055
94449 71551 7740
66274 98726 9122
81824 83176 9379
65509 100491 8935
95098 67902 7410
75503 97497 8698
94891 68109 7680
87255 86745 8476
95656 60344 7041
93711 74289 7893
64953 103047 8389
83370 83630 9276
79604 86396 9404
89436 80564 8718
67546 100454 8852
80703 80297 9487
69534 93466 9433
92057 71943 8435
57283 102717 8743
61606 103394 8550
82787 88213 9106
62580 103420 8488
94950 68050 7631
54748 103252 8666
90759 80241 8450
81251 83749 9395
64259 96741 9299
92560 77440 8100
78354 93646 9033
58509 104491 8302
84479 89521 8695
65035 98965 9119
75794 83206 9616
72240 96760 9153
73818 86182 9605
78636 82364 9550
94225 69775 7938
63716 98284 9192
95492 63508 7296
72948 98052 8914
73770 99230 8163
94534 70466 7794
85716 77284 9205
85559 87441 8794
78634 87366 9422
94834 69166 7643
66128 100872 8845
95628 61372 7136
79305 92695 9048
83519 88481 9000
61578 104422 8065
81726 89274 9119
47363 105637 7822
91892 79108 8139
76284 85716 9564
59556 101444 8900
87079 81921 8994
89272 76728 8867
66439 101561 8697
83670 85330 9190
61534 100466 9001
58037 103963 8502
91065 78935 8488
74478 97522 8861
67843 93157 9459
55295 104705 8307
85083 89917 8388
86264 85736 8866
81978 86022 9283
67078 100922 8789
89349 77651 8841
81077 89923 9125
73381 88619 9551
76839 97161 8422
78835 82165 9545
91483 78517 8403
77405 80595 9604
53841 105159 8141
66719 97281 9246
69590 100410 8715
67385 96615 9287
64829 103171 8345
80239 83761 9448
59633 104367 8307
76739 83261 9596
92441 73559 8353
91822 74178 8475
71926 95074 9300
60897 103103 8626
68299 100701 8763
75644 90356 9423
75782 91218 9375
86635 81365 9056
82442 84558 9308
90921 78079 8562
60443 104557 8136
89909 76091 8784
74461 83539 9637
69337 95663 9323
64743 101257 8836
57369 101631 8881
57363 104637 8282
94403 70597 7851
84615 81385 9244
86687 78313 9117
60323 104677 7932
67355 97645 9207
65407 98593 9148
95148 65852 7573
54148 104852 8262
73174 96826 9087
88951 80049 8823
69839 90161 9545
76769 97231 8394
95331 65669 7286
59832 104168 8379
94639 68361 7818
95474 63526 7320
49598 105402 8058
74665 89335 9495
92473 74527 8326
93945 73055 7906
92046 77954 8275
78870 84130 9508
78255 95745 8668
52496 105504 7873
77178 83822 9578
90429 75571 8713
83978 84022 9215
78659 90341 9267
69802 98198 9087
72828 97172 9067
62332 99668 9078
70271 96729 9220
94185 72815 7773
84363 83637 9197
67703 102297 8007
72990 94010 9338
88187 80813 8897
93706 72294 8054
70762 83238 9672
94907 69093 7573
87760 76240 9035
69682 101318 8269
68329 93671 9435
78883 88117 9372
90805 74195 8663
73116 84884 9637
84111 85889 9123
80735 79265 9491
72846 99154 8636
89750 75250 8810
66650 91350 9517
66282 94718 9399
79085 92915 9045
70951 96049 9255
87410 75590 9069
88934 77066 8907
83569 78431 9351
81388 85612 9332
80903 85097 9377
80959 84041 9403
88437 77563 8955
73242 97758 8943
78431 90569 9268
53007 104993 8219
70191 100809 8466
72627 86373 9619
68360 80640 9686
85206 78794 9235
91265 80735 8098
81053 92947 8790
69827 99173 8951
79578 88422 9316
76563 97437 8210
91564 76436 8487
67855 100145 8893
94047 72953 7854
57753 103247 8654
73847 96153 9120
88092 78908 8965
70356 95644 9302
66063 101937 8636
74879 85121 9607
92293 77707 8203
88414 85586 8312
62967 103033 8564
78427 80573 9577
63282 98718 9157
84104 80896 9296
64390 103610 7968
61011 99989 9054
87952 77048 9010
74356 98644 8468
85038 85962 9020
77847 80153 9594
74304 94696 9228
80217 94783 8177
75896 87104 9538
60587 103413 8575
68709 100291 8817
83709 81291 9312
65963 103037 8032
70565 98435 9022
73466 96534 9103
87429 85571 8644
51533 105467 8013
78255 88745 9377
77232 87768 9470
69387 83613 9673
59264 102736 8721
89141 84859 8070
86144 82856 9058
88942 84058 8469
68381 82619 9681
81886 82114 9402
50849 105151 8166
80439 86561 9352
53400 104600 8372
58342 104658 8239
81929 88071 9181
80224 79776 9513
51439 105561 7848
84040 88960 8869
92421 72579 8363
65609 97391 9251
71291 95709 9272
69705 84295 9667
90837 81163 8254
76640 84360 9582
65203 96797 9293
91770 73230 8490
72666 83334 9659
93928 74072 7676
93158 69842 8206
91450 79550 8281
54820 105180 8098
71957 99043 8809
89932 78068 8742
73674 81326 9661
62360 102640 8672
73303 90697 9481
92776 77224 7964
69251 81749 9683
86226 77774 9160
80358 94642 8299
76632 97368 8307
67798 102202 8170
91469 80531 7991
80984 92016 8947
76311 86689 9537
59193 101807 8856
77215 96785 8535
53580 105420 7972
91646 75354 8492
49355 105645 7693
65309 102691 8501
79528 91472 9130
95576 62424 7167
66789 96211 9318
68621 79379 9687
82704 82296 9351
69587 94413 9389
73812 98188 8780
80467 85533 9387
85819 89181 8308
75826 87174 9538
56677 103323 8647
65794 93206 9460
74799 80201 9649
66139 99861 9005
87762 84238 8738
93486 73514 8078
91030 79970 8391
81684 91316 8938
89051 76949 8894
85358 86642 8924
78230 85770 9493
74863 83137 9634
86996 76004 9104
85792 80208 9166
58072 104928 8111
92055 76945 8348
79668 87332 9363
64508 103492 8171
93820 70180 8054
83408 91592 8487
74456 90544 9456
73865 83135 9648
54210 103790 8575
49360 105640 7777
84350 87650 8970
93442 74558 8019
86784 87216 8523
67899 96101 9313
72332 99668 8518
75049 85951 9587
69760 96240 9272
58837 104163 8418
69661 101339 8248
76842 80158 9615
64386 98614 9160
65031 99969 9014
66425 97575 9226
91551 72449 8531
77620 82380 9584
88194 76806 8987
68970 85030 9660
88723 78277 8908
78546 94454 8926
56309 103691 8583
76741 92259 9264
84076 79924 9309
66903 95097 9378
57282 104718 8251
61299 103701 8488
92236 78764 7910
87525 85475 8634
86863 80137 9067
68229 101771 8434
88869 85131 8190
64574 102426 8617
82480 79520 9405
72538 89462 9541
69414 99586 8906
73043 87957 9578
62248 99752 9070
89068 79932 8810
90961 81039 8219
66980 102020 8528
91473 80527 7845
64003 100997 8897
90191 82809 8187
88587 76413 8948
82878 85122 9263
62894 104106 8041
49393 105607 7911
82222 92778 8489
90452 76548 8698
82006 84994 9318
68598 85402 9655
82553 92447 8495
59101 104899 7945
81783 84217 9354
73478 98522 8737
50426 105574 7923
59057 100943 8959
89788 75212 8805
82569 91431 8763
57497 103503 8610
92847 75153 8211
60642 104358 8265
57716 104284 8409
69077 90923 9528
85650 88350 8624
72524 85476 9635
93592 69408 8107
94534 71466 7670
88243 83757 8684
83021 82979 9317
76735 97265 8374
60879 99121 9129
94338 69662 7902
67240 101760 8583
68457 91543 9511
82002 89998 9039
77194 86806 9503
72028 94972 9304
68083 89917 9557
79338 90662 9203
66545 102455 8408
68633 92367 9482
69256 99744 8887
66275 96725 9292
67802 94198 9417
60695 101305 8910
92639 76361 8208
71972 100028 8416
83340 80660 9344
63607 103393 8423
55193 103807 8567
55696 105304 7941
82678 78322 9402
86209 88791 8251
56884 105116 8055
77556 84444 9554
70454 99546 8842
65505 99495 9057
71140 92860 9439
59783 103217 8627
75015 92985 9310
65136 95864 9346
71725 97275 9118
63033 103967 8171
75848 97152 8744
94768 70232 7512
57220 104780 8226
94827 67173 7740
75183 94817 9170
82499 89501 9027
78102 91898 9200
69941 88059 9604
69897 101103 8374
87696 86304 8421
94139 70861 7949
76887 88113 9470
93413 75587 7840
74479 95521 9147
68807 93193 9451
52232 104768 8315
85653 79347 9194
81657 85343 9326
80507 90493 9128
56057 104943 8185
67518 83482 9678
75154 97846 8647
76547 91453 9326
94646 69354 7779
76198 96802 8783
90543 82457 7924
57085 104915 8163
75256 83744 9620
85784 81216 9144
60358 104642 8080
72516 99484 8562
58848 103152 8656
57355 104645 8279
68468 95532 9341
68769 86231 9642
74806 98194 8588
64401 100599 8944
63607 101393 8850
65650 95350 9372
95577 61423 7202
76864 92136 9265
72382 97618 9036
87051 80949 9025
71822 88178 9586
81529 84471 9361
74623 87377 9562
85554 89446 8341
89178 78822 8833
93036 75964 8083
69793 97207 9194
59767 100233 9031
89713 77287 8800
73742 99258 8094
95398 64602 7359
71988 89012 9564
75190 95810 9069
68775 99225 8990
54697 105303 8026
79676 93324 8947
94557 67443 7850
62362 98638 9167
82790 86210 9217
73314 86686 9602
93178 75822 8007
78725 94275 8932
58317 104683 8228
83931 82069 9278
95440 64560 7177
57910 105090 7956
89805 83195 8329
62092 102908 8629
73875 92125 9402
95186 64814 7552
90087 74913 8765
63388 103612 8356
76681 79319 9619
86507 86493 8733
78879 79121 9565
70206 91794 9491
65162 94838 9395
90454 82546 8045
89704 83296 8350
82351 82649 9363
82898 91102 8754
94742 69258 7716
86191 81809 9089
75210 89790 9461
68045 96955 9251
79332 82668 9515
67834 102166 8211
95425 64575 7314
93904 71096 8025
76535 94465 9101
59078 101922 8842
67773 101227 8680
77785 95215 8896
71331 94669 9341
77383 85617 9531
75199 96801 8916
66772 93228 9459
76861 82139 9606
56804 105196 7977
57205 103795 8553
85993 81007 9130
92467 75533 8303
88533 79467 8898
81835 87165 9236
64784 103216 8329
52417 104583 8380
91093 75907 8596
93612 70388 8102
70155 92845 9451
75486 86514 9565
95415 63585 7382
51244 104756 8320
84066 90934 8457
81345 88655 9188
58939 102061 8825
69590 85410 9654
91873 79127 8147
70375 100625 8515
90319 79681 8597
81891 92109 8777
70319 84681 9660
66767 102233 8478
91103 80897 8174
64455 94545 9407
77845 85155 9527
92989 73011 8239
79019 80981 9554
82393 91607 8767
72203 86797 9616
70505 94495 9370
61321 101679 8851
63774 103226 8465
85421 84579 9055
70776 81224 9680
68545 101455 8514
77374 89626 9382
65905 99095 9092
88856 78144 8894
71780 98220 8981
62279 97721 9235
69644 83356 9674
52520 105480 7956
62356 103644 8436
87244 84756 8790
76201 83799 9600
87380 83620 8864
87879 84121 8725
68015 101985 8334
60809 104191 8328
67254 99746 8981
68457 88543 9593
95436 64564 7285
94290 71710 7848
94758 70242 7552
90382 79618 8588
71265 99735 8710
77392 93608 9115
71468 79532 9682
95216 65784 7508
84223 78777 9307
61306 99694 9081
80197 81803 9491
92731 77269 8004
86011 87989 8595
78063 81937 9576
70050 79950 9686
77836 93164 9121
71620 78380 9682
68479 86521 9637
80031 91969 9048
67922 99078 9045
72143 85857 9633
76804 87196 9504
61015 103985 8398
83867 78133 9336
93919 74081 7745
81985 79015 9433
89011 81989 8689
59196 104804 8116
61812 104188 8221
79456 93544 8944
72734 95266 9257
60536 102464 8747
90522 77478 8664
81291 93709 8454
90006 75994 8771
80401 93599 8792
56934 105066 8084
48341 105659 7707
74677 92323 9364
85086 86914 8938
68465 89535 9567
80492 92508 8949
77045 91955 9266
67146 98854 9093
89930 81070 8568
87799 81201 8934
93719 73281 7999
88274 81726 8852
62912 104088 8082
84853 90147 8410
73250 98750 8703
90595 76405 8676
77425 90575 9328
80093 84907 9426
61651 102349 8742
84797 82203 9207
74756 91244 9413
82498 83502 9334
76354 84646 9584
92019 75981 8398
69762 100238 8743
71414 82586 9673
77848 83152 9567
60489 101511 8884
95143 66857 7491
91719 79281 8200
73376 90624 9482
55462 104538 8370
63901 103099 8495
86998 77002 9100
65648 102352 8564
68349 100651 8770
86047 81953 9099
61645 101355 8892
61432 102568 8710
53589 105411 7990
64550 103450 8211
70277 93723 9415
63766 97234 9268
55756 105244 8010
79612 81388 9523
80277 83723 9447
94224 67776 7944
81420 87580 9243
71388 91612 9483
51570 105430 8035
70526 95474 9310
75282 93718 9247
66105 95895 9340
64208 102792 8557
59853 102147 8802
73043 98957 8670
71154 98846 8919
74231 90769 9453
63972 102028 8730
80360 87640 9308
78340 89660 9326
78741 95259 8707
57700 102300 8798
64414 103586 8072
72885 79115 9672
77314 90686 9328
77907 81093 9589
58615 104385 8340
86033 84967 8959
51436 105564 7748
94169 71831 7895
91338 79662 8311
79217 85783 9445
58729 103271 8637
82460 88540 9111
56069 102931 8716
62787 99213 9117
68955 95045 9362
86547 87453 8546
90749 75251 8668
74110 84890 9625
67501 89499 9568
79079 94921 8727
54499 103501 8626
71572 100428 8231
70735 100265 8609
94400 69600 7880
85115 83885 9118
77225 80775 9607
73812 89188 9524
71396 95604 9277
68856 81144 9685
75411 83589 9619
90395 74605 8723
85296 82704 9145
62984 104016 8138
78246 90754 9268
68315 86685 9634
48367 105633 7829
52771 105229 8118
90143 81857 8424
88590 84410 8517
68758 101242 8564
79236 83764 9498
49635 105365 8080
74035 98965 8359
73524 94476 9280
68021 94979 9376
88157 81843 8865
67730 102270 8087
92047 78953 8070
83203 82797 9311
77358 82642 9588
75025 94975 9166
95523 63477 7207
84009 86991 9068
87991 85009 8583
73885 97115 9003
71670 100330 8304
76299 88701 9467
76260 89740 9425
70648 100352 8587
83562 90438 8731
85781 78219 9193
61186 100814 8966
74163 98837 8405
70014 98986 8969
81016 80984 9467
71462 99538 8740
94341 72659 7659
68174 101826 8416
56997 103003 8701
89758 79242 8730
62672 100328 9008
68653 94347 9403
88464 74536 8966
93798 74202 7833
76019 92981 9258
69409 80591 9686
89351 81649 8647
74971 85029 9607
58179 102821 8720
69086 92914 9459
73727 99273 8051
84169 90831 8452
67926 101074 8705
60346 100654 8988
75386 82614 9629
79731 80269 9532
94293 68707 7924
81117 87883 9247
73898 99102 8276
61935 102065 8783
70927 95073 9328
80663 82337 9459
71341 86659 9626
59704 100296 9025
85224 84776 9066
77015 96985 8487
64126 99874 9042
58213 103787 8537
71768 85232 9645
68053 97947 9163
92235 74765 8376
85113 77887 9249
91574 79426 8246
63676 99324 9099
