28082 37918 3373
27263 36737 3905
26784 37216 3815
38777 26223 3810
29539 35461 4011
28354 36646 3903
37405 27595 3916
25835 38165 3561
36895 32105 3746
40669 26331 3501
29821 37179 3575
29834 37166 3589
25496 38504 3408
32445 35555 3822
41305 24695 3311
30364 31636 4163
24383 38617 3369
36080 31920 3872
39655 27345 3701
34867 33133 3902
31008 35992 3889
31069 31931 4141
35353 32647 3890
32418 32582 4088
32317 30683 4133
26887 38113 3519
36208 32792 3757
33482 34518 3894
35330 33670 3751
38811 30189 3522
38475 30525 3617
33861 32139 4043
34759 30241 4037
29918 37082 3641
31517 30483 4152
38926 30074 3411
37848 28152 3877
32340 34660 3976
41408 23592 3313
28342 37658 3589
35701 33299 3754
31789 36211 3688
28967 34033 4104
24357 38643 3307
22263 38737 3268
32763 35237 3860
36741 29259 3935
29925 36075 3944
40014 25986 3669
37875 27125 3883
26686 38314 3352
32034 30966 4138
30543 34457 4060
33217 33783 3992
40039 27961 3481
36815 28185 3949
40192 25808 3635
23375 38625 3384
40866 26134 3289
33437 31563 4077
36968 27032 3945
40717 25283 3523
32326 35674 3801
29146 35854 3986
27565 37435 3759
36674 27326 3962
33371 29629 4105
30103 31897 4162
29806 37194 3512
28163 37837 3497
24825 38175 3573
26180 37820 3682
29491 36509 3889
29740 35260 4021
37517 29483 3868
34183 33817 3909
35995 33005 3756
39315 28685 3657
33504 32496 4046
38339 28661 3812
29607 36393 3906
40527 25473 3566
30550 35450 3987
28270 34730 4072
38024 26976 3872
39822 26178 3700
27933 37067 3841
22285 38715 3322
36138 29862 3962
31585 36415 3600
40049 27951 3425
26058 37942 3651
40819 24181 3499
38488 28512 3801
35436 29564 4011
38923 29077 3707
33705 30295 4086
30657 33343 4108
24545 38455 3473
25447 38553 3369
29809 37191 3540
38232 30768 3657
28128 37872 3466
28617 37383 3693
37956 29044 3840
28096 36904 3867
35407 31593 3970
34608 31392 4022
28894 36106 3964
31177 34823 4010
40856 26144 3407
27283 37717 3683
25149 37851 3682
35044 30956 4008
30445 36555 3813
41100 24900 3411
38474 26526 3836
28710 37290 3727
28192 35808 3995
29401 35599 4004
31845 35155 3958
33173 30827 4103
25623 38377 3471
24943 38057 3613
26322 37678 3718
34048 28952 4079
36084 30916 3944
38401 26599 3842
29681 32319 4158
31220 35780 3915
41346 24654 3229
38121 27879 3856
40518 26482 3567
28772 37228 3743
41492 23508 3225
36629 31371 3855
34322 32678 3987
32400 33600 4044
38081 29919 3776
30016 36984 3685
29746 33254 4125
31422 31578 4141
29026 35974 3976
30646 30354 4170
36916 32084 3588
27326 37674 3696
33154 31846 4082
34550 34450 3647
34939 34061 3708
35331 28669 4029
30914 34086 4067
21222 38778 3167
38893 30107 3462
32861 33139 4049
29224 34776 4063
33547 33453 3996
29578 32422 4155
26914 38086 3531
39002 26998 3788
29295 31705 4164
41037 24963 3433
39111 27889 3755
39888 28112 3547
37698 30302 3804
36860 30140 3909
39669 28331 3603
39943 27057 3660
38393 30607 3637
25574 38426 3448
26708 38292 3427
31007 30993 4160
35861 28139 4003
31340 32660 4113
25471 37529 3750
