77359 73112 80501
83516 71148 72277
71749 83621 72318
75008 76655 80365
83702 70010 72438
80460 77037 70903
71136 82392 76469
69650 84160 71884
68644 77166 82053
78759 77492 74997
76388 72394 81504
83989 72051 70094
73642 83179 70316
71262 83624 72954
83503 69433 72900
66733 76008 82816
77200 77054 78248
70080 76977 82019
72813 83272 72214
74579 81036 75312
79621 78188 69990
81550 76032 69309
73884 70776 82895
77113 70733 81259
81914 69224 75851
81764 75861 68176
81231 74257 74960
74635 73675 82063
81322 73385 75614
71008 83231 74946
80629 73405 76786
76806 70844 81447
76925 80984 68406
81335 73959 75111
67434 79748 80045
79228 73257 78608
71475 72711 83502
65266 85205 66842
77299 71205 81053
72603 79994 78631
75770 77016 79596
75429 81626 72260
69728 71678 83972
85071 69507 66590
78035 79618 71042
70177 82199 77149
66243 84498 71997
85138 67750 67058
72947 80563 77776
67781 83555 74602
72022 72166 83468
78807 79225 68397
71530 83613 72713
69574 83477 74676
84210 72275 68310
79214 78825 68130
73303 80356 77790
71175 79382 79865
75534 75010 80976
75416 81299 73190
68220 84348 71899
82951 70117 73998
78306 77786 75391
67011 84813 69747
84195 69131 71184
69699 81211 78439
68793 82484 76887
75345 78108 78846
63740 84611 71617
67814 78603 81006
75852 77714 78849
75218 79363 77328
81785 75491 70437
68178 78405 81157
73933 83067 69429
82686 69879 74532
78427 75555 78286
66311 84075 73334
63785 85058 68993
70551 78019 81147
69114 76858 82208
83167 73281 70950
64625 85060 68804
69775 79872 79753
77086 72421 80946
75290 82305 68399
75667 81856 70501
77720 78162 75867
76207 77095 79150
75872 70037 82057
69088 84174 72276
77140 74078 80303
71300 81985 76921
64470 84897 70126
74408 82345 72291
82217 70333 75268
71722 73439 83263
74426 81879 73630
76990 69537 81358
82401 74146 71963
85228 67493 64919
74445 71896 82560
73997 80564 76823
72098 83874 69493
70116 78665 80746
65828 84979 68939
80238 74256 76899
68961 84627 69310
74013 70121 82853
74533 79417 77969
71374 79698 79502
83070 73688 70417
85075 68821 67558
75555 77962 78834
73564 81430 75924
77122 80404 71508
72631 81400 76861
79406 78596 68485
67909 84948 66563
68294 84720 69396
72463 82681 74639
81157 76326 70322
82373 74762 70174
73514 76127 81464
73799 72525 82760
82211 73335 73723
75781 79846 75951
74125 82942 70093
69102 79559 80160
69738 84565 68529
76149 73591 81198
68492 81405 78352
83400 68682 73132
73887 82975 70981
71832 82926 74866
79615 77927 71352
73090 80101 78223
68818 78012 81426
85149 68965 66522
66394 68752 84148
80070 70078 78395
75593 78549 78122
71813 84046 67767
70789 75455 82707
70255 74114 83378
73512 82240 74262
68669 84482 70812
84969 69008 68411
75850 75616 80491
72928 73321 82910
74782 79706 77284
67108 84033 73451
72957 83415 70828
83183 70125 73550
70701 84174 70599
83324 73662 68159
83349 72496 71735
78400 78872 72526
83794 70426 71980
65447 84406 72375
63278 84893 70236
82019 72948 74691
68896 70935 84061
78668 77186 75818
81011 74848 74647
81234 76162 70613
71813 80661 78315
83966 72609 68916
78466 74988 78666
76182 79934 75057
77181 74850 79872
73446 79894 78237
79897 78014 69063
69865 76615 82255
69807 83936 72887
74339 73006 82410
78666 71388 79824
72408 78179 80562
81076 72665 76428
65427 84891 69833
72278 83278 73056
73672 69937 82979
73999 80318 77196
69659 74071 83472
77691 77525 76992
64829 85125 68114
78116 72821 79918
67579 74872 83327
78904 76593 76479
71760 83282 73807
77512 77288 77648
70047 81526 78035
79865 71563 78474
70525 83830 72696
71132 74474 83065
70026 75322 82903
81533 74715 73517
64856 85008 69132
70962 84310 68010
76631 80436 72899
83427 73317 69764
76751 81044 69891
69405 80669 79035
83017 74119 68394
68033 84878 67975
67877 77918 81527
82125 75401 67523
82075 74286 72811
70270 84256 70595
84643 71126 68102
71859 83775 71301
70371 80167 79368
82643 71228 74344
63363 85116 68551
77201 80512 70756
71214 80485 78757
83720 71568 71470
81492 70081 76507
69444 71022 84014
78568 78065 74191
68010 84826 68676
80247 76736 72768
64565 84537 71910
80173 75493 75557
74365 76574 80794
68470 77937 81506
84353 71989 67527
83767 72981 68033
81142 75976 71738
78768 77891 74088
68348 75703 82886
77956 79510 71794
73283 82075 74960
66176 84993 68657
72088 71867 83466
85202 67779 66448
74569 75939 81068
78662 70049 80011
69122 81510 78191
81341 72903 75894
72238 82515 75325
74855 81428 74003
77645 71141 80770
79878 76479 74372
83760 72653 69937
74657 77680 79782
77483 76190 78764
74894 70184 82493
80690 75862 73566
82804 73396 72095
67198 74011 83606
73574 77894 80229
71723 79028 80018
71408 82927 75368
75213 80890 74600
64991 84432 72306
75220 79117 77701
81106 69189 77054
67851 75545 82998
77546 76423 78517
73996 82591 72382
83584 70213 72656
81487 71369 76172
75528 71035 82157
69324 77863 81487
65723 84895 69668
76246 81561 69119
69470 81825 77787
79385 73299 78415
83108 68652 73758
81739 73957 74130
75281 80483 75382
81254 70491 76765
67723 84983 65486
71910 75145 82577
74128 79239 78523
69688 84454 69888
72554 83741 67963
74700 77995 79488
70324 79266 80193
65836 85174 65613
72631 71709 83307
72558 82762 74290
82442 74432 71136
83105 69264 73750
77522 78699 75196
75300 82124 70615
73237 71283 83119
82622 74450 69996
78519 72305 79715
71559 81270 77701
74107 81367 75309
77231 69725 81172
67549 83200 75469
76909 78639 76350
79365 78118 71640
72707 77340 81021
79393 75146 77348
77526 75376 79293
72702 82954 73534
81092 75846 72319
79895 69247 78644
77408 79918 72216
70719 80482 78964
77047 71032 81261
68469 75518 82970
66934 80385 79476
73894 77026 80770
85110 69178 67235
73948 78924 79026
64901 85253 65756
78459 79572 67979
72032 79586 79377
68965 80297 79442
76785 81076 69324
67758 84549 71071
67909 77110 82119
68724 72138 83996
65896 81393 78454
80059 77935 67681
67221 73419 83760
82188 69681 75390
74953 82239 71213
80302 77392 70103
70081 84078 71888
83982 71497 70654
82663 72874 73103
79757 76730 74132
77236 80553 70332
70926 73378 83502
69276 70953 84031
84675 70123 69465
77879 69996 80663
78209 70545 80376
71810 81417 77374
71191 83893 71587
78040 70151 80531
77928 80089 67552
80813 72500 76903
76727 76104 79552
72065 83607 71871
83645 72176 71123
69965 82169 77262
76084 80545 73789
84579 71463 67436
67006 78926 80767
72237 74809 82636
80470 74835 75768
68896 72288 83970
79948 78064 67241
74954 82532 68865
77465 79542 73185
69428 84310 71218
76609 81272 67656
76134 74676 80763
76886 77115 78512
68497 74154 83518
73435 79743 78416
81378 74997 73392
72230 83101 73863
71129 83525 73607
84070 72311 69067
79772 75405 76451
71017 84160 70152
85167 68555 66542
69201 84457 70524
70214 84177 71235
80445 76687 72319
75185 81429 73333
74630 78763 78687
76147 72206 81690
74423 82841 68746
66552 79515 80256
80730 77138 67820
79138 73907 78417
70345 83169 75266
69588 80073 79587
72266 81812 76540
73150 83408 70179
84151 71833 69802
75139 74183 81600
77233 71504 81055
75491 81173 73369
71974 81010 77826
68658 80799 78963
69681 75779 82717
68309 73372 83771
77137 78615 76059
70767 83819 72499
78106 79853 69478
74587 71108 82586
75137 72440 82175
76067 79349 76391
76380 77687 78401
76294 79541 75669
76908 80555 71647
82555 74827 68154
83156 70433 73555
72706 77904 80663
82160 69077 75463
79361 78397 70368
71629 70880 83634
79462 78580 67196
64013 85181 67998
70615 81715 77579
69469 84446 70283
75235 82300 69893
80710 70213 77609
79446 77735 72607
76012 77511 78929
78047 77282 76806
70742 81942 77253
84951 69581 68330
78857 79061 69677
79748 76331 75041
81025 76651 69361
72330 74028 82876
67550 84910 68264
67529 82947 76078
85256 66393 65289
66432 79294 80453
84698 69673 69481
73204 80746 77363
79348 76943 74726
70694 81099 78291
80983 76830 67834
74262 82876 69949
73653 82781 72413
75138 77871 79291
69213 82941 76042
79324 78603 69416
72594 83264 72609
75325 70465 82293
83077 73615 70609
73439 76397 81329
77501 78154 76262
76517 74159 80718
68332 84085 73066
67153 81163 78678
78382 79473 70156
84207 70032 71033
69909 84569 67929
63997 85322 65349
65204 84793 70579
76305 70243 81816
74432 79742 77600
80349 77624 67367
70831 72924 83632
75108 81917 72126
68790 81300 78438
83017 74160 67787
70155 76707 82154
72334 82798 74527
84331 71851 68662
67464 82145 77573
70497 71849 83885
68130 70950 84111
76066 81265 71688
82399 74700 70293
74220 73724 82253
71279 77527 81336
73174 83459 68763
74537 77107 80341
67486 80716 79141
79580 71911 78770
78491 79522 68722
67876 70274 84122
80977 76880 66648
72284 79614 79249
75922 78759 77455
71266 84200 68345
77938 77023 77373
78368 74329 79076
79597 77408 72975
70389 84177 71032
70706 82584 76414
75168 82382 69669
70385 77509 81560
67285 72944 83859
83864 72355 70088
65562 84806 70425
63764 85204 67657
73423 82637 73271
65245 85156 67515
69720 74660 83260
71026 79383 79906
80221 76272 73926
72787 83056 73087
68016 81272 78521
78975 77019 75453
70641 84350 68724
83065 69742 73810
81789 75135 71738
82035 73618 73822
70004 84440 69441
83579 71518 71879
83157 72537 72194
83276 73644 69396
69176 84735 66750
73488 74010 82479
72143 73048 83225
76549 81058 71006
82975 69357 73999
78539 79491 68219
66388 78572 81042
79375 78276 70892
84918 70459 67256
77149 75801 79363
71284 79548 79674
79067 77872 73329
70482 84166 70994
83300 72905 71194
64193 85214 67286
78454 76267 77685
85257 66206 64790
82150 70806 75299
64536 84602 71653
80561 75796 74052
64170 84724 71047
72050 83052 74233
83681 73127 67229
68881 80487 79259
84155 69609 71244
72373 83350 72593
80454 70095 77932
80578 69257 77792
75674 74099 81312
72802 83619 68668
68805 81725 77980
80574 74537 75919
79498 75916 76303
67021 82527 76903
75707 82021 68027
66845 83347 75132
82687 72264 73716
81969 72159 75175
78981 75509 77633
72160 70875 83484
71475 75029 82763
69505 75480 82896
76833 77729 77931
80338 77568 68493
82169 75239 69216
76661 73085 81059
71567 76126 82219
71223 84152 69431
84881 70079 68444
83463 69911 72960
71044 70296 83787
84508 71648 67397
66764 78085 81412
68701 84786 68062
82648 74388 70115
79292 75750 76892
75519 79247 77173
82865 69000 74206
84206 72155 68656
68684 82556 76777
81148 76201 70889
73079 79950 78402
67116 81830 77977
67180 85039 67077
72968 78849 79711
73460 75374 81931
75354 75154 81009
78732 71089 79822
70244 74326 83302
69308 71890 83985
70922 84289 68640
70506 73590 83515
66692 84680 70784
78127 73346 79750
70999 70775 83795
72684 82346 75162
78920 79112 68440
82104 75391 68579
80065 77785 69395
71598 83419 73505
77874 80117 68429
77711 70842 80768
65240 84645 71377
79826 74619 77184
74315 82302 72669
83250 73706 69277
74899 77304 79954
71154 78333 80776
83635 71643 71647
63766 84915 70078
63572 85081 68826
69176 84315 71434
80711 77134 68318
70357 78853 80560
71344 81126 77973
71098 79044 80186
79649 73626 77954
68433 84142 72774
74958 82505 69711
74799 78853 78439
69389 78781 80750
77211 78016 76935
81282 76492 66972
79103 78954 67690
80873 74701 75139
74942 77619 79660
80583 71009 77624
