93941 94392 92891
86351 86117 100387
82171 99060 94991
97744 87590 89884
92089 100629 85746
86177 103863 82213
91961 100193 87330
89118 95977 96126
91744 98994 90256
89845 97770 94075
85775 97712 95715
96723 91549 90444
96895 93577 86932
93162 89992 96064
87933 88429 99477
95523 95942 88258
83173 100791 92797
88653 90056 98863
96014 94300 89302
92385 99301 88723
99433 85643 82306
90668 99932 89861
80631 98662 95522
95672 96378 85062
86817 97282 95877
89963 99828 90888
79674 85891 101695
80202 89520 100791
85301 90894 99656
93791 88965 95704
93194 99630 85888
79692 103692 87713
80873 92461 99607
82410 92668 99400
92920 98463 89524
94411 98305 83933
85063 89521 100126
95750 94797 89347
80643 99353 94763
83742 93267 98948
88598 102957 83409
80334 104781 84043
92299 98678 90045
95303 89015 94051
97957 90825 85915
81165 89532 100726
90867 98545 92091
99211 86866 80641
86376 99891 93157
96211 88286 92864
89947 96104 95491
98420 89698 83423
98870 85468 86844
92800 96797 92131
98332 89218 86275
84196 103806 85895
97690 91643 86041
96786 94042 83824
87733 103267 83849
94034 87983 95652
79339 105318 80096
88276 95603 96743
98237 89936 85498
93448 99513 83681
94410 94610 92052
96717 89579 91684
98378 89300 85839
85650 102031 90119
80571 103225 88851
81143 100724 93067
90093 87386 98635
92066 87128 97370
88576 92779 98079
89361 96475 95622
95006 96090 89305
83729 104560 81940
80538 85077 101694
84368 88660 100465
79995 105175 81735
78582 86338 101720
91600 93827 95742
95341 90498 93596
97300 85855 91085
87432 102009 88904
79795 102812 89707
97100 92634 88106
96502 94173 87865
97832 88661 89168
95109 97326 85164
84571 92352 99249
89255 99781 91687
86306 102325 88995
78577 82767 102086
93110 99861 84015
99771 84051 81670
96541 89264 92072
93907 98929 85026
92688 100261 84906
91042 92235 96991
88239 100766 90881
81186 104080 86480
96190 95201 86496
83260 97674 96192
94839 97626 86414
98419 89729 82823
95313 96852 86728
95605 91528 92645
89343 101207 88803
95467 92908 91876
97258 91593 88928
76014 80834 102236
91120 101693 82892
90576 101947 84765
84358 103099 88141
92352 100649 83442
85876 88419 100177
78404 105340 79302
80265 104267 85955
82207 100883 92782
95803 95918 86980
81476 97048 96914
83896 100619 92883
85165 85216 100789
94925 92879 92697
91202 99282 90422
89854 96659 95122
77690 86269 101754
84064 89898 100207
76949 81967 102178
95399 93818 91259
90883 95174 95458
89762 100446 89915
96033 87403 93180
85883 92901 98781
96180 93945 89319
90007 95829 95648
83391 103882 86132
85281 87459 100474
93082 87966 96553
87597 101549 89807
92066 90823 96695
82767 93500 98954
86666 103413 85255
97985 90662 86096
82684 90507 100245
81620 91558 99979
75477 80100 102243
81650 89854 100587
80595 104935 83281
85830 97051 96290
78705 82051 102115
82258 94617 98424
98400 88457 86878
96949 91553 89830
95503 96597 86069
91560 101371 83899
85521 101530 91016
98825 88107 83877
82930 97969 95979
86566 103195 86232
99529 83420 84360
93422 94554 93404
96007 95732 84241
90770 99105 91307
96216 89501 92560
84871 97191 96346
79819 84167 101877
88435 89908 98978
94001 90951 94925
87977 99809 92600
91404 95262 94927
90065 94774 96287
89185 90908 98460
85305 104122 82098
89138 91440 98311
80188 84865 101767
80548 89562 100756
84809 96705 96769
85119 84185 100876
99191 84105 86010
91137 101664 83807
81226 100490 93367
99084 87167 83233
97330 92737 83787
94163 98357 87006
94146 98275 87461
83607 82237 101322
87021 102518 87906
82283 103065 89045
86291 103744 83901
81363 104794 83620
91390 97332 93140
79544 103878 87213
91068 100658 87801
95180 97175 85898
91022 93818 96192
92877 97238 91455
83051 101290 92097
96462 91395 91206
91386 99785 89235
86443 91522 99182
94335 89356 95059
94013 98767 85570
86723 99661 93326
94898 97396 87301
81234 87744 101209
97071 92953 87497
81050 103195 88917
81178 88900 100915
94357 88555 95224
98270 88531 87553
89144 102481 85576
84856 98342 95299
86025 98046 95338
82284 98304 95728
95583 96217 87401
79268 86104 101705
95652 91760 92435
99789 82569 82891
80538 100425 93453
83197 102197 90627
91446 98124 92090
90719 91663 97419
96315 94423 88244
98616 88450 85288
90150 95226 95944
97380 89801 89871
80853 103448 88351
87892 95034 97202
98393 84319 88546
88868 97607 94925
79987 98073 96129
94073 96155 91013
84440 91522 99599
91668 99798 88781
96261 95162 85616
79349 82774 102028
84778 101955 90610
80402 90147 100577
86497 101004 91434
94688 90262 94439
99584 84428 83218
81084 90978 100229
87517 98853 93985
96196 94447 88638
90402 102097 83077
94741 92187 93424
93756 93147 94065
86693 102949 86944
92662 96014 93035
88666 101230 89521
93906 90386 95225
97372 87620 90862
83873 99178 94592
88532 102349 86952
81565 101172 92436
90584 93005 96927
95857 90190 92955
90394 86389 98479
88648 99100 93215
82781 87034 101060
96135 95331 86339
86867 98420 94721
94150 96596 90337
90478 91283 97661
87100 88291 99829
79568 97448 96701
88702 92664 98069
98084 86952 89076
83163 103574 87267
82493 85993 101262
89825 102374 84181
84844 97736 95878
90739 94354 96103
80132 93707 99023
86880 102296 88606
84414 87305 100695
94103 91918 94406
79307 105147 81989
87553 92986 98338
84018 103566 86854
88853 94397 97180
85579 103880 84401
78101 85952 101799
89999 92194 97600
89874 100740 89202
93750 99146 84061
83511 90912 99989
96425 94833 85407
82259 103632 87448
96696 93548 88259
81172 86888 101359
82262 103876 86719
87437 97609 95413
89207 98411 93771
79581 87530 101418
97377 92264 87038
77087 82333 102157
97620 88239 90003
85547 104054 81918
81473 99294 94803
88550 102456 86530
85833 92279 99036
86644 100582 92030
83108 89706 100432
84858 89641 100131
81775 105023 80930
84940 86520 100679
92585 97276 91815
95673 87253 93660
90784 101063 87279
82621 91185 100022
93597 99234 85746
98025 90153 86796
82821 104706 82711
81286 93710 99006
82947 94343 98488
86490 90990 99331
90154 96780 94781
91003 97616 93180
80330 105159 81744
89165 86089 99177
83938 94432 98316
79823 97644 96521
89559 91566 98075
96881 93755 86104
82287 90997 100122
92703 97357 91547
98578 86173 87713
90517 88199 98276
98146 90596 83424
95211 96771 87717
93208 92689 94915
95650 96280 86420
94585 97843 87177
92779 87480 96829
80479 91234 100148
88924 100806 90128
86105 98849 94431
91952 92083 96329
82254 86067 101299
96947 92435 89024
87789 91840 98696
91952 99934 88008
88151 88577 99362
93714 94427 93156
88348 90108 98968
87958 98539 94185
94355 93588 92977
95460 96535 87079
81348 105086 80355
82529 98926 95077
80045 105232 80406
92008 100970 83734
98327 86454 88441
93707 98999 86309
99549 83327 84272
86112 91561 99245
84407 99000 94672
91871 95447 94330
83970 104187 84560
87044 87051 100055
92373 96917 92504
80428 85648 101638
83026 96743 96988
96594 93705 88453
80624 98179 96002
80994 86014 101513
83057 92611 99349
79911 102347 90583
80513 103915 87064
89257 102532 85128
89126 102374 85998
82530 95810 97735
77520 83749 102057
99386 85398 83518
99649 84703 81179
94783 97777 85692
86502 92374 98845
98030 85685 89447
86261 103656 84573
83114 91402 99866
88059 92993 98177
78134 82999 102088
92644 87598 96931
91156 86858 97989
84596 94454 98222
90556 99638 90574
81799 92626 99488
97395 89031 90315
92124 93457 95503
90685 99393 90887
83419 88840 100601
80799 82326 101883
95261 95752 89185
77670 84811 101953
85081 100167 93195
88806 101033 89796
95829 90915 92625
97096 87608 91413
82370 93869 98818
86985 103474 84448
94955 94742 91069
93490 96643 91350
91390 100211 88344
87248 95988 96772
96456 94715 86093
91089 91703 97140
90094 97251 94390
86285 88681 100007
78880 105210 81414
95850 95994 85413
90326 101534 86710
83826 95180 97922
78840 105335 79511
92391 98396 90447
78521 83722 102013
81697 99163 94928
96614 92039 90225
82919 91942 99661
95113 86304 94405
87864 100960 90778
90312 99629 90877
95815 96051 85525
82339 104317 85220
98553 88528 85712
79800 87515 101411
96552 93391 89003
85044 97489 96056
85278 96114 97116
87133 102335 88299
96445 87461 92603
77811 84943 101933
95469 96719 85336
84028 98959 94796
90855 100041 89398
92839 89420 96492
79789 82100 102009
81986 99058 95011
85422 103703 85353
81598 84677 101583
91497 97979 92249
88871 102843 83440
94311 97129 89343
82835 95091 98094
91919 93006 95964
90228 100962 88274
78899 85478 101822
97265 88628 90810
85205 98523 95023
84334 82735 101131
97418 92436 85666
95314 96401 88095
84483 100216 93280
91197 97071 93654
97778 86411 90045
81905 97126 96825
93753 99045 85814
82900 90467 100231
85901 103190 86919
77509 81116 102181
83588 96718 96932
91273 101029 86334
80781 97265 96788
97769 89328 88965
87334 102039 88907
83850 90386 100111
96019 94569 88945
95958 93716 90128
86212 95631 97249
84447 101101 92069
80013 104503 85134
89940 102328 83931
94532 98151 84709
84105 102584 89679
99016 85214 86321
85153 90137 99938
83763 85338 101097
79689 98815 95382
84356 95413 97693
90279 86692 98547
92662 97717 91139
96143 95172 87348
98235 84460 88943
83412 102691 89665
93960 95722 91674
94726 97406 88124
98779 86971 86254
98358 89729 84753
93871 98871 86058
84815 101366 91561
93274 98685 88596
92078 100885 84947
95312 93562 91613
89658 97007 94960
86211 103229 86500
91340 89240 97637
91636 101315 83780
84273 103901 85500
80913 83966 101754
93628 86838 96081
93189 99307 87053
84781 91108 99703
91998 98229 91243
79848 104137 86428
84343 83326 101120
95799 88228 93441
99559 85183 81544
90341 101996 85069
80273 87631 101348
96888 90079 91195
79194 87473 101445
83060 99358 94538
84173 96729 96842
82993 89324 100560
94339 96123 90575
82265 83386 101580
90596 101019 87685
88769 95796 96402
95779 95761 87708
84465 102483 89807
95964 93528 90316
97349 92685 84834
88666 91942 98349
91173 94907 95415
85071 96944 96524
84704 99442 94116
95570 94456 90183
89528 95263 96327
97847 87885 89519
92921 95534 93163
85302 104126 81744
94227 98473 85924
82848 102780 89573
81577 97915 96181
93060 91800 95499
81939 103627 87582
89621 88402 98759
76420 80621 102226
84250 85020 101016
88275 93018 98082
86465 89491 99768
96855 87346 91928
80542 84167 101787
83132 99716 94131
82740 88448 100808
82409 101579 91751
80279 89559 100774
87215 91897 98838
87738 103021 85550
94323 97802 88266
86419 103795 82033
81985 104095 86148
81421 92506 99575
82048 84569 101517
91203 101288 85670
98225 86973 88624
98066 85983 89347
86041 87168 100330
82854 86737 101095
91239 96291 94286
85229 102605 89026
98337 87367 88106
89481 100351 90419
88130 101085 90324
81011 94391 98693
79515 88155 101263
99551 83110 84300
98469 85859 88141
94420 95936 90649
98522 87805 86955
88743 101840 88118
96379 86206 92704
96113 94908 88098
82893 97229 96614
86779 84928 100358
83054 100245 93500
92376 91546 96184
92815 94302 94242
81458 84354 101638
89657 91242 98122
86762 96325 96683
83854 103214 88050
87052 103580 82822
97795 91536 83184
77214 82899 102119
98393 89728 83905
89115 94636 96935
85060 104194 81924
81528 88573 100980
93445 97945 89541
96890 88608 91635
97261 92698 86838
81415 102316 90599
87102 98858 94137
85864 90044 99781
94038 95260 92009
84929 100668 92567
89869 89349 98441
77707 82516 102144
99913 81699 82165
100118 81444 79890
98221 88182 88169
91933 96620 93280
89437 98933 92891
95042 90624 93917
97192 93079 83766
85198 83029 100902
83308 90245 100244
89344 93335 97501
87054 103554 83228
85996 86928 100378
82084 99714 94282
96936 93691 85173
79845 103983 86899
80694 97970 96189
90722 87061 98267
99240 84911 85343
88477 100855 90493
88631 86284 99471
90808 86274 98229
94180 92610 93920
87981 86167 99800
94816 97746 85231
85480 104012 83433
85280 103137 87553
89555 99642 91674
93690 98917 86764
96705 93832 87591
94056 93714 93298
83661 97035 96665
82795 102131 90790
93215 99697 85064
87595 102489 87517
79903 105222 81169
99316 84473 85127
90610 92614 97079
82319 104582 84236
94778 88069 94765
86794 92879 98572
95702 85990 93632
79423 105010 82911
95262 86974 94206
82351 104774 83031
84025 104430 82735
81769 104426 85090
89174 92998 97731
81186 102935 89443
79817 95638 97965
79941 86506 101586
95816 92243 91774
87337 102913 86409
85148 103643 85817
85710 89857 99876
83869 98111 95712
89611 97259 94767
80125 99620 94470
93413 96079 92052
80011 103782 87471
98088 89734 87082
85197 101359 91440
97337 92239 87403
97710 90453 88225
96279 91705 91325
88997 84986 99273
83480 100969 92482
79527 105327 78619
90305 93723 96718
89018 96106 96086
97587 87063 90429
97874 90537 87122
92771 96287 92648
85174 104075 83612
85984 85935 100515
93537 97314 90416
98662 84795 87727
84515 87949 100559
81355 96432 97391
81481 89105 100831
78455 86494 101703
91142 97993 92574
97414 91020 88864
86725 103685 82799
79739 90292 100568
80469 98398 95798
98781 88482 82512
96553 90565 91590
95697 93562 90890
97823 91375 85476
81574 82739 101756
98819 88345 82750
95921 95251 88151
91693 98620 91022
97550 91915 86571
84556 103705 86023
80942 100895 92845
92488 97836 91231
85221 96614 96770
97576 85867 90534
99235 85952 84145
79363 83818 101947
78818 84158 101952
83371 103095 88601
91075 94379 95835
86565 88157 100014
92304 89631 96856
94871 91782 93492
89084 98510 93727
96351 90011 92183
92008 96709 93116
79794 91769 99929
83270 83709 101355
97754 91624 84644
91036 99989 89272
90242 100797 88613
89870 101585 87260
98714 86262 87178
84830 102875 88525
97496 91837 87183
98473 87456 87571
87836 90957 98950
97814 86709 89945
99014 87672 82157
93855 91310 94937
90114 101738 86489
99106 87244 82213
88504 91430 98578
86321 90097 99642
88148 100555 91300
99038 85890 85742
95207 92483 92581
99369 86155 80856
83751 83181 101271
88483 103003 83659
98841 88173 83347
84172 83457 101154
81643 90461 100377
79388 83357 101985
98877 86730 85883
88228 87950 99426
81351 104446 85186
83781 102413 90103
98522 88102 86549
98059 86409 89280
78668 83096 102056
94996 96746 88436
79224 86965 101572
99921 83218 80640
95471 86381 93935
90335 99145 91734
81535 103833 87120
88504 102985 84026
97424 91864 87665
80813 104098 86482
80233 105241 78929
86496 100435 92309
99831 82172 82655
87024 96564 96438
98691 88676 83661
82373 99609 94365
94511 98068 86446
86927 90358 99395
91089 101686 84044
95309 94964 90141
85630 97298 96112
87066 84853 100239
81367 97718 96369
80726 99819 94233
83887 101934 90957
85547 102968 87847
93388 91260 95411
85916 101700 90557
94745 95936 90067
96209 86671 92962
98505 89438 82685
99303 86451 81573
85121 104132 83043
81535 104639 84338
91357 90233 97415
81618 82376 101749
80270 96422 97453
90495 96395 94835
96418 94900 84444
81930 100343 93514
93008 99925 84963
94187 90960 94730
80815 91250 100134
81547 103178 88898
99058 86358 85074
88143 94173 97567
91980 87915 97408
98971 87078 84622
79740 99199 94962
88026 97233 95542
84476 83079 101092
88986 102797 83190
81344 85835 101489
82196 104047 86220
87908 102010 88518
87836 91308 98845
97263 87098 91125
99209 86872 81082
87573 93858 97894
83736 89640 100338
96577 90921 91291
95837 94422 89609
98696 86817 86913
92348 94117 94839
81683 102918 89424
85341 104108 82246
99865 82941 82105
83094 82563 101452
83404 104547 83294
85772 90161 99771
87232 89696 99476
80923 101917 91296
87110 101684 89868
80173 83469 101897
90475 96157 95052
93275 95296 92956
84378 103465 86982
95063 94343 91305
92563 95082 93917
87020 100901 91352
98860 86008 86655
86489 93960 98155
77406 85230 101908
94576 89249 94814
87296 103486 83048
94518 86888 95093
92514 91142 96229
94152 89666 95178
