49365 77635 6054
60337 74663 6247
73551 63449 7143
58016 73984 6861
67845 62155 7461
42861 78139 5497
72109 59891 7353
60511 73489 6794
70297 63703 7350
56988 75012 6683
68306 65694 7340
78482 56518 6897
76753 62247 6556
63936 64064 7499
64333 72667 6575
67424 70576 6764
64220 64780 7481
72655 61345 7319
82712 47288 5972
68419 69581 6867
79057 57943 6630
81598 52402 6299
54452 76548 6180
57305 75695 6201
63685 66315 7442
48608 77392 6227
70438 60562 7405
69196 69804 6463
64989 62011 7508
67279 66721 7321
56004 73996 6911
62648 73352 6584
51872 77128 6226
66145 62855 7490
75825 57175 7170
54438 76562 6163
79443 56557 6674
48775 77225 6314
81844 52156 6082
61210 71790 7079
77472 59528 6888
55831 75169 6716
74692 59308 7229
70157 61843 7402
54114 74886 6792
79794 56206 6601
77499 55501 7038
52006 76994 6307
77380 57620 7018
81226 53774 6303
56777 73223 7003
78933 59067 6331
52745 76255 6539
54006 73994 6914
75113 60887 7159
61608 69392 7307
59953 69047 7335
54328 76672 6012
62632 64368 7502
77887 56113 6987
60468 72532 6996
70686 67314 6998
59694 74306 6650
67558 65442 7381
80387 51613 6671
55847 76153 6179
43877 78123 5489
77854 59146 6838
48332 77668 6058
56598 74402 6842
71788 63212 7299
53827 76173 6526
43886 78114 5621
43877 78123 5539
74060 61940 7208
72260 65740 7025
58789 75211 6182
59486 73514 6865
82833 44167 5774
52784 75216 6742
60102 67898 7396
65829 65171 7440
62246 70754 7165
80344 55656 6470
48224 77776 5974
45920 78080 5694
57278 74722 6742
81719 52281 6213
59545 72455 7050
58488 71512 7168
75456 57544 7193
56651 75349 6590
78347 58653 6766
57726 73274 6986
75933 62067 6921
68781 63219 7420
80172 56828 6234
73789 63211 7138
61680 73320 6729
53747 75253 6734
47235 77765 6001
70087 65913 7226
78417 59583 6514
63650 73350 6262
50872 77128 6318
58276 70724 7228
50390 77610 5941
61798 68202 7374
78645 55355 6905
63373 72627 6729
53401 75599 6677
51633 77367 6023
49936 77064 6361
75615 63385 6735
63789 68211 7343
61914 74086 6262
59308 69692 7295
73990 61010 7248
55313 72687 7064
48111 77889 5818
58776 75224 6139
66927 70073 6948
59390 72610 7033
50665 76335 6541
80097 56903 6287
72316 62684 7293
54789 75211 6729
79298 55702 6770
80460 52540 6645
65783 69217 7172
57466 75534 6337
64331 71669 6870
63763 64237 7497
81815 52185 6128
80858 55142 6254
80619 52381 6613
79426 57574 6542
58888 74112 6776
55619 75381 6672
68941 70059 6329
70938 66062 7149
53336 74664 6824
75149 59851 7199
55623 74377 6857
71938 61062 7352
65503 70497 6999
63045 71955 6929
60630 66370 7463
79144 52856 6857
81445 52555 6356
59673 70327 7253
67526 63474 7446
82250 49750 6199
62548 70452 7184
45969 78031 5790
58256 72744 7045
68860 68140 7087
55313 75687 6597
57182 71818 7145
78427 54573 6947
62501 69499 7277
67730 68270 7154
63690 73310 6329
58377 73623 6909
82439 49561 6016
80805 54195 6464
57568 75432 6396
78099 55901 6965
55963 75037 6742
81996 49004 6323
81107 51893 6514
54317 75683 6644
78629 53371 6925
57279 75721 6141
56564 75436 6561
59764 72236 7073
65401 65599 7435
71734 64266 7242
76889 62111 6519
69441 68559 6944
73642 59358 7288
73932 65068 6420
48107 77893 5804
68705 64295 7391
74567 63433 6992
77101 58899 7005
67657 70343 6792
67467 64533 7420
66414 69586 7073
79879 53121 6750
79086 58914 6202
57446 73554 6953
80168 56832 6245
61303 73697 6657
55135 74865 6786
66868 66132 7369
61854 70146 7240
77993 57007 6954
64797 63203 7503
81318 51682 6469
65579 71421 6790
48139 77861 5896
59451 73549 6860
65213 68787 7238
59123 74877 6446
69291 61709 7429
68690 65310 7346
74510 62490 7122
51894 76106 6586
73966 62034 7210
50822 76178 6573
52798 76202 6552
56234 71766 7151
77289 61711 6382
62211 73789 6430
80527 53473 6592
71410 64590 7244
42859 78141 5426
65673 68327 7258
71898 67102 6807
73879 59121 7276
67620 67380 7247
67011 68989 7115
61930 67070 7431
67962 69038 7028
48153 77847 5909
81430 53570 6170
74407 60593 7231
47007 77993 5785
66348 64652 7446
61466 70534 7215
69439 67561 7114
72258 64742 7158
56047 75953 6334
71361 66639 7015
65767 71233 6815
51714 77286 6126
78779 58221 6693
57631 70369 7253
76289 57711 7137
63748 71252 7009
66808 68192 7219
55156 73844 6933
70201 64799 7306
60028 73972 6719
60535 65465 7486
62091 65909 7472
63022 65978 7461
75985 63015 6683
73137 64863 7028
56824 73176 7008
66586 70414 6914
76424 56576 7132
62010 73990 6333
51617 77383 5938
54073 75927 6587
48586 77414 6215
76704 61296 6860
74766 58234 7230
81806 52194 6138
81400 51600 6451
49835 77165 6321
70556 66444 7146
82368 48632 6202
72793 64207 7153
55778 76222 6062
53114 76886 6199
68255 62745 7442
55031 73969 6917
64234 68766 7282
61870 72130 6981
65092 70908 6959
82505 47495 6149
73378 65622 6828
54783 73217 7005
82609 48391 5982
59504 71496 7164
78604 59396 6461
79619 55381 6715
63646 73354 6254
80461 53539 6606
65186 69814 7131
77624 56376 7014
52253 76747 6392
81572 50428 6446
63990 73010 6494
68197 60803 7460
62505 72495 6865
53143 75857 6627
55981 73019 7027
82823 45177 5739
61875 67125 7429
73858 64142 7012
73629 65371 6820
82615 47385 6070
53373 76627 6347
66132 71868 6537
54665 76335 6350
76426 61574 6883
67942 65058 7387
70815 64185 7307
54904 75096 6749
49248 77752 5897
71184 66816 7011
64655 66345 7424
57381 74619 6761
56998 74002 6895
75464 61536 7083
81069 53931 6376
79851 57149 6406
46048 77952 5862
80825 55175 6284
50397 77603 5984
54460 75540 6670
64980 67020 7383
67242 69758 6976
82364 47636 6214
63140 69860 7220
55184 75816 6557
82509 48491 6137
58129 74871 6614
75850 60150 7115
49283 77717 5971
60677 71323 7157
64564 71436 6898
58772 75228 6107
59134 69866 7284
61274 68726 7349
64853 61147 7511
69509 62491 7412
50588 77412 6153
62118 73882 6394
80883 55117 6190
61172 73828 6622
52215 75785 6651
79948 54052 6705
81700 51300 6375
75078 62922 6973
66455 63545 7471
60886 74114 6541
63078 66922 7424
68401 61599 7454
53043 76957 6137
66256 70744 6877
58901 72099 7108
69131 66869 7207
53881 74119 6898
68822 66178 7279
58079 71921 7132
60297 70703 7222
70292 62708 7380
80544 55456 6407
48938 77062 6369
68288 68712 7050
68587 62413 7440
62309 62691 7522
72925 61075 7309
72481 63519 7233
57717 72283 7099
58064 69936 7280
78513 57487 6838
65236 64764 7467
62602 65398 7482
57293 75707 6185
57923 71077 7203
61958 74042 6296
59409 74591 6560
69715 69285 6588
60436 74564 6322
81671 52329 6248
59467 74533 6581
68892 69108 6908
41856 78144 5330
79011 56989 6759
64120 67880 7356
51385 76615 6474
55919 72081 7123
59142 71858 7131
62767 68233 7361
65927 72073 6446
82421 49579 6066
72554 66446 6825
62208 63792 7515
64327 63673 7502
82606 48394 6012
63171 62829 7520
71583 66417 7018
58619 74381 6732
64451 69549 7197
64983 72017 6703
58438 74562 6702
73068 61932 7275
81424 51576 6445
61004 70996 7182
76437 58563 7106
82587 48413 6062
60092 72908 6946
82655 46345 6044
56028 72972 7032
63434 70566 7138
61350 72650 6914
66679 67321 7300
57407 75593 6293
52960 77040 6045
64049 61951 7518
58027 74973 6579
67704 70296 6797
66559 69441 7084
58926 73074 6978
69997 68003 6975
64016 71984 6825
59486 68514 7365
73214 59786 7306
70783 65217 7239
51668 77332 6079
82551 47449 6118
80102 54898 6621
72561 60439 7331
78105 59895 6597
59014 74986 6402
78328 54672 6958
79533 55467 6731
54544 76456 6258
62899 73101 6642
73507 60493 7287
79650 54350 6757
69004 69996 6374
82805 46195 5924
63961 69039 7269
81145 53855 6343
64936 64064 7488
50450 77550 6034
58725 73275 6953
82368 49632 6112
77941 60059 6638
78922 56078 6829
59906 71094 7194
58806 75194 6205
65144 67856 7320
66119 65881 7405
67518 62482 7464
62986 68014 7371
80684 55316 6349
65834 64166 7470
56851 72149 7115
67239 70761 6736
82725 47275 5930
64532 70468 7086
79851 52149 6757
57706 75294 6466
66847 65153 7417
56230 75770 6429
49637 77363 6241
54430 74570 6836
79044 54956 6849
61858 65142 7492
62872 73128 6637
79116 58884 6134
79148 53852 6855
64048 66952 7406
49445 77555 6116
71438 60562 7372
55035 75965 6498
48376 77624 6088
63439 61561 7524
81005 53995 6401
61174 72826 6890
64970 69030 7227
70921 62079 7372
68922 62078 7436
59833 74167 6682
82210 50790 6023
66560 71440 6621
56507 71493 7172
77908 58092 6916
64392 65608 7455
76869 57131 7085
47164 77836 5942
62363 71637 7035
64902 72098 6688
53025 76975 6121
47272 77728 6030
70330 68670 6691
67571 69429 7000
61650 62350 7524
66780 61220 7486
82062 49938 6294
55723 73277 6998
58202 71798 7143
68057 69943 6834
80696 53304 6556
58765 75235 6050
59120 70880 7216
75484 62516 6953
61889 74111 6182
78692 54308 6914
82854 43146 5661
77309 60691 6782
75919 59081 7145
77973 55027 6996
62238 69762 7262
49225 77775 5791
63119 70881 7110
73851 58149 7278
80177 52823 6698
62666 66334 7455
79057 58943 6241
71234 62766 7343
82203 49797 6229
69548 60452 7430
44897 78103 5651
69318 69682 6499
77148 61852 6447
78530 53470 6936
47024 77976 5813
56365 75635 6486
44924 78076 5746
58885 75115 6297
81315 53685 6255
65818 70182 7027
78772 53228 6909
67161 61839 7476
60059 68941 7341
72964 63036 7227
56879 75121 6656
76478 60522 7005
54360 73640 6957
75050 63950 6769
82009 50991 6207
70439 61561 7396
53576 76424 6434
55911 76089 6251
67959 70041 6824
52357 76643 6426
57259 75741 6057
53234 76766 6279
60708 74292 6466
76683 60317 6984
76471 62529 6610
63772 73228 6383
60303 74697 6141
81835 50165 6370
81148 52852 6457
65678 61322 7501
49590 77410 6216
71055 67945 6774
66000 67000 7352
81856 52144 6057
56820 72180 7112
82344 48656 6213
50393 77607 5970
52513 76487 6475
69908 63092 7383
70890 63110 7346
71314 67686 6787
61525 71475 7107
69947 60053 7420
71324 61676 7365
71408 63592 7303
63701 71299 7004
54844 74156 6892
77249 59751 6916
69070 69930 6408
50332 76668 6464
73407 59593 7298
76368 59632 7076
65785 72215 6338
78022 58978 6815
81841 51159 6310
