55260 65740 5517
48626 67374 5990
44551 68449 5705
57118 60882 6376
58825 57175 6381
67356 51644 5290
49290 67710 5883
54534 65466 6060
65233 53767 5891
54035 61965 6431
60922 58078 6254
52895 64105 6332
57139 56861 6428
61449 59551 6174
56848 64152 6099
57566 63434 6157
54931 63069 6349
58294 61706 6290
68229 43771 4943
63647 59353 5776
63503 58497 5997
51439 65561 6229
67861 47139 5279
45220 68780 5590
56046 64954 5999
66909 53091 5380
58742 61258 6288
57790 61210 6337
57833 59167 6387
56073 60927 6409
65520 56480 5680
54415 60585 6453
51868 57132 6520
53831 66169 5913
50865 61135 6473
67952 47048 5232
54565 59435 6468
57050 57950 6426
63440 59560 5803
55511 57489 6463
67675 50325 5225
59557 59443 6307
61148 61852 5912
57418 57582 6418
54171 57829 6488
58850 62150 6214
50200 67800 5649
64217 52783 6016
56653 60347 6404
51748 65252 6257
64201 57799 5919
50893 66107 6176
65530 56470 5593
65124 54876 5898
63881 55119 6048
52440 56560 6516
56365 62635 6323
56005 55995 6455
65973 55027 5688
66607 53393 5571
66193 53807 5699
65050 56950 5809
65322 56678 5745
46315 68685 5471
51372 59628 6499
55180 64820 6134
62456 58544 6119
57423 64577 5739
66348 54652 5485
66474 51526 5697
67106 50894 5529
57161 59839 6399
64980 56020 5878
62051 60949 5924
50389 67611 5756
46319 68681 5562
52330 60670 6481
60988 59012 6225
64444 56556 5942
57529 64471 5811
60500 57500 6290
64648 57352 5867
67837 48163 5272
52230 63770 6371
59636 60364 6271
67848 49152 5234
66812 53188 5470
67371 48629 5452
53126 63874 6345
57413 60587 6373
59924 58076 6313
67615 50385 5312
53377 66623 5616
47348 67652 5930
53255 65745 6115
60334 59666 6251
53503 66497 5751
44012 68988 5485
68209 44791 5026
64788 54212 5951
56802 59198 6422
56329 56671 6447
66801 52199 5598
51771 56229 6521
57943 59057 6385
67218 51782 5429
60300 60700 6214
65928 54072 5760
52054 66946 5856
50874 56126 6523
53923 63077 6384
62993 60007 5855
53672 59328 6484
50592 64408 6333
61034 60966 6118
48865 67135 6035
63709 56291 6044
54781 58219 6474
52630 63370 6394
54576 62424 6403
63876 59124 5708
51087 57913 6514
52627 57373 6513
60157 55843 6323
51784 60216 6490
57951 64049 5943
68059 45941 5168
48781 68219 5569
52087 58913 6505
63109 59891 5843
52597 60403 6484
46137 67863 5880
64855 57145 5840
55348 65652 5717
51934 67066 5796
53100 59900 6488
50314 66686 6104
52583 63417 6392
55588 64412 6165
52855 59145 6499
54572 56428 6483
51541 62459 6440
55368 59632 6448
66916 53084 5338
57622 64378 5860
67979 46021 5218
63500 54500 6087
50888 67112 5959
61291 56709 6254
51759 63241 6407
67866 49134 5188
53127 65873 6097
61291 60709 6113
66935 50065 5587
57717 57283 6411
58660 59340 6355
55294 65706 5644
67240 48760 5493
54122 65878 5988
53749 60251 6473
67536 47464 5400
53594 66406 5827
58914 58086 6363
60880 55120 6285
66976 52024 5545
60479 55521 6307
55568 60432 6432
66374 53626 5651
47610 68390 5683
68162 45838 4997
60293 62707 5849
57854 58146 6403
57814 56186 6412
68102 46898 5098
67716 47284 5339
59902 63098 5763
54385 61615 6433
57797 63203 6170
65440 55560 5823
50545 67455 5844
45937 68063 5827
57439 61561 6338
51361 60639 6483
52009 56991 6520
59734 57266 6333
55999 59001 6442
54365 59635 6470
66270 54730 5564
61790 57210 6213
48201 67799 5882
52525 66475 5994
51627 66373 6091
51761 66239 6113
51760 67240 5690
56032 61968 6375
50912 65088 6284
57498 62502 6277
58318 63682 5998
57316 60684 6374
57626 56374 6417
59423 60577 6277
67361 51639 5238
66356 54644 5451
62023 59977 6089
61877 58123 6182
55512 65488 5830
41969 69031 5394
46497 68503 5682
51698 67302 5625
57772 62228 6286
56420 63580 6224
40968 69032 5316
66681 50319 5651
65526 54474 5840
58974 63026 6064
68099 46901 5118
46897 68103 5807
54689 63311 6341
52650 65350 6212
52088 60912 6477
52340 65660 6185
49732 66268 6169
64880 53120 5940
60590 58410 6269
66844 51156 5606
49101 66899 6077
58859 60141 6327
54073 65927 5976
53993 60007 6472
66817 53183 5466
53327 60673 6471
51981 60019 6492
52397 61603 6462
51614 64386 6332
51294 63706 6381
56123 62877 6315
42977 69023 5372
62440 60560 5899
57701 64299 5890
55701 65299 5940
67025 50975 5558
54960 57040 6475
55326 63674 6276
53388 66612 5654
67746 48254 5319
50356 65644 6232
54028 63972 6305
58213 58787 6380
47540 67460 5979
56798 62202 6332
51065 59935 6495
67996 47004 5199
47807 67193 6027
47688 68312 5727
55004 60996 6433
65811 52189 5807
60953 62047 5904
46347 68653 5585
52087 63913 6362
62045 55955 6204
54078 64922 6208
59354 59646 6313
47523 68477 5576
53592 58408 6493
52041 65959 6149
50180 66820 6082
59675 61325 6222
57392 64608 5694
68000 48000 5104
65884 53116 5793
48938 68062 5712
64212 55788 5997
57345 64655 5602
59197 58803 6339
52682 62318 6435
49482 67518 5932
62739 56261 6145
55573 61427 6410
68144 45856 5097
52187 59813 6494
67576 49424 5379
62282 54718 6187
56291 64709 6032
61061 55939 6274
55091 64909 6127
52397 64603 6303
52714 59286 6499
62747 57253 6122
66440 52560 5689
59998 63002 5793
53526 57474 6501
49913 67087 6034
61744 59256 6159
63398 57602 6050
53206 62794 6410
47970 68030 5813
62561 59439 6066
54376 65624 6040
52275 66725 5941
64003 58997 5656
