28375 35625 3313
33463 29537 3749
30588 35412 3268
32621 32379 3643
29314 35686 3290
33090 27910 3763
32226 34774 3292
30321 33679 3562
39440 27560 3583
36908 28092 3716
34061 33939 3321
36948 32052 3384
35231 32769 3516
36683 31317 3583
42301 25699 3080
33953 34047 3258
35513 28487 3750
38848 26152 3646
34361 27639 3762
37898 28102 3675
43482 20518 3087
41585 24415 3428
31568 34432 3490
32563 33437 3566
40526 24474 3533
35148 30852 3693
29752 35248 3385
30857 34143 3526
43225 21775 3183
29633 35367 3361
36665 28335 3722
29299 35701 3181
39705 29295 3395
32825 33175 3585
32280 31720 3682
43335 20665 3152
32530 29470 3751
31177 33823 3551
36361 29639 3700
34644 30356 3724
43199 22801 3150
30515 34485 3496
38158 30842 3456
37339 29661 3645
42849 22151 3255
34402 30598 3720
33975 32025 3655
37793 27207 3689
43094 22906 3190
34691 31309 3682
36395 30605 3654
38374 30626 3455
42221 23779 3347
34702 29298 3746
33662 32338 3638
40269 26731 3524
39464 26536 3606
40974 28026 3183
37273 31727 3423
40721 25279 3514
37169 28831 3691
43272 22728 3026
42363 24637 3264
37569 29431 3642
32094 34906 3206
43495 21505 2964
32730 31270 3705
34621 28379 3758
39743 28257 3498
43490 21510 3029
43072 21928 3217
43268 22732 3087
42750 24250 3194
37783 30217 3585
28472 35528 3333
33096 33904 3503
34879 29121 3747
33393 29607 3748
33265 30735 3724
33929 34071 3207
38944 28056 3608
41114 25886 3448
37781 31219 3451
41772 25228 3352
38572 30428 3450
38968 27032 3631
42056 24944 3310
32893 32107 3659
34742 33258 3460
34259 31741 3666
35833 31167 3646
42187 25813 3149
38783 27217 3639
36598 32402 3310
43568 20432 3008
40380 28620 3329
31501 33499 3574
33063 29937 3742
34373 32627 3602
41479 26521 3307
39811 26189 3588
30587 33413 3581
31210 34790 3435
39936 28064 3484
33779 33221 3562
42576 23424 3300
40537 27463 3440
30903 35097 3378
32839 32161 3656
34096 28904 3758
34314 30686 3718
42111 22889 3368
41702 26298 3275
32279 28721 3759
38352 29648 3564
37930 31070 3456
35470 29530 3728
42273 25727 3120
35088 27912 3756
31742 33258 3590
35942 32058 3556
28101 35899 3170
42299 25701 3083
43406 21594 3118
32691 34309 3443
30730 35270 3322
36019 31981 3559
30348 32652 3628
32428 34572 3374
34400 33600 3398
34087 29913 3742
32693 30307 3735
33206 31794 3676
33857 31143 3707
27172 35828 3255
42923 24077 3134
31861 32139 3659
42837 22163 3257
33092 30908 3720
36815 32185 3366
38633 29367 3553
39989 27011 3548
