59902 52323 48080
55881 55289 47055
61716 48170 50150
57173 54112 48964
49692 44532 56788
49203 51647 54617
58808 52396 50242
60800 49450 50710
51303 50991 54886
57410 50754 52929
50595 45050 56619
57812 51024 52530
51001 56682 48536
58121 47192 53446
63685 45564 45307
53882 50343 54664
48375 46282 56683
53851 48130 55470
50152 54032 52740
50028 57334 47122
50304 56597 48853
48639 49534 55688
61062 51058 47812
55854 52585 52373
49482 48017 56176
56452 55046 46538
61050 50135 49795
55387 53917 51207
63916 43544 45064
49303 57803 44283
48880 57732 46254
53123 55594 49945
48941 44123 56903
50372 46487 56478
61119 48380 50800
53596 55990 48547
54155 51350 54058
58043 48950 53292
55192 54463 50452
62991 47233 47902
59423 51537 50596
51477 46202 56361
60199 49866 51157
52478 53717 52718
55590 47015 54933
57991 52087 51495
62237 46387 49672
49077 49951 55505
57738 54125 47896
50969 55139 51242
49397 49474 55679
54930 55448 48471
63292 47313 46044
51177 47760 56113
52788 46344 56028
48737 57532 47201
62295 48874 48455
60330 50577 50465
61904 50022 47532
58167 53270 49579
51038 50200 55271
53180 56547 46409
49673 57141 47852
51379 46751 56311
58513 53456 48504
50469 50482 55213
63306 44881 47828
49819 57117 47869
61382 49988 49216
48527 55067 51472
63898 43458 45510
60032 52389 46509
53010 56435 47627
47425 45495 56874
63007 46685 48143
48408 43223 57002
51570 56340 49082
56315 49929 53945
51119 50290 55220
54460 52355 53225
61590 46107 50574
48401 44794 56908
52794 47182 55908
58753 51958 50940
51611 54199 52403
59228 49764 52109
59609 52669 47909
51984 56961 46519
54931 53475 52039
48255 57960 45306
56784 54877 45949
52693 49666 55208
51470 44668 56473
52437 52864 53538
54204 49566 54890
61554 50632 46545
56784 53455 50835
63525 46454 44962
60798 47315 51294
63198 47272 47034
63146 45967 48125
57311 53521 50181
57374 53460 50225
63938 43091 44027
55775 53783 51135
49972 45139 56713
53392 55199 50457
56619 54793 47673
51660 44200 56445
53117 51854 54100
51559 51092 54794
50885 52064 54319
49050 57166 47926
44365 58244 43634
63600 46142 44673
54096 54757 50734
53848 52705 53198
50495 51851 54465
52149 51934 54227
63906 43909 44877
50059 53654 53154
56371 53155 51550
51930 54804 51559
54482 55924 47026
57691 53792 49025
56529 48556 54272
60495 51903 46731
58318 52720 50431
55306 55264 48486
52472 55042 51136
61551 47716 50445
46374 58229 44071
51854 56325 48999
54064 54507 51157
49627 56551 49016
52958 50457 54823
55470 50935 53795
58695 48519 52901
51959 55335 50763
50400 50833 55048
53697 55787 49102
50283 54336 52393
51687 54456 52076
50050 50799 55077
57502 53657 49733
53976 56123 47249
44111 58255 42839
62162 46166 49810
50060 49638 55587
61091 51198 46228
62607 48597 47869
48081 56611 48990
47114 57991 45819
62353 48397 48780
57371 49875 53385
63568 46100 45978
62509 49182 46431
54951 49871 54506
55936 53484 51440
49211 53053 53675
63744 45020 45621
50776 55943 49979
62213 48741 48790
61797 49792 48469
61846 46141 50235
62929 44980 48676
59893 49476 51606
48538 57527 47268
50044 46864 56435
53083 56283 48174
57233 47583 54005
62284 49200 47959
52742 52997 53311
54237 56102 46282
58614 53717 47246
53077 56550 46700
49569 47338 56355
49409 55556 50709
55163 55401 48214
59474 51912 49986
54963 53943 51426
58399 52916 49916
51970 47635 56036
55272 51386 53579
49522 54033 52759
44923 58247 43416
58329 51594 51707
48081 57773 46541
59485 52950 47296
55686 53711 51296
56683 54304 49185
49647 43792 56819
50884 51308 54750
58582 46997 53154
47891 46856 56546
48233 57768 46523
50702 48234 56033
49180 57805 45460
56430 54596 48756
46838 57809 46450
59200 47916 52587
51515 53467 53191
63702 45568 44447
47411 58074 45242
60489 49881 50828
62799 46086 48839
61336 48745 50389
53261 56426 47095
51756 51828 54365
51596 56892 47438
63321 46071 47624
51052 57201 46693
56879 51791 52480
52239 50806 54812
53184 56080 48729
59870 50479 51168
48022 48203 56161
63030 47813 47177
56581 48014 54396
56795 53129 51331
54666 50595 54293
48804 57600 46990
54551 52720 52873
58298 52341 50961
59121 53097 48139
51587 56160 49483
63646 45576 46168
58864 51035 51779
48539 46175 56698
55905 48358 54666
52710 55294 50660
61170 45375 51016
55429 54720 49758
50107 45762 56654
47915 58081 44019
51894 56026 49638
52808 56561 47406
52405 54193 52208
57376 52946 51141
62118 49762 47036
57029 52115 52114
63789 42001 46203
63484 44693 47313
60805 51269 48308
59678 51008 50856
50002 56564 48956
49753 57567 46350
53379 46347 55878
59503 52538 48609
58830 46563 53005
54722 55783 47365
45552 58214 44377
52753 56613 47154
48288 44010 56977
60561 47689 51506
50919 57343 45971
50737 57010 47860
52982 43775 56071
58833 50532 52152
45319 58180 44801
52893 56583 46987
54763 52191 53221
50528 55724 50366
51323 44903 56486
52004 44643 56336
61011 51245 47296
51415 51986 54318
61738 45454 50416
50909 52676 53905
47917 44243 57003
50044 47238 56346
55853 48900 54542
53960 48124 55436
60447 51917 47458
58913 51482 51315
59988 46244 52096
51870 56845 47315
48848 57292 47705
55989 54992 48206
52979 54899 51172
62353 47565 49252
54525 56015 45842
52292 56162 49186
57824 54187 47212
56986 50780 53148
56333 50275 53799
48265 57713 46717
49229 53709 53111
51672 50484 55054
49438 55861 50226
51490 51443 54629
62518 49172 45850
56830 49104 53947
61093 45740 51084
56282 52865 51901
53375 45928 55919
52309 50250 55053
53457 49201 55210
49368 52820 53847
51043 44296 56561
55043 46003 55222
57481 47149 53856
56451 51511 52952
54673 45946 55403
62480 45572 49400
52467 55859 49746
49806 57679 45668
46538 58133 45145
50311 55983 49965
55888 55195 47651
48438 57708 46692
60074 51666 49273
51018 56502 48937
50732 56743 48479
56215 54371 49708
54000 53339 52540
51445 53815 52867
51280 54723 51788
60708 50455 50000
62858 48522 46530
51861 57054 46185
47223 58169 44378
62608 47014 48910
56348 54117 50073
63813 44799 44270
54388 54858 50339
56035 45883 54700
54517 53909 51717
51145 54218 52499
60877 50732 49206
50470 49709 55539
53360 54949 50880
59627 52814 47342
51000 57347 45558
50945 49609 55530
57368 53343 50443
62596 48923 47373
62129 49769 46645
54407 55825 47947
55464 54928 49195
63751 45211 44561
49113 57766 45830
62895 47750 47745
50904 57186 46939
60112 52158 47885
62120 47531 49676
50936 55390 50864
60151 46173 51965
53371 54623 51376
52947 54431 51785
48369 47031 56488
61522 49528 49542
47471 57891 46202
61919 46981 50082
52963 55746 49718
57126 53173 50997
53059 44267 56043
48386 45664 56813
61158 50659 48614
62481 46680 49249
48219 46553 56629
49537 57740 45611
61662 49184 49532
54662 47374 55393
52827 46587 55988
52880 53987 52319
55976 54687 49181
52666 48197 55785
56957 54654 47329
59754 48143 52110
62515 47898 48698
49937 55552 50701
53082 56600 45939
49722 50621 55170
54075 47790 55502
51723 45877 56340
62138 49759 46064
61746 49992 48248
47689 58080 44727
59218 50910 51559
55327 54555 50178
50033 57627 45583
62539 48627 48119
49601 45372 56739
50477 49230 55725
60485 48647 51381
51400 57073 46911
60090 52248 47659
61808 49466 48965
49420 55230 51205
63377 46735 46678
59094 53058 48283
55879 49753 54192
55286 51138 53747
52191 48671 55705
50025 54631 52064
55539 55217 48229
50247 57178 47582
55909 51273 53375
48804 57903 44554
50556 57314 46721
60818 49268 50817
61119 50632 48771
57654 52335 51529
54594 55268 49389
59697 47671 52230
49438 57365 47395
53993 45871 55714
56025 53556 51279
50516 53303 53429
59754 52336 48454
55761 50664 53827
53918 52117 53648
50939 56884 48081
57456 51520 52353
47789 58049 44957
50427 54901 51665
63214 46910 47439
63907 43642 45310
