51060 39057 45277
42238 37435 53640
48568 43411 49221
49641 43365 44219
45622 46743 46841
50395 40096 47568
49733 43236 44682
49749 43210 45187
50336 41024 47443
41294 40018 53284
44717 39969 52959
46829 46358 43594
51113 38143 44935
44311 47666 44207
46147 45879 48659
46193 41385 52234
44159 45398 50640
49381 43728 44785
43666 44944 51107
50899 39548 46368
47274 40923 51583
50231 42426 44887
45468 47035 45561
43463 44624 51367
44843 40939 52801
50887 40576 45324
48136 45267 44572
48292 44815 46543
45522 46180 48559
51052 38509 45538
50950 40095 45389
44207 45848 50030
49890 41148 48212
50172 40073 47992
45960 40143 52461
49171 42248 48994
45401 47103 45265
44183 46740 48242
42466 47499 46649
44847 41386 52741
43914 46408 49055
46004 46790 45137
45799 42119 52295
46248 46747 44180
43737 38626 53292
44087 38023 53221
43803 45601 50436
46189 40938 52294
45710 41389 52430
49206 43970 45063
49969 42860 45564
49104 38835 49687
42330 48247 43149
42478 37722 53582
47592 44292 49955
48737 44524 45363
45242 43785 51803
47782 39465 51208
44308 44754 51229
46544 42217 51896
42876 46472 49205
43342 47968 43063
43369 43282 52159
43643 47882 43618
43335 45895 50085
51107 39444 44599
47189 39697 51757
47709 43204 50647
47049 45810 46722
41127 48208 43989
49442 43594 45945
44300 43841 51875
47796 44496 49079
43530 37248 53422
43431 46444 49172
43234 47757 45671
45143 44510 51342
46454 44844 50230
49965 40106 48350
50830 40892 44983
44010 47704 44551
48478 44680 46326
39377 48418 42451
44486 47210 46577
49137 44062 45137
43158 41599 52855
46069 46466 46942
48044 41747 50652
48713 43685 48700
51151 38078 43661
49203 41215 49281
42589 47349 47050
44614 40144 52968
46518 46445 45534
49986 38344 48440
47278 41370 51523
40362 48223 44163
45015 47377 44313
44946 40764 52792
49240 42951 48319
48550 44352 47706
43031 37960 53470
44792 46970 47171
39912 48388 42864
47884 43819 49929
46335 46709 44032
44563 47358 45843
40593 47075 47851
50721 41037 45814
45123 46256 48787
48703 40533 50078
43658 44031 51753
46651 45803 47946
49546 40625 48918
45042 47371 43621
38172 48430 40766
45914 43340 51935
47888 44785 48115
46832 45168 49212
45820 47009 43789
49335 39673 49387
46375 46643 44610
43288 47361 46868
45367 46675 47478
49993 39375 48418
50586 40563 46916
49689 42273 47913
49481 41849 48676
47523 45625 45845
47486 45828 43061
41242 47250 47396
50682 41208 45683
50636 41561 43607
45321 43008 52161
43396 46829 48281
48090 43274 50035
44290 43052 52249
40503 37668 53660
40409 36561 53729
49227 43876 46107
50490 41792 45563
47962 41204 50852
49801 40984 48418
49226 41490 49176
42230 38990 53482
50321 42233 45256
51118 39039 44473
47006 45525 48012
50286 41992 46577
44688 43347 52082
40306 48382 42681
42574 47945 44908
44618 40591 52908
45932 40371 52460
48368 41387 50320
48465 39046 50476
45782 45289 50098
43905 38463 53261
44415 47659 43788
48996 42775 49007
50599 41647 44732
43067 48045 42897
48598 43880 48712
45476 45058 50549
42800 40396 53188
47850 44960 47632
44141 43449 52089
50760 41177 44244
48134 42855 50212
49532 43408 46915
45416 38606 52731
40981 48342 41677
48317 42592 50078
43801 40559 53068
50676 39376 47074
44666 46704 48125
44813 43004 52221
46106 42756 52055
45345 40792 52658
46678 43832 51057
43572 39764 53235
45684 42378 52299
49016 44052 46609
41595 48290 43272
46438 40257 52253
47833 45392 45663
42167 40735 53109
50082 41260 47834
47191 43999 50588
43521 40969 52993
42709 47420 46842
50967 40537 44630
46370 39832 52301
49710 41227 48494
47245 45119 48793
41962 47298 47239
44745 46791 47800
45626 44474 51225
47958 40757 50912
44283 38798 53139
47859 44029 49784
46071 46722 45433
46523 41483 52079
44105 47101 47258
45733 47047 43937
39812 48386 42957
40722 47956 45263
42618 45453 50593
43711 47859 43760
50059 42674 46534
43771 47325 46751
42103 46840 48453
41869 47778 45927
44642 45362 50523
50360 38792 47888
44840 39573 52938
41896 48044 44684
48268 44357 48345
50110 41423 47724
50364 39239 47828
46939 42380 51578
47047 46198 44742
48719 44555 45174
