94619 95482 77344
93341 96772 80451
89458 96923 87012
83826 94021 91496
81713 85674 94338
91774 96791 85057
95908 87199 86774
93273 86126 89830
79564 80729 94757
90812 97044 85743
96837 86005 85589
78793 83755 94670
87160 97119 87840
99808 79814 76289
99775 82224 74430
88095 95979 88876
79537 84271 94600
92313 86888 90584
97569 90940 77814
87865 98114 86080
89419 99633 80738
80284 84774 94522
95751 90990 85336
86093 90409 92884
81256 88018 94009
94513 94757 83506
90572 98934 81044
80794 85909 94374
78684 83345 94711
99038 86297 78241
89576 93402 90233
99589 83921 76496
97948 90070 78184
84555 100874 78259
96587 86140 85986
79236 85166 94505
85286 99710 84079
89842 85423 92266
83807 98157 87240
99616 82814 77795
96242 92918 81699
91333 94678 88004
95148 86453 87834
89269 90338 91926
85852 85581 93691
91340 98365 81697
90417 91002 90977
81247 90308 93425
88273 97258 87145
92908 87151 90027
94357 93059 85999
96389 93139 78528
98540 86672 81137
95703 87012 87083
83762 100945 78068
93535 88616 89104
89090 88190 92459
97638 90357 80604
89712 94802 89150
90117 94764 88916
78884 82578 94763
81869 98113 87447
85959 85071 93680
86050 99476 84350
83695 92083 92626
89276 97559 86198
85075 97886 87357
89580 96010 88015
96068 86407 86691
83387 98257 87167
91231 90492 90558
85408 93260 91847
93882 89221 88550
84981 96625 89026
85406 92929 92060
98618 88089 76923
96794 92189 80870
97214 85094 85035
98440 83978 82518
93337 94881 85454
95423 92826 84243
82818 98727 86403
85024 86381 93789
93543 84601 89700
94840 89229 87449
89585 99384 81838
89549 95666 88416
83211 91325 92985
86182 99658 83870
85864 100715 78732
96121 93550 78103
86599 98376 86214
89025 98983 83650
93223 96292 83446
99671 83349 75211
82550 86488 94153
99432 84364 77689
99208 83518 79946
84306 99294 85194
88521 100090 78923
82535 82657 94410
84297 99980 83350
99841 79297 75574
83762 94480 91136
87837 95509 89469
83860 91177 92994
94531 84036 88730
96411 89347 85158
97633 89359 82173
77786 78915 94898
83736 89250 93541
99107 85781 78545
91292 97962 83243
84145 100849 79459
88059 85440 93063
90675 98047 84032
83469 100958 78114
88656 85100 92817
92517 92677 88353
87838 98857 84893
91158 97774 83951
89850 95438 88445
99696 83105 76137
90163 99324 79473
91388 98046 82812
99550 84427 75939
79180 83664 94671
85437 85934 93756
83887 100842 79716
95428 85055 87653
86446 97579 87438
97096 86014 85163
88401 95959 88768
82912 97814 87862
95121 87670 87623
99762 82459 74740
89193 99803 79008
91628 96590 85518
86472 86019 93508
86311 97201 88006
91777 98154 79940
93094 94185 86589
91103 97963 83570
94599 94216 84127
88907 85886 92705
86596 92887 91790
94330 88824 88190
86997 96306 88878
82683 95947 89989
84247 98483 86662
93521 90194 88552
86475 86712 93445
79207 83280 94697
83926 87553 93849
99819 80637 76044
89287 92557 90898
95624 88286 86877
99802 81617 74385
85648 90981 92809
86343 95889 89479
84856 99951 83370
96617 91356 82965
79439 83034 94697
89699 98244 84712
89484 99648 79942
95868 84527 87177
82867 90130 93392
86563 91070 92585
98607 85037 81942
85287 93504 91712
84080 99081 85635
88754 98120 85631
88783 94393 90042
84992 94710 90848
85887 97588 87586
92170 97556 82438
98203 83388 83082
88021 99098 84319
99590 81206 78275
88049 97880 86356
88477 88128 92714
84098 98689 86364
85370 84917 93824
99867 78960 73444
88345 100028 80557
81328 96683 89281
78205 82625 94773
83578 99051 85731
90241 86529 92002
88294 85824 92960
98264 89202 76598
93510 94322 85906
84358 98978 85805
85037 83774 93905
84842 91918 92584
92889 96573 83508
82628 93196 92128
82130 96992 88915
82245 101000 77538
77592 80527 94898
80994 88626 93858
85595 100688 79654
91490 97828 83228
87372 100039 81942
99636 83074 77328
87989 88311 92848
82065 97170 88702
86995 93088 91565
94553 93812 84763
98390 87071 81510
97639 90672 79657
83060 97639 88077
91975 84141 90971
96616 92039 82205
84751 89910 93250
97900 89972 79627
99812 80962 75684
78584 82810 94753
88568 95185 89527
97289 91543 78397
86102 100225 81968
81626 83940 94462
82084 90464 93335
86311 100656 78167
96078 91232 84417
90860 85905 91682
86625 91456 92431
97041 88457 84525
97140 89452 83560
92874 91931 88387
98414 88627 78541
98773 87598 76977
89776 97458 85971
89228 90247 91976
90091 98000 84794
87471 100167 81192
88684 92998 90990
88951 99878 79875
80710 84673 94505
78397 83617 94686
93924 85175 89306
95352 91760 85417
84950 100369 81863
90973 98296 82882
92826 95510 85444
92295 96726 84379
96986 85026 85436
86336 87063 93445
87215 100430 79530
85700 99362 84720
82868 100760 80423
97993 84951 83472
97853 89075 81731
90945 96742 86019
84000 100404 81893
97942 87611 82771
81974 84514 94390
89020 84950 92657
83911 96415 89370
87925 100262 78831
98530 83444 82317
92098 95539 86373
83753 100316 82327
85155 90014 93161
94840 90094 87059
88014 99413 83445
76961 79293 94934
83943 90929 93062
88410 98586 85088
99489 82088 78786
86198 100656 78702
98380 85142 82535
85245 95209 90351
93312 88077 89477
93613 95269 84470
94118 84238 89148
82647 97255 88592
91353 98438 80611
92149 91181 89495
92398 90015 89762
83735 99746 84048
96974 87246 85095
84887 91240 92844
86926 92456 91926
87372 98194 86170
86340 99804 83433
99710 82930 76570
86731 94315 90818
99854 79062 75264
81940 89210 93682
93102 86071 89983
87860 90009 92542
86651 84469 93509
83730 98693 86400
76923 82211 94806
89965 91616 90963
88799 99342 82945
88075 96561 88174
91759 98028 81774
99098 85453 79098
90487 89358 91507
91594 92615 89281
83375 99083 85668
94908 94912 81953
88686 87026 92763
88108 86894 92965
94525 95588 79123
97808 84277 83947
89887 90958 91311
94774 87065 88177
89739 97099 86539
97466 86061 84405
84890 100813 79086
93565 85992 89565
92825 97266 78626
83948 95249 90501
84738 89546 93354
85442 100575 80515
97086 88579 84337
89817 92601 90564
82922 101005 77219
85606 100626 80118
88777 91995 91473
88772 95675 88867
85179 97630 87693
82201 98063 87513
89516 85687 92419
98741 84698 81589
84040 97780 87711
96089 90097 85278
82449 97765 87940
93020 88211 89742
82554 84431 94319
94575 85994 88560
87137 97925 86689
91007 97983 83681
78857 79858 94820
83216 89775 93476
89448 89089 92176
81437 95288 90648
92423 97487 81573
94172 85325 89035
92404 96310 84947
96083 92722 82786
98599 86000 81404
92572 91409 88969
79071 79314 94809
78505 82393 94783
98786 86207 80177
85724 100319 81715
99450 83321 78673
93601 93964 86143
95514 87448 87213
84374 87175 93821
85978 96814 88583
87734 98808 85030
93845 91393 87641
92443 85597 90592
90432 84287 91946
97433 91149 79724
92126 92350 88918
94365 84465 88896
85253 98773 85976
98972 85169 80169
89888 99494 79534
95739 93958 80625
82942 96807 89071
93147 90795 88691
99127 86141 77450
96254 93261 79803
87821 93827 90846
82963 91760 92821
98883 83433 81404
81788 97950 87688
99759 80918 76940
95539 93715 82656
96835 88277 84999
99574 81839 78326
84188 100604 80965
90133 97530 85555
87976 99654 82771
82554 91344 93000
80028 81116 94715
85607 100422 81272
85846 84068 93716
77638 81638 94844
89780 97409 86042
97081 91855 79582
86749 92795 91807
87771 100254 80026
94014 94077 85364
84387 100904 77830
85579 97799 87362
94242 95913 78416
84883 99115 85458
88902 93818 90390
82459 98390 87010
77171 80642 94910
99192 82607 80228
94898 89283 87361
83676 99434 84913
80355 85516 94437
88380 93408 90875
86888 100535 78163
88812 95181 89395
86518 98170 86558
92063 88582 90522
85711 96024 89485
99156 82612 80386
95940 93355 82028
82215 90278 93384
88918 97216 86892
82756 85730 94217
93356 83595 89866
87606 94746 90213
92221 90041 89908
87183 95092 90070
84959 94424 91089
90750 88247 91545
78893 81832 94781
92295 97519 82060
82771 92628 92449
91908 94570 87560
91906 85695 90995
88893 99933 79211
97367 89113 83216
90447 94542 88860
98531 88034 79154
80574 82318 94631
92043 93482 88285
98581 88208 76744
99089 83464 80510
87192 100353 80291
86584 100610 77712
99164 84272 79891
98638 86876 80322
91410 92960 89250
88751 89502 92365
86965 100516 78357
97498 86820 84207
98244 85504 82820
91344 96180 86345
87905 93119 91263
84813 100110 82867
83170 93990 91542
83073 86524 94087
83156 95153 90640
95338 93329 83764
87310 93067 91489
84265 86763 93888
98048 86847 83059
87618 99056 84604
95375 85513 87680
96760 90487 83526
88365 91199 92060
99749 80710 77176
89355 94159 89898
95907 85048 87066
94204 95724 81695
75445 79035 94939
87177 87152 93229
83619 92826 92300
83620 93722 91718
98078 88290 81590
96823 92361 78980
84673 99356 85000
90292 95609 87956
88817 99770 81430
83797 100025 83248
99155 83390 80229
92063 97447 83121
98089 85437 83181
83307 98945 85956
96369 85105 86403
89564 99209 82379
96151 93434 79778
90331 95116 88431
98365 88138 80309
97794 89758 80935
85835 95455 90024
85143 87195 93666
93336 93412 86957
98381 88433 79527
87801 88359 92891
83137 86131 94127
87180 89491 92872
91228 84937 91481
85774 98100 86878
84626 100902 76565
86529 89055 93112
86308 94661 90675
89891 86877 92168
83594 100975 77639
89844 89875 91775
92231 91852 89072
99194 86016 76626
91177 95746 87047
92573 84092 90523
89238 91581 91434
98426 88699 76690
87408 89603 92789
93406 95547 84398
89876 99191 81958
86501 99294 84572
97180 91662 79718
80066 83745 94609
88740 87984 92629
76437 80443 94925
98901 86815 78584
90281 87629 91903
84155 93748 91664
99387 82860 79230
97788 90454 78248
90386 95909 87563
87043 100459 79656
98250 83869 82971
97747 86339 83788
98658 87055 79963
83170 100544 81407
86752 97975 86775
93784 89570 88545
84758 97660 87745
87907 99790 82396
97211 90518 82386
95602 86577 87277
88769 99898 80476
87725 98983 84703
86080 90045 92988
90807 89514 91266
81989 81455 94494
90416 92111 90422
84364 100815 79767
89331 87796 92405
94870 94421 83206
92997 84392 90165
94929 94498 82911
87481 90459 92528
86751 93416 91433
90957 86940 91566
96062 93448 80794
82675 92515 92518
84751 94202 91279
98372 86535 82001
97384 91269 79490
92441 97613 79739
87719 100227 80395
95268 89652 86710
88075 93796 90770
86661 100591 77906
89744 98560 84017
86573 98834 85496
87441 93706 91045
90395 98648 82882
91752 95638 86603
88406 92584 91343
89589 98154 85001
82136 100958 78638
90674 98669 82136
85374 88000 93520
93349 96450 82409
88516 96751 87736
94274 95202 83244
96114 85203 86777
99356 84085 78900
84031 85862 94033
96014 89166 85969
92735 96867 83128
83279 85766 94151
97130 86819 84935
96831 87307 85330
91649 90962 90021
96331 85354 86444
83046 92231 92617
90971 91398 90388
93751 94116 85753
89693 87072 92262
91303 94036 88570
88092 89696 92546
88465 99678 82264
96134 91479 84038
98813 85731 80554
85783 97844 87250
84516 92596 92318
94350 95427 82580
87348 85524 93307
84404 84322 94050
90809 94891 88242
84939 84828 93918
95350 94617 79647
90290 99226 79907
98680 85343 81549
91044 96003 86853
89018 93284 90642
97564 90730 80157
89115 94402 89861
97639 90249 80881
84938 100778 79650
92292 97649 81204
85708 91753 92536
84822 96127 89550
84787 95373 90275
95556 94387 78617
98978 86020 79186
94227 91671 86990
82123 86673 94171
98652 84325 81979
91694 89907 90394
97372 90917 81148
94714 90904 86793
87444 93469 91201
84444 95601 90117
91699 91339 89806
85526 100062 82850
88355 92041 91649
97367 87626 84230
86181 92327 92179
99699 81845 77532
91217 95252 87575
86731 100369 80855
81591 94278 91380
95847 85871 87044
87010 100164 81701
89205 99769 79943
96096 85327 86786
92529 97224 82454
98265 84134 82916
93209 96851 81176
83497 83330 94247
96466 93015 78381
98693 87649 78470
94145 94196 84981
91271 87846 91249
89030 98004 85655
93760 87680 89117
96383 90046 84770
89656 84333 92371
96271 90713 84461
86327 93978 91200
88138 96239 88560
88861 92364 91243
85739 100771 77817
99443 81676 79088
88230 99638 82634
92960 94599 86351
86854 91709 92265
92431 94649 86941
93468 87814 89382
92258 96109 85408
85249 83540 93856
85732 92251 92326
78773 80215 94823
94424 91283 86957
93602 94448 85593
84070 93205 92021
93792 92483 87032
90021 93912 89639
93703 96237 81807
88333 94533 90128
87482 98759 85226
88871 91522 91654
90039 96604 86966
90819 94213 88852
98000 89528 79905
98831 84712 81273
81729 85855 94320
84655 96901 88791
93097 89058 89405
87260 96253 88857
92170 95033 86873
98885 86658 78989
84449 95799 89925
84898 100507 81176
86304 96538 88818
88930 95352 89135
90629 98467 83052
93283 84822 89917
84881 98191 86970
84386 87645 93755
89931 96129 87663
99452 84616 76951
91062 97794 84062
98962 86843 77114
94188 95911 80356
90712 87496 91677
94111 83419 89174
82528 101016 76888
88440 99960 81010
93983 88219 88744
96329 88120 85881
78186 83547 94694
97839 87679 83027
90510 98410 83386
88987 88997 92370
85130 97344 88096
86594 100431 80620
84339 100924 76838
99779 81479 76399
84824 93467 91794
81744 97575 88200
96581 87442 85727
80440 86553 94314
93622 95736 83729
80624 81970 94633
96728 90641 83459
99815 81382 74075
94291 86747 88767
92153 84552 90835
87180 96537 88542
84835 99714 84099
87900 92261 91749
97527 90426 81202
97502 91065 78638
85120 98354 86676
97781 87515 83326
86884 100035 82396
94025 96119 78978
98970 86299 78888
91240 92214 89774
82811 87919 93905
89490 94518 89536
83660 86167 94061
90248 89164 91694
85706 94372 91022
88447 89210 92536
88172 89055 92655
80879 86946 94251
89642 88686 92153
82605 96941 88948
98951 83135 81199
88047 87968 92878
93371 87072 89609
85865 98647 86014
86675 99495 84081
86318 84907 93596
89200 98329 85054
86966 99605 83595
95229 94776 79381
89910 95146 88709
83686 98479 86766
99066 86515 76631
92577 94810 86617
92316 91150 89345
92892 88537 89789
99339 85002 77492
89473 94717 89384
99844 80484 73865
99167 85698 78068
90031 85767 92148
94797 94660 82976
99335 81954 79670
93261 96870 79562
96210 93135 81164
90038 89472 91752
82070 90739 93239
95269 94366 81998
87681 98388 85735
88494 99922 81192
94760 87778 88015
93701 96385 80694
96581 83901 86090
89804 99463 80395
84580 94614 90967
77045 78936 94931
90671 87716 91671
99304 85210 77479
82000 91850 92813
89379 98058 85365
85074 99162 85320
79151 84129 94628
90831 91744 90321
80935 96299 89689
86683 87989 93239
94865 84297 88349
