27289 23668 28836
25735 22363 30109
25259 26747 26553
25391 23215 30223
27193 25861 26520
28231 24293 25929
28437 23708 26085
25590 23415 30172
28210 24221 26824
23757 26960 25854
27346 24560 28641
27973 24799 25681
25144 22441 30291
25937 25961 29194
28652 21976 26010
24047 22719 30409
25649 26583 27308
24710 22148 30371
27331 25602 27240
25173 26670 27769
27929 23337 27707
24875 23101 30334
26181 26093 28446
28930 19952 23217
26610 26083 27597
27641 24033 28201
26952 26030 26805
27532 25289 27452
27654 25269 25560
28309 22839 26941
26977 25735 27939
25870 22995 30047
28941 19285 24521
26242 25993 28641
26524 25196 29345
26482 25951 28378
27698 24925 28006
27152 25391 28420
28869 21023 25159
28712 22306 25709
28755 21460 25685
28601 23009 26005
25980 26426 27442
27319 25557 27657
24616 26668 27777
27949 24838 26010
27986 24229 27512
25209 23933 30221
28485 22819 26448
25459 25589 29662
28883 21202 24969
28498 23525 26330
24423 26290 29029
24783 26834 27014
27222 23417 28937
26495 25488 29229
26071 25301 29551
27308 24272 28755
28857 21534 24254
24962 25808 29608
26943 24984 29078
27521 22876 28443
25573 26615 27261
28071 22724 27483
28756 22390 24554
24559 23572 30380
24105 23956 30348
25551 26436 28291
24948 24432 30242
26911 25941 27529
27219 25308 28409
26733 25603 28687
26914 25276 28962
23889 25221 30085
25780 24075 30085
24094 24812 30224
27783 23420 27977
24494 24816 30210
24601 24177 30309
26619 24179 29630
