26759 18241 2354
22634 25366 2369
25947 20053 2414
27979 17021 2172
18433 26567 2470
28060 16940 2134
16085 28915 2102
28283 15717 1994
17783 28217 2249
27735 18265 2203
27747 18253 2148
17515 28485 2114
22075 25925 2220
24699 22301 2448
25330 22670 2238
17873 27127 2426
19359 27641 2196
14761 29239 1955
25160 20840 2464
22840 23160 2528
23890 22110 2503
28294 13706 1869
17507 28493 2076
22118 23882 2545
19767 27233 2320
24115 23885 2396
24691 23309 2358
28252 15748 2035
28237 15763 2048
18172 26828 2456
21537 26463 2252
19452 27548 2242
27149 16851 2308
21221 24779 2525
26936 20064 2182
25885 19115 2428
14872 29128 2043
26551 19449 2362
22596 24404 2486
27635 17365 2236
19095 25905 2502
27878 17122 2197
24986 20014 2481
20876 24124 2564
20163 25837 2494
25019 22981 2305
22032 25968 2316
24461 21539 2488
26343 20657 2321
18548 27452 2367
20441 22559 2573
25845 21155 2388
22492 22508 2554
25312 19688 2467
13729 29271 1923
22250 21750 2561
19788 24212 2573
21464 26536 2124
18782 27218 2396
22266 25734 2345
23278 21722 2540
16804 28196 2296
18867 26133 2492
19257 25743 2509
27692 17308 2228
17337 27663 2366
26702 20298 2244
23517 23483 2486
20265 26735 2394
21363 25637 2476
19366 26634 2445
23220 24780 2391
17619 28381 2190
26948 19052 2311
19351 27649 2158
28118 16882 2101
16249 28751 2161
26948 20052 2127
21395 22605 2572
23931 21069 2521
16445 28555 2229
