56899 68101 6387
71189 51811 5823
67015 57985 6504
62685 58315 6847
62911 56089 6849
46125 71875 5980
41505 72495 5856
70652 51348 6163
53078 69922 6320
62881 63119 6598
53931 66069 6828
47365 71635 6038
44933 72067 5986
72725 44275 5537
71439 49561 5992
55600 65400 6832
66752 54248 6635
57332 62668 6905
68180 55820 6465
57390 58610 6966
55359 68641 6477
72665 45335 5510
63468 57532 6821
68790 56210 6298
53891 64109 6912
55780 62220 6942
71112 48888 6111
54258 67742 6690
72493 46507 5521
72222 47778 5686
71623 50377 5681
55856 59144 6975
55673 68327 6525
50459 70541 6389
73024 41976 5322
64296 58704 6763
57962 67038 6546
50392 64608 6903
73097 39903 5236
53183 69817 6365
53934 62066 6959
71549 48451 6003
72053 47947 5814
72431 46569 5649
73039 41961 5216
65114 54886 6749
58804 65196 6743
48212 70788 6437
60840 59160 6899
52969 67031 6781
71152 46848 6107
52420 66580 6820
50125 70875 6257
54806 65194 6856
61584 57416 6890
50610 70390 6433
53846 65154 6871
71984 49016 5581
72149 46851 5834
54737 69263 6241
53310 67690 6720
65565 60435 6503
70535 48465 6234
51680 70320 6357
72941 43059 5246
54839 69161 6347
62701 56299 6856
70172 49828 6293
56802 62198 6929
58609 66391 6597
68848 55152 6399
66970 55030 6615
61049 60951 6859
53296 65704 6852
61870 58130 6879
56881 66119 6748
52611 67389 6760
72633 43367 5632
56349 59651 6969
67965 58035 6173
68038 57962 6015
50328 70672 6344
71303 50697 5977
62279 61721 6764
61075 57925 6903
52467 63533 6930
72693 43307 5595
48556 70444 6508
54734 69266 6210
42851 72149 6154
49841 70159 6525
63703 56297 6818
53473 69527 6461
50457 66543 6834
59679 66321 6247
51880 64120 6915
60692 60308 6886
48718 71282 6131
60879 57121 6911
59500 60500 6911
58229 66771 6570
55089 57911 6984
54709 68291 6606
43758 72242 5949
57649 61351 6933
53002 69998 6262
63647 59353 6783
43103 71897 6240
72875 42125 5479
59752 56248 6937
54952 67048 6738
51994 68006 6714
62296 59704 6844
70725 52275 6063
65802 59198 6588
55789 67211 6685
40421 72579 5814
51580 68420 6683
52027 69973 6472
50035 70965 6076
52230 68770 6641
59921 63079 6817
68011 57989 6089
72408 45592 5725
39455 72545 5899
70208 51792 6257
71609 50391 5809
71773 49227 5889
69864 51136 6334
49668 68332 6714
65098 56902 6740
55175 56825 6986
71864 49136 5834
72241 47759 5611
65971 58029 6643
55269 68731 6461
69877 50123 6338
54825 59175 6980
72162 44838 5844
69409 54591 6297
63006 56994 6843
60342 65658 6431
54153 60847 6971
69608 54392 6256
58253 55747 6965
50099 66901 6813
57528 64472 6833
69130 53870 6396
72439 46561 5641
52768 69232 6569
53948 59052 6984
45199 70801 6482
58050 61950 6912
72820 43180 5505
59206 61794 6890
67637 53363 6567
61315 62685 6770
62931 59069 6827
62852 57148 6848
52476 69524 6541
70357 53643 5949
43543 71457 6365
56497 64503 6854
60076 59924 6908
61914 57086 6881
65054 58946 6703
62043 55957 6878
65911 54089 6697
40993 72007 6217
63501 55499 6826
54884 69116 6364
52112 66888 6803
58274 65726 6724
60569 57431 6918
65464 55536 6723
54481 65519 6847
57158 62842 6903
59673 61327 6891
56605 62395 6927
71900 47100 5916
53434 68566 6624
64413 57587 6772
60409 65591 6445
67861 56139 6494
62141 60859 6821
58517 61483 6913
56842 57158 6976
67834 55166 6531
62253 55747 6871
60887 61113 6860
70557 49443 6224
67682 54318 6558
66493 54507 6654
62651 61349 6760
69126 55874 6202
48435 70565 6484
71726 46274 5973
51561 65439 6879
65262 57738 6713
69169 55831 6170
56966 68034 6401
54817 69183 6329
67182 56818 6551
72643 44357 5614
62211 58789 6861
57721 57279 6967
60598 65402 6480
53178 62822 6947
46380 70620 6508
62332 62668 6695
59030 56970 6950
66471 59529 6438
50102 70898 6214
48667 71333 6041
55399 62601 6938
53340 69660 6424
70093 53907 6103
56109 60891 6960
66260 54740 6670
55240 62760 6936
65002 55998 6753
53715 68285 6647
62513 60487 6817
50536 69464 6597
70402 53598 5841
43759 72241 5964
68385 56615 6365
58442 64558 6803
67663 58337 6310
69090 51910 6434
48642 69358 6636
70172 48828 6299
57377 67623 6467
59961 64039 6766
40500 72500 5963
50911 69089 6632
60533 64467 6699
69980 53020 6262
72820 44180 5359
72559 42441 5678
71649 47351 5990
44852 71148 6426
70931 52069 5971
69711 52289 6340
50303 68697 6677
47938 71062 6367
61651 63349 6700
61917 62083 6767
55098 68902 6426
63085 62915 6599
57607 65393 6776
42630 72370 5918
69879 54121 6198
70463 50537 6232
65766 57234 6685
44995 72005 6092
57730 60270 6947
53333 61667 6965
56493 66507 6728
49108 70892 6350
48932 67068 6804
59892 66108 6333
44948 72052 6021
45598 71402 6351
54385 57615 6987
53955 63045 6942
56134 56866 6981
47413 71587 6117
49606 69394 6622
57909 63091 6879
66538 55462 6645
69549 53451 6338
64195 59805 6731
51138 69862 6530
71381 46619 6055
56898 58102 6973
72516 45484 5667
72372 44628 5773
71464 46536 6036
66616 54384 6645
51472 70528 6164
55024 68976 6410
66420 57580 6612
39392 72608 5805
66144 58856 6567
61960 60040 6850
71953 49047 5713
54911 62089 6954
49311 67689 6762
60357 59643 6905
64659 56341 6771
55392 58608 6980
50861 69139 6628
59082 59918 6929
47697 71303 6277
58116 60884 6934
61556 59444 6876
53723 69277 6502
54765 69235 6279
69934 54066 6174
46063 70937 6459
59334 57666 6944
69356 55644 5922
54196 59804 6979
56671 63329 6897
54209 68791 6565
53938 61062 6970
57018 59982 6960
51577 66423 6834
45263 70737 6492
56293 57707 6978
70260 53740 6027
64769 59231 6718
47028 70972 6426
45349 71651 6269
59171 63829 6810
64397 60603 6671
56896 67104 6640
58793 59207 6944
52472 64528 6903
69092 55908 6216
44911 72089 5930
40420 72580 5799
54699 63301 6929
66758 59242 6409
44546 71454 6362
57006 61994 6930
49382 70618 6436
72537 45463 5654
64023 61977 6571
49732 66268 6849
54205 64795 6882
69351 55649 5997
53166 59834 6981
68365 51635 6501
42669 72331 6031
48791 71209 6209
56318 67682 6594
69300 55700 6063
55758 64242 6881
57660 67340 6508
51490 69510 6568
50720 70280 6460
47693 70307 6547
49244 70756 6395
70080 50920 6300
63457 62543 6595
54014 66986 6763
67945 58055 6193
41520 72480 5966
51783 70217 6409
61916 64084 6579
55287 67713 6652
59002 61998 6889
62946 62054 6690
51557 70443 6279
52534 62466 6953
70251 52749 6204
66470 57530 6608
52061 67939 6719
56519 65481 6808
41632 72368 6062
57314 57686 6971
43252 71748 6286
73144 37856 5015
44214 71786 6263
59102 62898 6857
50785 67215 6793
70923 51077 6105
42629 72371 5903
51729 64271 6911
53660 60340 6977
70761 50239 6176
71029 48971 6130
71891 46109 5925
61000 64000 6700
55169 68831 6441
52952 70048 6190
64623 55377 6775
57600 62400 6908
65498 59502 6606
56511 61489 6947
72125 46875 5848
59797 65203 6666
72194 45806 5829
55340 66660 6758
51143 66857 6814
56739 68261 6333
46905 71095 6396
45222 71778 6218
72669 45331 5427
61224 58776 6894
68936 56064 6264
60508 65492 6464
59397 65603 6648
73136 39864 5158
63606 60394 6744
59792 66208 6310
71874 48126 5899
61766 56234 6886
48998 71002 6312
60819 62181 6822
54506 63494 6925
