40116 59884 5909
39027 63973 5684
43915 54085 5941
40854 58146 5954
40623 57377 5972
41841 64159 5328
47646 55354 5766
54247 43753 4683
43091 60909 5779
42469 56531 5954
44780 61220 5635
40782 59218 5924
50368 54632 5510
43538 63462 5159
41587 55413 5987
42445 57555 5932
41338 56662 5978
52013 51987 5351
36614 66386 5078
52655 51345 5243
53728 47272 4983
40738 63262 5712
31997 67003 5054
38440 64560 5618
43921 56079 5918
42364 54636 5979
52473 48527 5346
39638 65362 5184
30963 67037 5036
36381 65619 5466
48433 52567 5764
50496 53504 5537
54350 40650 4442
53374 45626 5146
44165 60835 5724
44864 57136 5859
51743 53257 5346
43623 63377 5211
52313 50687 5340
39651 65349 5204
43919 60081 5787
38430 62570 5793
39681 61319 5853
40387 55613 5990
38471 61529 5845
46929 57071 5761
46682 54318 5838
39981 61019 5866
53477 49523 5012
51458 55542 5177
53378 47622 5136
38293 65707 5303
34266 66734 5153
40501 61499 5839
41155 55845 5987
36668 66332 5160
39849 58151 5958
45119 56881 5856
38443 65557 5352
32131 66869 5134
54195 43805 4735
52589 52411 5176
51626 50374 5460
35852 66148 5342
41629 53371 5992
42466 63534 5457
35203 65797 5437
39328 63672 5715
48172 53828 5764
38774 63226 5756
51296 55704 5230
40999 60001 5896
44632 53368 5924
48676 55324 5683
39742 56258 5988
51827 50173 5433
41489 62511 5745
52015 48985 5422
48684 58316 5516
51549 54451 5313
50129 53871 5570
39871 55129 5992
50876 56124 5323
47371 53629 5816
53568 46432 5077
40025 63975 5642
49208 53792 5681
35232 66768 5106
52735 49265 5296
54339 41661 4440
49695 56305 5520
29945 67055 5011
39938 62062 5813
38153 65847 5174
53232 50768 4932
47431 58569 5641
47097 57903 5713
52259 53741 5092
38076 65924 5073
53945 45055 4918
43107 61893 5701
38771 61229 5858
52233 52767 5262
51903 53097 5319
40865 63135 5718
42839 57161 5929
42246 60754 5830
46247 60753 5523
40192 53808 5994
37399 65601 5439
52134 51866 5332
47888 56112 5733
45517 54483 5886
51040 49960 5546
49980 53020 5616
43333 62667 5536
40032 62968 5757
51421 51579 5466
54300 42700 4511
42721 59279 5876
41314 57686 5956
42946 62054 5695
38222 63778 5712
41793 64207 5317
52946 51054 5138
38853 65147 5471
44308 54692 5926
51583 52417 5411
53275 48725 5157
36579 65421 5509
45127 51873 5912
41050 52950 5995
52402 52598 5232
49122 50878 5724
45349 57651 5826
40808 62192 5790
52957 48043 5260
53517 48483 5071
53590 49410 4928
49322 51678 5707
39961 65039 5320
42843 55157 5962
36240 65760 5434
29931 67069 4903
47561 53439 5808
42873 63127 5495
52946 48054 5262
46268 59732 5655
50845 53155 5500
53712 48288 4921
48345 54655 5740
33136 66864 5122
44698 62302 5401
49207 56793 5561
44130 61870 5607
42355 59645 5876
53140 50860 5050
53620 47380 5050
41450 56550 5978
42322 62678 5668
52817 51183 5190
54254 43746 4590
44503 52497 5930
39618 65382 5144
53863 45137 4957
50691 52309 5550
36769 66231 5229
46254 57746 5771
40801 61199 5852
42273 53727 5982
46697 51303 5858
38874 60126 5900
41650 63350 5609
44409 62591 5365
51782 54218 5276
46880 55120 5814
51852 52148 5375
37272 64728 5615
39803 63197 5746
43462 55538 5939
52548 50452 5300
48676 57324 5596
48166 57834 5622
39406 59594 5918
45452 53548 5900
48545 54455 5729
43313 58687 5874
45247 54753 5893
41645 57355 5957
50024 55976 5491
52127 53873 5187
46272 53728 5865
46347 60653 5526
34843 66157 5349
53109 47891 5230
51281 53719 5417
41575 60425 5866
53015 49985 5205
46666 58334 5721
49495 57505 5479
41526 64474 5228
43897 57103 5896
49520 54480 5622
45595 55405 5867
51724 48276 5464
45143 55857 5878
40907 55093 5990
44795 55205 5904
41472 64528 5189
45904 53096 5889
50240 49760 5634
45388 60612 5647
47000 59000 5649
53354 48646 5132
31975 67025 5009
39329 58671 5945
39965 57035 5980
41055 61945 5798
50511 49489 5608
52782 52218 5054
54150 44850 4777
51109 55891 5286
52237 47763 5386
53821 47179 4908
40389 58611 5946
48703 56297 5643
39872 64128 5625
36845 66155 5264
41896 58104 5935
42395 61605 5766
45435 59565 5735
48293 56707 5665
47087 55913 5785
46753 60247 5534
46173 60827 5519
52695 47305 5310
40326 64674 5411
41412 64588 5141
38002 63998 5693
50615 50385 5591
47685 57315 5695
42670 53330 5973
51663 51337 5434
49709 51291 5682
35385 66615 5179
34465 66535 5242
43168 53832 5961
51474 55526 5171
47842 59158 5537
48294 58706 5526
48018 51982 5798
50726 55274 5423
50111 54889 5534
41919 60081 5872
41920 57080 5957
40896 64104 5520
51305 49695 5517
45477 61523 5477
43426 59574 5841
53616 45384 5060
54202 44798 4725
50241 56759 5410
44169 52831 5938
50787 49213 5580
41592 59408 5905
51940 54060 5243
44144 62856 5324
42244 58756 5909
47615 59385 5542
53326 46674 5163
37160 65840 5371
46684 53316 5852
37740 65260 5514
50898 55102 5406
47972 54028 5775
42025 55975 5973
53199 49801 5142
44883 59117 5791
52820 51180 5189
38598 64402 5637
33729 66271 5325
48841 51159 5743
46591 56409 5800
54252 43748 4639
33013 66987 5030
