29845 24155 2779
30237 22763 2598
30087 22913 2718
28126 26874 2978
21695 33305 2753
30053 22947 2737
21693 32307 2990
28891 27109 2745
29965 23035 2761
29419 25581 2837
30173 21827 2719
23212 32788 2835
24411 30589 3121
30024 23976 2697
22298 31702 3061
27116 27884 3056
25324 29676 3129
26964 29036 3052
25010 28990 3137
27660 28340 2993
19587 33413 2760
26425 28575 3093
26838 30162 2962
26517 29483 3081
25387 31613 2899
24831 31169 3075
23575 32425 2937
30327 20673 2659
28726 27274 2866
24304 31696 3043
29517 24483 2837
30563 20437 2533
29301 23699 2861
28728 26272 2917
30042 22958 2742
25385 30615 3097
27284 29716 2875
29443 23557 2846
23389 30611 3121
25764 29236 3120
27888 27112 3001
23170 31830 3041
28510 26490 2940
29719 25281 2716
25115 30885 3091
23974 32026 3000
23783 31217 3093
23165 32835 2788
25787 30213 3103
22168 32832 2891
23299 32701 2880
29722 25278 2663
28655 25345 2929
24194 31806 3032
26301 30699 2988
30603 20397 2485
27157 26843 3056
23967 30033 3137
20810 33190 2815
21294 32706 2927
27505 28495 3007
29647 25353 2800
30240 22760 2545
30495 20505 2579
28894 27106 2692
30686 18314 2465
28876 27124 2830
23514 30486 3126
22827 30173 3136
28996 25004 2893
25894 31106 2996
30638 19362 2501
28919 26081 2896
24374 31626 3048
25754 28246 3123
30152 22848 2679
28634 27366 2887
26223 29777 3096
30315 21685 2637
22536 32464 2954
27281 29719 2928
28113 27887 2951
29956 22044 2774
24888 30112 3136
30496 19504 2583
20582 33418 2739
26526 30474 2983
