33999 54001 4755
49332 36668 3954
46123 45877 4567
34305 55695 4486
46487 45513 4489
38306 47694 5036
44734 48266 4591
43891 47109 4827
42331 45669 4979
41650 46350 4997
30567 56433 4407
44834 47166 4721
41957 51043 4709
47424 43576 4491
43341 46659 4895
40177 52823 4623
43579 46421 4885
29969 57031 4113
31036 55964 4526
35740 55260 4378
32132 55868 4530
39390 51610 4868
48907 39093 4273
30824 56176 4480
39954 53046 4565
36915 51085 4942
37482 49518 4996
45912 46088 4602
31279 56721 4266
40937 47063 5011
45535 46465 4653
37102 51898 4894
27828 57172 4129
47142 43858 4539
30160 56840 4279
34025 55975 4373
49296 36704 4038
29229 56771 4319
33988 56012 4325
26726 57274 4063
38318 53682 4673
46749 45251 4394
45665 46335 4636
39831 47169 5028
48839 40161 4294
47374 40626 4585
49283 37717 4065
35964 55036 4529
49299 37701 3961
33955 55045 4642
47588 42412 4538
41822 47178 4986
31448 56552 4341
42752 49248 4809
32438 55562 4579
46524 44476 4636
27868 57132 4172
32056 54944 4670
43285 49715 4690
42194 48806 4888
38916 48084 5026
46977 45023 4259
46829 45171 4350
37937 53063 4801
37599 54401 4411
39365 52635 4765
43254 45746 4933
47750 43250 4393
37663 49337 5002
31776 56224 4447
48280 41720 4401
34136 55864 4426
40507 51493 4818
43930 49070 4663
38944 51056 4916
48644 41356 4255
45217 43783 4806
37895 48105 5032
47713 41287 4528
49009 39991 4226
34113 53887 4765
47956 43044 4314
42323 47677 4936
48133 42867 4194
32615 56385 4346
31246 56754 4206
42908 44092 4951
37947 51053 4930
34326 55674 4493
43940 45060 4895
35805 55195 4468
35269 53731 4774
39221 46779 5038
37966 47034 5044
45880 45120 4700
44213 48787 4642
33453 54547 4707
38653 45347 5041
33489 55511 4573
33370 53630 4787
48484 41516 4325
35862 52138 4886
37179 50821 4951
45131 46869 4696
44569 46431 4794
41576 45424 4999
36077 54923 4565
39842 53158 4480
41315 51685 4692
44396 47604 4746
49175 38825 4177
38509 49491 4994
32655 56345 4370
45675 43325 4771
40892 45108 5014
32807 56193 4410
28026 56974 4254
39872 50128 4937
35756 55244 4428
48003 41997 4458
41452 49548 4903
36250 54750 4607
36694 54306 4689
40750 46250 5016
48316 41684 4392
45244 44756 4793
41365 50635 4823
41123 47877 4992
38370 52630 4829
45333 47667 4338
40067 52933 4601
35077 51923 4898
29208 56792 4312
40717 49283 4953
45016 47984 4543
43420 47580 4849
31659 55341 4621
40334 48666 4987
34963 55037 4627
39710 51290 4879
34845 53155 4820
31663 56337 4411
48758 41242 4203
36733 52267 4874
38993 50007 4965
35360 54640 4676
44269 45731 4847
49217 38783 4088
49240 38760 4032
47006 44994 4241
45432 45568 4737
39781 53219 4383
42886 50114 4699
49065 38935 4217
46550 43450 4688
35717 53283 4808
43012 45988 4943
33273 53727 4780
38359 51641 4893
46274 42726 4720
41506 48494 4958
39814 53186 4440
36802 49198 5008
34439 55561 4529
37852 54148 4581
37539 48461 5026
49242 38758 4019
38218 53782 4658
38222 48778 5020
38171 50829 4938
46686 45314 4421
45227 47773 4418
37510 53490 4767
30006 56994 4161
46994 42006 4634
38566 48434 5024
47077 42923 4613
32634 56366 4363
40201 50799 4888
35636 54364 4710
40624 52376 4663
32535 56465 4223
39047 52953 4743
48421 40579 4406
35827 55173 4479
40208 44792 5027
35566 52434 4869
27793 57207 4083
29086 56914 4263
34949 52051 4891
35990 52010 4893
33910 53090 4825
47463 40537 4573
48135 42865 4167
42934 47066 4912
39336 49664 4976
42187 47813 4940
39827 48173 5016
49043 39957 4146
36170 54830 4591
42875 48125 4870
37659 54341 4510
37775 54225 4560
28933 57067 4170
44819 46181 4779
44968 44032 4825
