43858 54554 44614
44659 53993 46298
43316 53435 47395
53001 42970 50090
56417 42183 43976
48292 49965 50887
51395 49103 48691
50182 48623 50398
54752 44075 47514
45379 50939 50932
47023 54069 43368
49507 51815 47663
50452 43648 52191
46649 53929 45885
53934 48639 42804
50969 51369 46322
49972 51674 47361
50242 46557 51530
41814 40944 54655
45984 43070 54152
51818 46505 50148
56203 40142 45799
54581 41408 48535
49444 52797 45613
53038 47614 47921
55721 44421 44442
47789 46232 53203
51622 48657 48809
53721 48912 43679
45488 46172 53838
49786 43900 52610
51972 49441 47518
48296 52400 47983
47688 44263 53590
55589 44515 45358
47253 52797 47986
51663 44319 51111
52273 49296 47231
47274 48780 52346
50552 46212 51419
41994 43057 54578
45765 54485 43046
56167 42982 44463
43708 54311 45485
50533 51275 47199
45690 54464 44022
54359 47111 45603
44054 47837 53294
55002 45433 46264
52289 44732 50397
45544 54516 43901
44881 54523 44618
52291 45950 49919
48762 51636 48860
56227 42464 44788
44536 44519 54284
47468 46804 53170
42935 42774 54560
48500 44492 53206
52427 46601 49447
44125 45845 54063
47526 47369 52955
47082 45087 53727
53037 46422 48799
55248 42030 47465
43358 49021 52676
53811 44125 48858
48187 48078 52257
51292 41751 51684
52811 48060 47803
49942 48331 50829
47677 46556 53161
48844 52741 46769
54545 42152 48468
46380 43830 54029
57150 38092 41491
53675 46316 47943
54305 42948 48605
53010 48733 46618
51535 50831 46182
53199 40830 50037
55434 41669 47174
52417 41757 50753
43270 43519 54490
52291 48852 47729
49569 52883 45051
52824 43343 50207
49217 52779 46135
52241 50284 45595
50264 41737 52396
55072 42997 47403
55170 43523 47007
52002 45600 50348
44119 54171 45939
52616 40375 50573
55551 45009 43001
55759 43627 45623
54658 42347 48268
54527 40729 48619
45242 52801 48483
46968 43337 53872
46898 42270 53899
47847 51707 49358
45579 50340 51525
49969 51874 46984
46064 51697 50048
54652 41810 48398
54436 46917 45690
50653 49982 48698
45537 42057 54238
48698 52053 48193
45360 47443 53421
47849 52573 47991
46576 53332 47427
46510 48364 52739
55327 40622 47472
53468 44027 49305
48810 43636 53159
46183 54359 43759
47642 53565 46006
52654 50255 43240
54211 47410 45576
49536 49255 50512
47331 53041 47530
54738 43375 47827
53010 49555 44968
47391 52347 48629
46740 42525 53947
48324 48927 51682
47773 49876 51276
56188 43207 43004
45435 47439 53413
50546 43310 52152
44401 45557 54120
55554 41761 46930
56112 42713 45149
52736 49764 45351
51452 49470 48288
48492 51866 48692
52361 42387 50752
45689 45888 53903
47399 51200 50251
53615 43686 49224
49707 44437 52562
52551 50381 42929
54111 48195 44367
53762 48265 45422
45048 49952 51931
43782 47174 53586
49134 45335 52718
46761 52546 48614
44128 54795 43020
50588 47687 50646
52603 49302 46663
47391 50174 51213
47351 49605 51690
48999 45406 52781
56461 41485 44339
45432 44415 54176
53390 45520 48847
43133 41558 54569
43505 42112 54540
51942 51036 44311
51155 43383 51674
54156 41867 49000
54752 42009 48229
57168 37507 40800
45620 54450 44270
56774 40774 43052
56810 39770 43627
46842 46048 53668
53732 42379 49422
52305 41790 50856
49542 47343 51697
47177 50969 50576
50859 50975 47195
52514 47292 48847
42371 45449 54169
56753 41028 42411
54181 48126 43470
51552 45140 50955
47949 48892 51959
48076 45364 53252
52610 49657 45953
50944 51924 45141
53090 48129 47282
47195 44462 53755
50682 48940 49643
46652 50369 51285
53588 45625 48543
47718 45184 53446
56007 43228 44970
55398 41024 47335
51463 50065 47509
55199 45441 45346
48097 53262 46458
51276 50795 46756
45051 47855 53260
44461 44523 54292
53616 48129 46086
46324 42625 54067
51964 47849 49066
50863 48907 49479
51761 43729 51159
53229 49575 43163
45942 50857 50968
46671 47227 53237
53317 48981 45402
45567 48319 52939
51215 45813 51016
54654 46326 45959
50590 48352 50200
46109 54107 45526
49299 44708 52760
43773 54773 43562
44962 41552 54345
47927 52817 47535
51808 50751 45763
47635 53822 44911
53424 42001 49800
56050 43694 43126
57088 39486 41721
47799 52508 48129
48845 53228 45466
47849 53310 46530
48352 46668 52774
48451 52779 47097
42885 44347 54414
49458 50452 49478
51619 46996 50082
56002 42795 45446
49739 52429 46147
44296 42739 54452
53359 49445 42034
46497 49269 52176
50971 49948 48378
46641 46332 53603
53959 47533 46148
56262 42876 43931
52873 43688 50060
50180 47958 50844
51624 51136 45211
53667 41055 49574
54239 46619 46671
54745 46493 45293
41238 40688 54662
55792 40128 46661
46628 43782 53957
44823 43651 54333
54105 44663 48336
50217 49539 49593
56486 42178 42220
44326 45561 54128
48654 49731 50857
48536 53497 44679
48213 46137 53024
52755 49024 46756
54556 47423 43196
54172 40692 49014
55868 43426 45429
55427 43157 46686
44628 46095 53953
54171 46273 47237
42752 54851 41909
48606 53511 44431
46905 47420 53097
48114 44005 53444
46322 54221 44645
49708 50826 48799
53975 43053 48967
48872 49140 51126
50807 45631 51428
50431 45162 51880
54803 46753 44492
52115 50177 46197
44801 53398 47460
46640 52915 48094
45213 51913 49831
55818 42223 46207
52389 49261 47079
50144 46030 51831
47721 43737 53632
49458 50064 49836
57174 36671 40013
50568 47075 51009
50795 49604 48906
41948 41708 54651
55171 41091 47732
50311 51955 46375
51242 43134 51628
50204 51229 47790
52139 47219 49368
50379 50527 48404
56170 41693 45400
53018 42469 50155
46464 54129 44984
55257 43274 46961
51090 48669 49445
45771 43423 54171
55460 45297 42485
56473 42170 43004
47565 53808 45159
50904 44924 51569
51265 46613 50624
55090 44598 46604
44699 46497 53816
49043 44128 52984
56346 41734 44700
43780 42737 54494
53525 47961 46645
49509 48257 51239
53080 44842 49479
48292 47563 52436
46433 48041 52939
51529 46155 50577
50901 52034 43664
55591 43222 46259
54353 45063 47667
45445 44936 54103
51366 42184 51608
53631 48906 44297
54417 47184 45214
54799 42245 48092
51944 50725 45346
45943 52066 49528
48859 53065 45960
41812 54865 42880
55304 42892 47024
55131 46024 43801
41680 42411 54626
43840 46423 53902
54457 44347 47891
57005 39674 42294
50621 50883 47691
54265 45898 47327
46585 44575 53941
45182 53172 47845
47335 51517 49858
49134 47161 52109
52578 45082 49968
53875 44757 48592
50298 52217 45693
46298 45443 53892
46599 46903 53384
49732 52858 44394
51058 43994 51676
49664 43079 52803
57042 39161 42388
56636 41541 42772
52432 40581 50742
51041 47749 50214
50527 52104 45580
44748 43655 54341
