26464 36536 3453
24863 38137 3266
32523 26477 2773
28721 32279 3465
31588 29412 3129
24505 37495 3528
31801 31199 2930
27942 35058 3426
21489 38511 3452
32242 29758 2841
30666 30334 3276
32470 26530 2828
25009 35991 3602
31262 29738 3188
29690 32310 3367
31720 30280 3071
32443 27557 2851
29822 34178 3165
25368 34632 3614
32538 26462 2702
25652 35348 3592
22056 38944 3368
31618 31382 3014
31022 31978 3158
24864 38136 3294
22764 38236 3492
30661 33339 2999
26393 34607 3576
32563 24437 2663
26786 33214 3574
24856 34144 3630
29831 33169 3312
30445 31555 3285
20862 39138 3310
27825 34175 3496
21925 39075 3273
31793 29207 3087
28868 33132 3436
32198 28802 2973
23397 37603 3563
30151 33849 3105
31528 31472 3046
27151 36849 3202
30456 33544 3043
25555 34445 3609
32053 29947 2988
22246 35754 3649
22113 35887 3647
29019 34981 3059
23654 35346 3647
23521 36479 3622
25796 36204 3557
26656 32344 3581
31560 30440 3101
29085 33915 3378
22134 34866 3662
23190 37810 3540
26883 36117 3448
24156 35844 3630
28775 34225 3396
27182 33818 3548
27055 33945 3554
30664 33336 2923
27094 34906 3531
32075 28925 3011
31825 31175 2914
26034 32966 3600
29064 30936 3442
26995 37005 3185
30439 30561 3303
23467 38533 3432
32433 27567 2863
30924 31076 3217
31332 31668 3101
27757 32243 3529
21863 39137 3228
32484 27516 2781
32424 28576 2854
29089 34911 3251
24489 36511 3595
31835 31165 2845
25118 37882 3401
23178 38822 3333
27623 36377 3234
22315 36685 3627
23403 33597 3660
25116 32884 3626
23697 37303 3583
19767 39233 3092
23739 38261 3460
29717 34283 3178
28738 33262 3444
32497 27503 2737
28462 35538 3263
23351 34649 3657
29063 32937 3422
25507 36493 3551
31308 30692 3148
32239 29761 2851
25366 33634 3618
23269 35731 3647
32406 27594 2883
22636 36364 3637
25149 34851 3619
29543 31457 3396
23402 35598 3649
28180 35820 3258
23961 34039 3655
21353 38647 3428
32207 29793 2880
29955 33045 3296
22192 38808 3392
30199 31801 3313
19788 39212 3213
26983 37017 3183
19776 39224 3157
24892 38108 3312
