48428 34572 3965
47056 36944 3822
43001 33999 4546
41603 38397 4517
43713 36287 4470
42168 35832 4569
39301 36699 4663
35351 43649 4453
45487 36513 4315
46602 35398 4265
40185 34815 4655
45564 38436 4076
41053 35947 4616
33172 45828 4029
40888 35112 4631
38993 36007 4677
35245 42755 4526
50187 27813 3812
39583 35417 4669
35973 45027 4126
37734 44266 4139
35692 36308 4700
42546 32454 4570
43978 34022 4495
49333 32667 3829
40074 39926 4533
28907 46093 3801
50421 27579 3642
34718 40282 4648
50153 27847 3836
50489 25511 3692
49149 31851 4027
41572 42428 3965
30182 45818 4128
37370 44630 4011
35067 41933 4583
49209 30791 4042
47816 33184 4207
47055 36945 3869
39833 43167 4126
35936 42064 4566
36262 42738 4511
34446 41554 4608
34828 45172 4191
48476 34524 3949
39838 40162 4534
36454 34546 4702
46237 32763 4365
42070 34930 4585
35072 40928 4633
32045 44955 4320
48696 33304 4070
43340 37660 4430
34616 42384 4560
30998 46002 3873
49800 31200 3760
46053 31947 4384
40730 38270 4581
39642 43358 4100
40737 42263 4218
49518 30482 3991
37623 40377 4619
34075 43925 4441
34346 42654 4542
33157 45843 4019
45207 35793 4380
43508 39492 4257
44159 35841 4454
37349 44651 3973
33170 41830 4596
35621 38379 4677
30313 45687 4171
46250 36750 4197
35852 45148 4077
45912 36088 4299
28918 46082 3892
33749 45251 4226
39326 43674 3999
44459 34541 4459
45723 33277 4395
42634 36366 4536
50678 24322 3450
38752 41248 4524
34789 43211 4496
49847 28153 3946
41410 42590 3871
42111 41889 4042
46835 32165 4324
35788 44212 4367
34413 43587 4470
47524 31476 4269
48420 33580 4107
37844 44156 4171
40208 36792 4638
36310 40690 4630
44321 33679 4478
44190 39810 4100
38969 37031 4666
49895 30105 3844
47086 30914 4307
41528 40472 4358
38847 37153 4667
36254 35746 4702
49048 32952 3999
49018 29982 4083
30061 45939 4079
42431 34569 4571
37870 42130 4495
34721 45279 4160
41242 39758 4461
42332 41668 4070
37442 36558 4693
34807 44193 4397
46948 37052 3927
48053 34947 4029
39998 42002 4330
36740 42260 4535
41070 40930 4352
49414 30586 4009
50690 23310 3483
35762 45238 3996
40874 39126 4525
31002 45998 3950
36208 37792 4684
41858 34142 4600
34396 37604 4688
47547 35453 4104
49736 30264 3931
47900 35100 4052
47351 35649 4121
39219 40781 4531
37323 44677 3924
49087 31913 4038
30070 45930 4088
50563 25437 3628
46346 34654 4331
44050 34950 4479
36135 38865 4669
29981 46019 3997
47029 32971 4303
45081 32919 4439
37413 43587 4350
32094 45906 4027
37286 37714 4679
37707 40293 4620
47903 32097 4221
31045 45955 4054
42726 39274 4362
50473 26527 3653
37715 35285 4697
38530 42470 4415
47348 33652 4256
41131 39869 4460
49154 28846 4066
41489 42511 3943
44159 32841 4495
32198 44802 4348
39615 39385 4594
37571 43429 4365
31106 45894 4089
34125 44875 4301
36014 39986 4652
41508 33492 4613
49105 32895 3983
37192 42808 4472
31274 45726 4152
36409 44591 4226
49327 31673 3995
47433 34567 4217
40183 42817 4170
38175 40825 4586
46056 33944 4365
41245 37755 4572
33871 43129 4509
50035 29965 3721
34620 45380 4126
44625 37375 4335
40121 37879 4624
44657 34343 4449
39299 42701 4311
48489 34511 3891
48017 30983 4211
48570 32430 4113
42253 39747 4362
39903 41097 4447
43836 37164 4420
32155 45845 4082
33035 42965 4526
43034 40966 4099
39186 38814 4629
38205 36795 4683
32862 45138 4272
33176 43824 4457
50333 25667 3766
45969 35031 4351
38300 38700 4651
44817 39183 4095
39090 39910 4596
36129 40871 4625
42069 40931 4242
42756 41244 4088
43151 36849 4485
42578 35422 4553
34540 39460 4663
33873 42127 4580
34278 44722 4329
38340 39660 4626
48783 32217 4084
37453 41547 4565
49658 31342 3866
45324 37676 4228
35485 42515 4540
42246 38754 4447
42991 33009 4549
48204 34796 4006
35230 34770 4703
35411 44589 4316
42960 40040 4252
37363 40637 4614
32407 45593 4174
36681 41319 4600
43541 34459 4514
33123 44877 4322
34920 45080 4217
36416 41584 4589
29938 46062 3870
43342 38658 4361
32291 45709 4137
49803 31197 3747
38158 43842 4232
48424 30576 4163
33685 44315 4401
44746 38254 4246
40063 35937 4651
41983 37017 4557
36933 38067 4677
32276 45724 4131
33425 45575 4121
47870 30130 4230
48387 31613 4158
50702 22298 3419
43489 35511 4503
37759 43241 4375
34521 45479 4086
33370 45630 4102
42292 37708 4504
46637 37363 4029
39205 43795 3950
30401 45599 4191
31706 45294 4252
39111 41889 4434
26896 46104 3816
34405 45595 4005
45550 32450 4414
44022 38978 4255
49296 32704 3894
34458 45542 4057
38661 36339 4680
40454 37546 4621
37491 44509 4060
47591 32409 4253
39155 37845 4653
37792 41208 4579
38968 43032 4297
44372 35628 4445
36948 44052 4300
37667 39333 4645
34390 45610 3986
46939 36061 4151
40451 36549 4634
49788 29212 3942
45101 34899 4412
45238 36762 4321
37502 38498 4664
49463 28537 4015
44812 37188 4331
35870 44130 4376
44896 35104 4422
50106 28894 3791
39023 34977 4680
36365 43635 4424
31344 45656 4178
30740 45260 4259
