35923 21077 2561
22308 35692 2987
26834 34166 3007
30487 30513 3312
25559 30441 3489
35776 22224 2694
25294 34706 3115
25053 34947 2960
30528 31472 3153
31842 30158 3138
34420 23580 3100
29225 29775 3425
29112 32888 2918
35548 23452 2804
27241 29759 3480
25072 33928 3278
34926 25074 2994
28348 28652 3476
35049 25951 2793
31183 27817 3337
21492 35508 3047
35680 22320 2792
25972 30028 3491
30274 29726 3361
29895 32105 3147
34721 26279 2993
25821 27179 3509
23587 35413 2983
22764 35236 3104
26671 32329 3415
28079 29921 3461
24230 34770 3169
29448 32552 3061
29778 31222 3319
27447 30553 3458
26018 28982 3507
23806 35194 3078
23429 35571 2907
25055 34945 2987
28399 32601 3293
27675 33325 3219
22127 35873 2852
25893 32107 3435
33919 26081 3142
32498 28502 3222
25124 34876 3062
29115 31885 3317
33767 24233 3169
26984 30016 3480
34932 24068 3020
30210 28790 3384
34899 26101 2929
26664 30336 3478
33851 25149 3156
34541 24459 3081
32721 25279 3250
25503 34497 3162
27427 31573 3433
35797 22203 2576
28132 32868 3268
25075 34925 3020
35520 21480 2881
30801 26199 3372
30268 30732 3319
26066 33934 3239
29833 30167 3374
29208 27792 3444
26530 30470 3477
35476 23524 2847
33959 28041 3008
30228 27772 3399
21231 35769 2972
21118 35882 2921
32717 29283 3118
31760 28240 3293
34372 25628 3099
33644 27356 3134
35586 22414 2832
32507 27493 3245
27053 33947 3102
24511 33489 3326
31682 29318 3262
33277 24723 3211
34181 24819 3126
35164 23836 2956
25481 31519 3458
35614 21386 2841
32438 26562 3265
36059 17941 2470
34993 26007 2889
34605 25395 3058
36036 18964 2552
31974 26026 3298
25041 32959 3377
35642 23358 2718
32972 26028 3229
24647 34353 3228
29843 28157 3419
35862 21138 2706
28546 31454 3397
29072 30928 3391
35438 24562 2756
26738 28262 3502
26998 32002 3424
24921 33079 3366
31119 30881 3147
35187 22813 2966
35966 20034 2667
36042 18958 2508
35666 23334 2646
33600 28400 3057
35330 23670 2908
29331 30669 3387
29331 32669 3013
27072 27928 3498
33154 27846 3176
35355 24645 2838
36067 16933 2385
19844 36156 2782
27172 32828 3353
33232 26768 3197
31195 25805 3349
35009 24991 2977
18815 36185 2689
19842 36158 2743
35997 20003 2569
35898 21102 2624
34037 27963 2885
34528 26472 3036
23412 34588 3206
27927 29073 3478
17800 36200 2618
31892 27108 3300
20975 36025 2825
34334 26666 3070
31942 25058 3301
26067 31933 3445
28349 30651 3435
34849 24151 3037
34747 25253 3030
26804 34196 2907
25586 33414 3324
28056 31944 3397
31423 26577 3333
23837 34163 3256
