47375 57320 49893
51583 56738 48918
46929 59042 44495
54414 46937 51145
50877 50323 54307
52290 56363 46786
53107 54290 49615
52020 52926 52365
56132 45378 46974
48577 47786 55888
49717 50019 55012
50157 58141 46573
55077 51127 48092
46156 47872 56371
49432 55115 52252
47159 49907 55705
55938 48051 47800
51533 50695 53758
46941 51059 55244
43832 45513 56788
48288 55038 52639
49201 52380 54171
54896 52467 45089
53015 48049 52752
55506 47368 49125
48947 57568 49319
52542 54141 50875
49377 58531 45707
50056 52366 53909
51981 48913 53773
52268 54972 50431
49594 54476 52711
48023 56242 51515
56102 46689 47177
47661 46625 56251
55652 50005 47238
54532 52906 47126
50623 47798 54985
49692 58264 47434
47031 59041 44347
47375 54719 53024
53328 52680 50847
52743 53282 51289
50087 57161 49780
53856 54466 45363
55448 51043 46004
53542 54069 48707
52098 53277 52054
46112 49245 56070
54398 52322 48861
47858 58431 47319
53035 47499 52735
47113 55512 52313
45328 48432 56372
55271 50005 48685
49164 58607 45706
52921 50623 52707
54912 50235 49460
44819 49334 56107
49326 58526 46320
52442 55543 49463
53732 49237 51898
48675 54282 53227
48112 58289 47680
56286 47259 45145
51351 49517 54221
53386 47133 52344
54020 52665 49452
54456 53256 46505
51247 52201 53262
47352 58916 45616
49763 57239 49732
46183 59074 43370
56169 45954 46660
49200 50903 54935
50902 49262 54618
54041 51464 50477
49201 55052 52387
50514 54397 52334
45837 52086 54898
56126 48431 46040
47804 47194 56174
54734 51991 48230
55210 48139 49596
51012 57502 48492
53685 52658 50183
56316 45948 44942
53993 51914 50206
52665 55369 49076
52015 51401 53119
56265 47580 45072
50213 51811 54114
55001 52148 46270
49856 57875 48485
56317 46192 44869
53830 51347 50943
53380 48894 52327
51051 53535 52619
50380 53545 53000
52906 52158 51860
56139 47265 46863
54232 53206 47834
48831 50315 55227
53703 50572 51583
56362 46587 43751
54466 49123 50901
52503 55850 48502
47085 56553 51173
49820 57944 48322
49043 51458 54730
49702 55824 51542
47085 47039 56407
53757 48075 51911
49624 48414 55494
51061 48847 54549
45622 55462 52400
54939 50986 48706
52945 55164 48488
49739 56063 51286
50651 56454 50554
48553 47171 55935
49656 53928 53067
53284 55199 46620
45359 54998 52831
49472 49831 55157
53930 49634 51603
50148 55484 51664
49166 55795 51742
54555 51767 49066
51681 55759 50384
50492 47540 55101
54921 48227 50172
51322 55166 51279
46267 50749 55445
56365 46719 43435
55494 47706 49044
53466 53573 49728
52100 56585 45996
49014 57173 49984
50505 52621 53512
51842 56848 46599
50800 50782 54188
48011 49572 55691
48584 58696 46418
54468 49890 50704
52729 54371 50357
52701 49753 53037
54480 49552 50785
50662 52066 53717
48433 56652 50929
53817 53431 49037
51747 56438 49203
49832 47187 55406
49162 58164 47938
47280 51657 54945
55986 48481 47119
48970 56674 50792
56273 47623 44236
47258 57296 49947
49833 58324 46563
44120 48282 56471
48380 50160 55399
45539 46768 56641
43358 45838 56762
49013 58407 47266
48469 58826 45681
54080 53675 47478
48118 58923 44907
55663 50493 45482
52103 49310 53618
52099 47710 53694
48787 58729 45177
53439 48179 52272
52444 56071 47597
46324 49775 55849
51005 57216 49183
54462 51144 49896
46469 46468 56543
50522 49387 54824
47058 52373 54621
48984 57990 48427
51606 49344 54046
54028 48660 51572
45955 49800 55865
46916 49719 55802
56241 46140 45897
51165 53319 52678
44662 49889 55902
51732 48368 54051
49931 53290 53397
54399 53658 45311
53124 52109 51657
54576 50566 50091
51922 56640 47760
53936 54144 46533
55822 49786 46725
47288 58263 47768
51576 56452 49609
46488 54145 53578
49684 58327 47087
48229 58833 45969
45995 53008 54339
52321 51913 52611
49651 50758 54783
51988 53689 51835
47854 53171 54030
55269 51224 47291
53376 52230 51118
55110 46951 49869
56167 48372 45591
50480 55183 51771
51737 51385 53332
54903 49792 49783
47448 55119 52654
51956 55121 50714
48129 52533 54360
54917 52364 46054
50767 51364 53971
55853 49856 45108
53092 53925 50133
46954 56038 51799
55795 47275 48308
53807 51032 51159
48032 56985 50450
51731 53621 52113
56228 47954 44245
55593 49245 48170
55106 51638 47175
48666 48675 55752
52000 54817 50923
51634 56083 50045
56153 46803 46782
47778 58712 46506
46362 54802 53004
56190 47379 46468
56127 47603 46782
47874 55317 52424
47332 56638 51067
53744 54006 48109
44043 44848 56776
45489 59063 44037
48223 50715 55194
50784 48718 54789
52967 52664 51452
50342 58029 45698
54862 52051 47451
47769 58951 45153
46687 55314 52543
47201 56123 51693
49696 57634 49067
47930 58001 48437
51604 56997 47674
55765 50188 45531
51006 57581 45988
50655 57801 46922
50803 54199 52335
54346 51022 50239
47002 50462 55500
56059 48887 44294
51486 48915 54194
54287 53882 45097
49578 46806 55523
49023 55694 51874
51084 50440 54155
46702 48958 56052
54599 48210 50753
53947 47489 51692
51236 57395 47647
49970 56126 51151
44583 47110 56608
53018 53696 50522
55450 50229 47849
