54416 58593 63018
51399 59617 62764
59057 56674 61565
57994 58231 61898
59453 65681 51712
60654 63752 55819
56281 67830 52151
53353 51674 64179
54122 68692 51226
53717 51920 64120
61891 60737 57107
62246 62198 53741
58849 64593 56999
59734 63268 58136
53287 59271 62886
62798 59207 56086
53882 63099 60729
63414 60029 51045
48810 69501 48439
55586 59240 62577
59159 65280 54933
56838 61924 60966
54652 55557 63662
57712 59795 61598
58272 62792 59787
60154 63060 57853
63402 57959 54701
58622 65513 55310
52529 66995 56428
56777 65480 57373
52276 64876 59367
57600 65698 56222
54236 61102 61938
59667 62180 59247
61280 60713 58183
56362 62395 60818
54208 68621 51596
52367 61251 61978
63906 56398 52058
55569 56359 63313
52141 56170 63806
63914 55889 52313
62155 62673 51736
57175 57939 62332
60286 61292 59109
58331 65204 56392
56080 67415 53833
50789 55814 63901
52872 64527 59628
57159 62098 60754
63487 57901 54296
53049 68795 51856
54464 68642 50524
53624 62705 61012
63386 58774 54292
56712 63134 60269
61018 61099 58318
56937 65921 56502
55787 67220 54752
54974 67942 53456
54803 52257 63877
63993 56991 50532
57902 66891 52119
64040 55581 50658
61378 63648 52789
58590 55311 61989
60499 63833 56020
60563 57564 60174
62559 56782 57364
62838 60345 55118
60049 55179 60878
62976 56309 56392
60169 64728 54435
59046 53668 61715
55813 55150 63417
53260 66992 56403
59603 57832 60999
59666 65464 52629
57158 54116 62883
59504 60419 60367
52513 61851 61651
62855 60818 54298
62652 59000 56632
60988 64138 52818
60330 60316 59604
52036 68299 53731
52966 54409 64043
63361 59186 53966
54856 57351 63320
54880 68349 51962
63023 58581 55762
59093 65025 55714
56801 59174 62223
60717 64179 54394
60267 63502 57022
55518 58115 62991
57745 66762 53213
61346 63148 55396
60621 63560 56366
63822 57269 52272
53037 64086 59985
62718 61277 53950
56623 60952 61535
60410 58634 60070
62983 59706 55179
61296 59535 58684
58262 54162 62257
57801 60443 61317
57312 57070 62458
60228 62503 58303
58107 62158 60273
62574 57923 57126
57003 65002 57936
62959 61313 52406
63154 60306 53506
54369 66672 56730
62669 61202 54466
54845 63340 60455
59766 63711 57415
58925 59795 60991
51961 57399 63561
60209 59697 59969
60380 55444 60513
58790 63453 58886
54539 66406 57243
52849 67774 54748
51481 51270 64387
53753 66049 58047
61490 63611 51697
60999 61574 58038
63671 57403 53558
62201 56507 58022
60953 54593 59952
56490 64757 58611
59203 63732 58038
55672 60612 61955
53855 67096 55996
59219 62825 59122
60169 63742 56768
62030 55440 58364
54301 68458 52255
56429 62656 60652
56046 59054 62510
61870 57816 58413
62122 59343 57587
53527 65255 58992
62925 60938 53592
63201 58759 55080
59547 64091 57019
60787 62989 56909
56418 53907 63259
55748 66717 56075
53907 58378 63145
53895 54057 63986
54435 68061 53572
64072 55178 49814
53511 68000 54026
58185 66678 52064
60049 62876 58197
54025 66830 56509
52866 54911 63982
51019 69335 49345
54534 68586 51148
61776 59197 58155
61208 63914 52276
60289 56170 60564
57156 60280 61672
63448 59779 52440
57724 55217 62520
61010 56321 59789
60986 59368 59175
57644 65095 57314
63505 56307 54646
54384 62024 61415
58816 61252 60413
56889 66694 54954
52182 68506 53185
57625 60850 61196
60719 62460 57687
55080 59712 62505
63143 60133 54065
55225 59042 62727
50803 69060 51075
61990 62726 53175
61436 55982 59241
54945 58284 63033
63183 58144 55480
49979 50536 64458
55128 63818 60072
50969 54585 64146
61041 63838 54182
57184 64275 58827
55304 53722 63736
52315 64161 59958
62475 59759 56724
52486 55947 63839
53855 67316 55517
61347 56457 59324
54153 53090 63986
50499 51988 64413
57975 61589 60647
63733 54993 53846
58354 53452 62208
60091 65078 52118
62080 62668 52715
59989 64060 56459
63660 58456 52785
58738 66267 50506
61455 56876 59131
61912 61514 56357
64089 53370 50747
52185 66701 56955
53237 57598 63427
52508 68376 53430
64054 53668 51239
50022 69493 48200
57535 62863 60090
61743 59387 58122
56695 52443 63209
61766 61307 56903
63410 57450 54956
59940 61722 59273
60641 62782 57455
63538 57138 54488
59295 56443 61420
58720 62147 59912
52866 61593 61777
61149 57494 59458
54674 65868 57963
52816 66997 56420
63652 56466 54156
54925 64575 59432
62656 60109 55905
56330 56345 63026
54208 68716 50903
63703 58779 51294
52572 63216 60687
52408 53584 64168
55031 66898 56008
53066 60455 62379
51341 51570 64387
52409 60937 62141
57948 55822 62346
58128 64728 57459
61456 59462 58498
53862 58929 62972
56715 57529 62614
51852 52123 64328
57246 54987 62783
52966 68560 52746
55008 54640 63731
53031 69036 48788
60093 56614 60712
53870 64301 59762
63999 56080 51278
53517 58641 63115
62293 62511 51340
55201 66632 56521
56106 65665 57553
51093 52665 64331
57786 62472 60228
54606 66906 56145
62029 57009 58287
51552 53362 64250
63107 59718 54674
56662 60378 61812
61229 54301 59648
52729 67390 55613
50991 51216 64415
55087 57135 63307
59739 59817 60390
62439 58586 57215
60339 63906 56206
61591 61332 57201
59277 65819 51956
52424 65795 58397
54213 55696 63698
50439 69239 50178
60858 61172 58504
58715 66278 51988
48132 69530 48251
54702 68336 52355
49621 69534 47400
52877 69058 50299
64086 54437 50268
55896 61125 61656
62304 62045 53928
60648 64514 52322
60039 59222 60296
51928 69243 49327
61770 62950 53717
57325 66775 54044
53091 51530 64211
59438 53778 61423
53866 68444 52670
57229 64416 58612
55192 65257 58570
52625 52352 64255
63175 58653 55225
57055 64291 58881
62082 61678 55795
52640 68690 52501
55765 63928 59894
52200 58492 63225
64035 54616 51302
53680 59539 62742
52306 57176 63594
58533 60774 60796
61309 57421 59272
63168 59721 54391
56244 64416 59180
60678 59942 59342
51796 56926 63665
57804 64074 58698
62631 60684 55476
49287 50728 64463
62456 61715 54171
52721 66574 57172
57121 62402 60583
55432 66776 56108
55295 59072 62701
52258 51441 64306
54317 61763 61581
61440 60640 57997
54375 55277 63753
54776 66640 56658
57949 54070 62451
58205 65741 55387
64120 53004 49743
56143 65461 57853
52391 68743 52375
58365 56173 62064
52121 59542 62791
56838 67218 53343
52968 63434 60505
60140 54453 60827
55766 67485 53972
53875 68826 49721
53569 63926 60085
57577 59930 61616
59252 61922 59713
56741 67573 51365
59677 64669 55540
57464 63635 59470
63623 59189 51835
50790 68964 51492
52193 67517 55396
59689 58483 60845
51076 69211 50283
59880 64174 56415
62847 60598 54693
48864 69598 46450
58934 64904 56229
62266 62490 52027
55148 68363 50753
59620 63504 57961
58997 58267 61338
59251 55541 61554
58095 66608 52960
61951 59881 57616
61712 62779 54684
53761 56850 63540
61786 56721 58692
61059 63233 55974
63853 53765 52985
60971 62873 56707
55454 65728 57801
61117 63080 56161
60837 59095 59489
53815 54866 63891
63968 55045 52129
60121 63295 57568
50395 54901 64085
50957 69154 50656
56771 61663 61132
57336 65966 55979
50519 53492 64264
61364 62144 56783
60237 64930 53326
57065 67204 52959
60723 57491 59988
62312 61625 55074
62128 62001 55113
61986 58236 58176
51789 52816 64277
54363 64107 59891
59180 65827 53424
62549 59328 56728
53350 63259 60629
64094 54335 50103
60260 64919 51844
59651 65339 53828
58313 56775 62039
53514 57878 63336
57523 53523 62733
55578 66983 55562
58467 65213 56228
60789 60756 58799
58466 60513 60962
61579 55040 59099
61693 55929 58890
57575 56188 62509
