66791 79953 61733
77587 70587 68261
67643 76374 72173
69136 76238 71991
76421 69168 71544
74487 75947 65243
64214 80090 64730
69346 78928 66165
78612 65206 67594
62706 80616 60188
76120 69099 72010
68436 73487 74159
66861 61364 78130
77210 70195 69563
74065 76284 65541
64282 80177 63881
73111 67278 75142
78273 66885 68418
68359 77853 69881
71252 64620 76581
66093 78058 70093
77393 71987 66671
75295 65162 73718
76535 66274 71964
68315 79401 65137
73169 72150 73225
64354 71679 75423
66589 79370 66635
66640 79873 63873
76746 73336 64449
69161 71370 75081
77200 69284 70227
68873 72137 74799
71084 70156 75138
71182 63276 76713
67712 78534 68693
66024 79980 63997
65175 74297 73976
76236 73118 68547
77990 70147 67137
69287 76987 70940
63999 69152 76531
66582 78910 68081
63860 61305 78377
68804 70574 75505
75253 73445 69790
66443 70804 75770
71689 75604 71339
74546 71415 72552
71778 76182 70464
77508 66228 70321
66319 71159 75615
76528 66875 71948
76605 66984 71817
78120 69991 65968
79114 65000 64982
75910 74455 65319
74641 73958 70117
65850 74237 73994
76938 69031 70767
67376 59984 78093
68429 77922 69732
71424 66541 76153
73336 75994 68960
66270 79525 66208
73836 74760 70135
72915 71386 73811
68091 68562 76386
79353 62666 63480
76236 66414 72399
79157 63592 65115
76248 67706 72245
71267 68051 75757
76006 74138 67081
66949 78277 69525
77051 72546 67075
78995 65181 65800
70117 78902 62703
74926 65185 74107
74057 65521 74814
66155 78961 68042
61525 80687 59306
72805 76614 68491
76008 68854 72254
79100 65287 62849
68047 79410 65428
72737 63003 75807
64381 63032 78150
63566 80371 62634
76783 66068 71585
67227 75817 72759
71167 78414 62085
66731 78687 68670
76253 74055 64622
70267 65213 76792
66543 63184 77901
77279 71897 67559
70768 70419 75132
64271 79984 65122
77140 66039 71021
73711 73555 71713
77201 71573 68202
65157 77175 71470
72717 77292 65773
75837 72261 70207
70237 78629 66175
70560 77692 68677
64928 79539 66561
76567 72539 68743
70370 63590 77038
62990 80443 62365
73441 70037 74076
62851 60393 78447
65733 75198 73385
67610 69822 76035
65492 76285 72524
71785 68225 75503
78022 66299 69228
75197 72210 71167
71804 63552 76387
72238 76922 68701
71406 78085 66124
64584 78887 68459
69796 65325 76922
62096 62937 78188
77967 70468 65426
77500 65846 70379
78089 70099 64383
74228 69996 73634
76072 70939 71041
75583 73200 69565
68647 72566 74616
78996 66083 63654
78904 64678 66418
74804 75653 65157
72396 71829 73858
68489 79495 63691
64172 79668 66305
68606 79130 66269
69825 61010 77378
69757 64896 77016
75582 74847 65370
76706 73115 67240
76683 69421 71004
64705 78592 69171
67112 71680 75313
67168 78171 69681
79451 61985 62397
67833 75657 72824
68657 78561 68087
78478 68662 66159
75674 73681 68834
69121 59922 77599
76346 66857 72226
76825 70827 69781
77608 67421 69964
62174 80681 59476
78773 64357 67026
66988 72133 75104
72889 75504 70342
69255 74426 73389
60430 80699 58632
77086 69055 70514
76174 73715 67580
67523 78361 69156
64516 68140 76845
73461 68391 74638
78616 66758 67276
70466 68705 75854
66001 70193 76064
69757 75228 72654
73448 71855 73188
67151 63967 77675
74601 69996 73335
68896 60415 77663
79465 61649 61839
68672 72875 74444
73701 76687 64715
68720 65217 77214
72854 67511 75208
63137 80402 62650
70442 75835 71794
63182 68331 76790
70129 75336 72402
74456 73580 70762
71913 69489 75043
72583 64996 75839
70157 73190 73915
63957 79888 65516
64800 80333 61632
73990 76070 67648
65852 79498 66462
63249 61923 78322
78047 68834 68279
64432 80280 62736
67616 72920 74623
65851 78568 69196
69190 64975 77157
64233 70903 75790
70500 63052 77036
64904 59201 78403
78947 64013 66234
74680 66168 74223
77607 69191 69249
64546 80381 60746
74880 67921 73701
66216 63712 77854
63628 80508 60228
72589 77274 66541
76681 68227 71480
70139 63826 77084
78673 67683 65520
65416 64326 77810
75492 73999 68645
69890 63069 77270
77869 70740 65130
66436 79082 67630
79249 64145 62641
66747 75456 73109
61778 80566 60979
78438 64401 68232
73143 76746 67426
78628 65963 67415
73284 75331 70072
68456 61707 77759
65295 74596 73797
65843 62174 78157
76824 68802 71054
70853 77877 67925
63419 80412 62349
65651 67268 77108
79398 61379 63327
67126 65806 77295
70409 78615 65728
68017 66734 76939
68417 78788 67623
69770 67389 76420
68698 79283 65338
70604 67137 76246
66553 73620 74327
73241 76605 67781
73653 75497 69333
70077 72709 74219
72025 73428 73039
69200 65738 76982
74389 71134 72859
75379 69773 72625
68899 77171 70850
70096 66783 76500
65337 79035 68004
75482 68596 72950
78363 68506 67171
76809 73171 66254
78229 67597 68246
63498 80284 63483
77068 71200 68917
77373 69738 69514
76041 74260 66261
63816 66496 77358
77530 68241 69977
72844 70247 74332
66515 73207 74568
74527 66076 74358
70639 75331 72176
71326 72088 74140
71787 74962 71977
72769 76302 69170
78828 66163 66314
71643 70420 74830
79015 65660 65107
70012 78476 67060
63351 80325 63198
77664 70104 68442
73226 63250 75471
62719 59549 78454
69548 78426 67796
76527 73504 66643
78619 64619 67588
72400 77436 66338
78577 68078 66253
76208 71700 70160
76125 67865 72380
70083 62130 77269
75069 71982 71516
74284 72949 71604
65480 69276 76447
67274 74723 73596
69474 77645 69684
75851 68573 72561
69329 67441 76520
78964 65112 66045
77031 72745 65845
74362 74679 69564
70919 78544 62177
71846 77964 65453
66892 74182 73982
67252 77734 70466
73394 73849 71799
73385 70875 73776
65683 72027 75237
72037 70282 74703
75081 75252 66549
68369 71307 75269
75573 67911 73040
77746 66111 69859
73630 71299 73360
66583 74631 73708
72527 72136 73631
73890 71984 72773
77059 71433 68714
77530 71168 67669
70711 66185 76468
63985 80339 62594
71063 62088 76823
73882 64080 74964
69862 72390 74452
73425 69291 74363
66094 70139 76078
68941 70168 75645
75433 74744 67190
72074 75208 71538
72921 73405 72635
71003 63863 76767
73922 68414 74358
70936 70354 75108
69260 76505 71620
68090 73468 74236
78371 69183 65548
75360 72785 70391
72077 63392 76241
77968 68147 68892
72286 71428 74115
69228 70019 75642
71748 73792 72900
70166 76818 70752
68950 63124 77532
65059 75412 73253
78872 65656 66360
74602 75557 67321
64947 80292 61917
72206 65976 75861
67689 79588 64652
78006 70322 66642
72602 71165 74121
75387 73936 68990
71285 76496 70379
76015 65150 72753
67491 73831 74135
63242 60200 78445
71841 72777 73542
71168 78382 63728
77210 67653 70753
64633 69952 76225
74479 75096 68703
67517 78776 68118
75927 69890 71859
72144 65175 76037
67644 77968 69913
68004 72359 74841
73687 75316 69567
75062 74194 69161
66742 68143 76712
66535 79964 62554
69244 63911 77346
75315 70162 72525
62846 64062 77949
78232 68060 68013
67504 79744 63039
68309 78450 68604
65461 61046 78338
72245 71108 74288
71442 62927 76600
65485 76413 72374
67740 72467 74832
65356 63024 78062
74440 75003 68921
71510 76828 69620
77038 72274 67698
73906 67005 74678
76054 68133 72407
62458 80508 61653
69094 61713 77589
64241 79766 65930
75168 75288 65065
73071 75277 70419
73538 76827 64257
65976 59666 78301
65559 73274 74581
64793 80162 63569
68718 75308 72927
76019 70154 71581
76036 69980 71657
70875 77214 69457
74718 68874 73638
66592 74575 73744
64130 79392 67167
74357 67190 74288
73185 64427 75487
66572 68832 76520
65102 62783 78127
72228 71282 74212
79209 63202 64776
78125 69984 65177
70590 77176 69779
73792 75846 68456
65597 77550 70954
66619 77170 71362
66631 79985 61245
69004 77910 69485
70884 72950 73814
76827 66735 71513
68793 79392 64086
73581 76138 68228
65556 77848 70497
72247 72052 73801
67191 62262 77960
65483 78863 68455
65509 80052 63920
74384 68851 73942
74612 73215 70939
73030 63936 75608
71401 77899 67064
78211 65512 68869
69973 78941 64521
70647 62224 77026
66945 79704 65137
70963 71967 74343
72108 76066 70293
76560 68608 71560
71401 72402 73938
76859 68468 71125
78091 67091 68873
77500 71466 67282
74272 75426 68422
72736 68217 75085
67932 79087 66962
67611 68041 76618
66009 79133 67591
72355 72147 73699
70062 74667 72984
76382 68367 71915
68159 74347 73738
77955 67419 69135
74713 70241 73091
71629 78138 63212
75635 65750 73243
70740 74841 72583
64837 65240 77671
75341 74926 66937
78180 69207 67564
74764 75546 66635
73258 75670 69603
75622 70813 71701
79361 63070 63003
74966 72502 71202
69973 77061 70481
69681 77726 69376
68853 79426 63172
64420 65529 77610
64237 77082 71587
69736 67635 76362
71958 77290 68269
62956 58581 78459
65663 80098 63164
71576 73211 73378
69806 66088 76747
77454 71790 66764
70555 61284 77110
69067 79260 64949
73363 66328 75184
75719 66831 73038
66658 72778 74789
77004 69501 70429
70334 76395 71251
68849 66920 76752
70167 61703 77258
74736 72117 71805
67693 75195 73208
71283 72837 73731
74625 71664 72301
67711 59809 78013
69460 78650 67137
72433 72646 73359
75621 71706 71018
77933 65406 69479
75644 67643 73013
74474 70594 73104
62752 80543 61246
74517 63546 74475
79266 63299 64176
78929 65515 66117
75140 71210 72036
69554 65273 77003
74943 72198 71497
69400 68852 76072
67862 63702 77626
71332 73399 73349
72854 77363 64493
67820 78872 67712
74141 72389 72269
66847 73309 74492
68234 77863 69913
64195 78087 70157
77690 70650 67750
76109 73647 67962
70860 77102 69693
75041 67852 73573
75625 74826 64361
71330 76973 69533
69037 79125 65663
66109 75732 72968
69486 63963 77265
61533 80669 59750
77633 64995 70132
75174 65994 73759
73745 75926 68380
70191 77526 69416
66916 76196 72437
78682 67886 64277
74696 70415 73015
67599 68403 76511
65485 65088 77638
65797 79769 65392
75140 70441 72552
63933 64336 77884
74161 64965 74746
73058 70812 73999
71430 69402 75273
69633 62434 77395
67075 77566 70734
64190 72616 74935
63966 60237 78417
72536 74928 71561
74888 69741 73179
63643 59674 78445
