23560 17440 1646
17414 21586 2079
23546 16454 1872
19813 21187 2062
21583 20417 1975
23161 17839 1859
24729 10271 1590
20248 17752 2142
20327 19673 2103
17610 23390 1886
20296 19704 2103
16714 22286 2034
22376 18624 1984
21825 20175 1960
18657 20343 2109
22837 19163 1753
18136 18864 2143
23444 15556 1957
21583 18417 2085
20638 20362 2067
21720 19280 2036
22314 16686 2059
16728 23272 1940
17943 22057 2046
24681 13319 1649
21161 17839 2108
18649 23351 1844
20536 19464 2102
22237 17763 2039
16248 22752 1991
15975 24025 1733
16077 23923 1792
17084 23916 1715
22785 19215 1777
23714 16286 1824
17441 19559 2130
21867 17133 2083
22655 19345 1814
18983 22017 2025
22760 18240 1926
23980 14020 1888
22372 17628 2029
23377 17623 1813
21923 19077 2020
24728 12272 1683
18598 18402 2148
20687 19313 2101
23982 15018 1843
23554 15446 1936
24368 14632 1698
20119 18881 2131
18239 22761 1972
18519 23481 1799
23770 15230 1890
21067 16933 2116
17149 23851 1756
19706 17294 2146
17837 23163 1922
23539 17461 1707
18634 21366 2076
21356 19644 2053
19378 20622 2100
22253 19747 1896
17610 20390 2111
23078 14922 2013
20365 21635 2002
23429 17571 1789
15013 23987 1804
19367 21633 2045
23966 16034 1691
19657 19343 2126
16498 22502 2015
22518 19482 1849
18246 18754 2145
14730 24270 1665
17279 23721 1801
20873 21127 2012
23193 16807 1953
24595 13405 1730
24327 13673 1800
20676 21324 1677
17414 22586 2005
23103 15897 2003
17281 21719 2071
19642 22358 1964
19040 22960 1894
23975 16025 1639
16317 23683 1872
