54427 88573 7187
50406 87594 7640
54069 88931 6943
43165 90835 6696
61617 79383 8036
71995 74005 7622
57061 87939 7000
74605 72395 7217
57252 85748 7773
59874 84126 7871
46252 90748 6506
63144 73856 8058
50006 89994 6670
45803 90197 7043
45347 90653 6804
78943 55057 6354
60856 84144 7837
77992 64008 6457
56733 87267 7479
56432 87568 7398
73187 76813 6986
56469 81531 8032
77619 60381 6824
76407 64593 7078
54818 88182 7331
77685 62315 6784
70074 78926 7607
55652 88348 7072
64900 83100 7673
63324 80676 7954
65228 76772 7988
48180 89820 7174
78637 58363 6478
57373 86627 7609
78361 59639 6579
77553 61447 6833
65288 83712 7447
47525 90475 6726
72174 70826 7671
48922 90078 6921
77266 65734 6786
79220 54780 6004
71635 71365 7719
52690 89310 6852
77948 63052 6646
58589 87411 6892
77544 64456 6756
72737 69263 7618
66651 83349 7171
52500 88500 7424
66758 83242 7209
58369 86631 7518
77016 66984 6795
70115 73885 7802
77629 61371 6811
61583 85417 7494
73396 71604 7499
74253 69747 7407
57674 86326 7661
47948 90052 7076
78083 63917 6266
76667 65333 7011
55538 88462 6976
75246 63754 7290
75699 71301 6871
63297 83703 7728
78847 57153 6385
76804 62196 7014
60852 81148 8006
76141 70859 6587
63898 76102 8032
58141 79859 8063
78772 59228 6297
49924 89076 7377
62482 78518 8034
76675 69325 6513
76299 66701 7065
62105 85895 7017
72888 72112 7561
75479 66521 7239
68274 80726 7648
75005 65995 7325
75480 72520 6607
65731 83269 7515
64776 75224 8017
60251 77749 8085
63632 74368 8048
78312 62688 6179
51599 88401 7483
78088 63912 6209
64470 84530 7205
62026 85974 6920
76838 67162 6865
50798 89202 7306
78430 61570 6358
72965 74035 7460
78330 61670 6474
62582 84418 7666
74839 71161 7234
75110 70890 7175
74329 70671 7371
66858 78142 7888
65425 79575 7909
78887 57113 6363
51403 89597 6892
55493 88507 6916
55296 84704 7894
69138 76862 7799
56756 85244 7839
59530 86470 7417
51321 89679 6766
76928 68072 6645
62177 80823 7985
46811 90189 7045
51946 88054 7549
69156 73844 7864
74310 68690 7417
48733 90267 6600
56998 88002 6885
47252 89748 7220
68263 71737 7917
52651 89349 6782
62350 85650 7136
52916 88084 7515
62124 83876 7797
78880 55120 6389
65083 80917 7864
73654 68346 7509
75472 72528 6659
69950 72050 7839
75249 68751 7250
63018 78982 8008
75097 72903 6902
48568 89432 7316
79198 54802 6089
61047 74953 8088
57660 80340 8055
79019 55981 6294
74762 73238 7043
51902 87098 7698
77306 64694 6837
43974 91026 6461
51764 87236 7683
61677 75323 8080
71665 75335 7604
50514 88486 7498
77638 65362 6579
60557 85443 7659
60323 84677 7796
62527 76473 8062
64568 79432 7947
60354 86646 7060
76653 67347 6928
77376 66624 6542
57771 76229 8108
69280 77720 7754
65380 78620 7938
66819 74181 7961
48860 90140 6862
73390 73610 7404
61580 78420 8057
45120 90880 6603
78963 58037 6128
78507 61493 6170
51499 86501 7754
69376 72624 7866
55820 85180 7858
45161 90839 6648
58927 85073 7809
65726 81274 7804
75518 71482 6951
70434 74566 7765
39850 91150 6354
76063 70937 6655
71340 72660 7730
59550 77450 8094
51876 89124 7224
78208 62792 6435
67554 81446 7643
60229 75771 8096
65149 74851 8009
78064 62936 6566
78424 61576 6368
71297 77703 7518
60236 86764 6901
40852 91148 6294
78910 56090 6365
78885 56115 6379
54621 88379 7269
59514 76486 8100
78354 60646 6551
56257 87743 7350
53414 88586 7315
66594 82406 7590
75798 68202 7143
61983 84017 7788
77285 66715 6637
68232 76768 7858
77458 66542 6440
66943 81057 7735
73756 67244 7501
54080 85920 7803
53946 87054 7681
78289 61711 6516
74117 71883 7356
77810 65190 6274
79123 55877 6191
73308 69692 7546
67196 78804 7849
53556 85444 7839
74269 73731 7173
75374 64626 7269
72420 76580 7383
71220 71780 7751
56949 83051 7981
77448 60552 6869
51455 89545 6946
73075 72925 7499
53572 88428 7361
53138 87862 7555
73162 70838 7551
65234 81766 7799
78292 60708 6581
72515 72485 7602
78677 58323 6456
55393 86607 7713
51155 87845 7603
66598 83402 7112
70164 75836 7753
74038 68962 7453
77705 65295 6509
43965 91035 6391
62338 74662 8071
57653 85347 7811
59941 78059 8085
77763 65237 6441
78295 57705 6619
64030 84970 6986
60241 78759 8070
63897 81103 7913
46637 90363 6948
67472 82528 7369
73892 71108 7435
62094 85906 7005
70571 72429 7795
43080 90920 6641
55780 88220 7168
71459 77541 7501
76161 65839 7115
55486 83514 7960
78673 60327 6189
74898 71102 7222
76187 70813 6515
71840 72160 7689
66357 78643 7897
63390 74610 8053
77854 59146 6762
63415 82585 7847
45243 90757 6720
70796 76204 7675
75810 63190 7196
61359 84641 7748
69620 76380 7778
60527 83473 7903
74746 66254 7364
49374 88626 7484
62720 85280 7279
76498 69502 6688
74996 70004 7257
55176 83824 7945
67204 82796 7315
78659 60341 6250
70103 74897 7783
51475 89525 6965
59442 82558 7987
72096 72904 7644
70866 75134 7708
78050 63950 6336
54576 86424 7753
52743 89257 6938
46483 90517 6845
48243 89757 7198
59161 85839 7672
61510 78490 8057
48803 90197 6792
71720 76280 7550
67773 81227 7645
57065 87935 7006
73557 75443 7195
56805 86195 7726
76228 69772 6860
59675 86325 7456
52082 87918 7572
75886 64114 7183
75622 69378 7129
67018 82982 7274
69422 80578 7491
61070 78930 8055
60077 82923 7957
78945 58055 6176
60390 80610 8028
67820 75180 7907
51291 89709 6702
55867 84133 7927
55528 88472 6964
51545 87455 7655
78376 61624 6426
67377 75623 7919
54043 88957 6872
78302 62698 6247
76169 68831 7006
54900 87100 7642
77027 61973 6968
57833 82167 8013
58597 87403 6927
48737 90263 6649
76125 70875 6605
54605 84395 7912
68377 75623 7875
78269 62731 6317
72692 76308 7347
78994 58006 6004
55020 87980 7388
56667 86333 7711
58589 86411 7569
78037 59963 6700
74587 74413 6760
62941 80059 7985
69964 78036 7680
70856 79144 7405
78249 57751 6635
77723 64277 6688
77699 59301 6803
65467 75533 7995
72150 74850 7560
55501 87499 7512
75793 71207 6827
76962 66038 6900
72731 71269 7601
46279 90721 6596
72667 77333 7140
65546 77454 7962
59963 85037 7761
72287 72713 7625
67618 82382 7391
76406 62594 7088
72199 71801 7657
58398 77602 8100
71441 78559 7353
57248 84752 7876
63651 83349 7753
64504 77496 7997
52627 89373 6708
44564 90436 6936
64101 82899 7772
55534 85466 7834
73793 70207 7471
60812 86188 7260
57935 86065 7701
75081 72919 6910
77999 62001 6680
53169 88831 7233
71982 70018 7700
56093 86907 7625
65791 80209 7861
79088 53912 6235
64523 83477 7638
55449 88551 6807
77797 65203 6376
71463 74537 7665
73355 67645 7549
62984 85016 7364
58688 84312 7892
78469 61531 6283
72401 77599 7206
61232 81768 7977
77143 65857 6838
53417 86583 7742
54025 88975 6704
61391 76609 8079
49764 88236 7551
76254 66746 7075
77904 64096 6558
78440 60560 6502
70036 79964 7463
61232 80768 8009
77025 62975 6960
68034 81966 7447
73177 68823 7567
68892 81108 7492
64386 82614 7780
53642 87358 7636
76612 61388 7050
71226 78774 7373
50162 87838 7608
52726 87274 7671
41860 91140 6416
57042 86958 7545
47484 90516 6650
73327 72673 7466
72381 73619 7579
62762 83238 7827
57107 87893 7064
46518 90482 6876
64480 81520 7861
73898 74102 7256
57303 78697 8089
52622 89378 6679
58840 87160 7169
75744 71256 6850
76705 63295 7031
57293 83707 7946
71878 71122 7700
78878 58122 6301
76462 68538 6904
77465 65535 6694
70809 77191 7624
59553 79447 8066
45104 90896 6551
77476 66524 6392
60676 77324 8083
55064 87936 7400
60146 79854 8050
68785 79215 7719
75291 71709 7032
48221 88779 7456
63199 84801 7432
74906 69094 7309
56086 87914 7286
71952 78048 7287
47607 90393 6820
44321 90679 6791
70828 70172 7788
78968 55032 6340
74987 72013 7118
69070 75930 7829
74418 66582 7410
68450 73550 7900
74811 70189 7289
49080 88920 7430
77970 60030 6720
77500 63500 6811
63733 79267 7981
68673 81327 7490
58736 81264 8031
79185 55815 5935
62959 84041 7701
72882 76118 7314
61983 85017 7578
75063 64937 7317
75503 70497 7086
78654 59346 6431
53734 88266 7406
64158 84842 7075
65815 82185 7720
65113 73887 8015
78192 58808 6651
78938 54062 6364
68895 80105 7643
79141 55859 6143
56311 82689 7999
76626 66374 6990
69846 77154 7730
67643 74357 7927
74626 65374 7381
58300 83700 7942
74486 74514 6842
63692 75308 8043
74411 69589 7385
68259 81741 7465
73620 71380 7471
74524 74476 6815
74502 74498 6834
76416 67584 6996
66999 76001 7928
53052 88948 7172
64289 83711 7612
58001 84999 7842
51693 89307 7140
77808 65192 6298
46402 90598 6770
71029 73971 7728
64607 76393 8010
48139 89861 7158
76934 64066 6967
44002 90998 6525
67891 73109 7929
67755 76245 7891
42875 91125 6403
47769 90231 6965
63517 84483 7507
76444 65556 7057
76793 64207 6998
70314 79686 7446
63795 83205 7763
75213 69787 7218
46922 90078 7093
55457 88543 6842
75196 67804 7279
78489 60511 6472
67009 79991 7802
41894 91106 6474
49086 89914 7059
60930 76070 8087
72929 73071 7517
54396 87604 7561
70423 76577 7701
45572 90428 6934
77502 65498 6670
76105 69895 6912
72027 76973 7432
61946 82054 7942
45094 90906 6515
54218 87782 7523
76693 69307 6465
77964 63036 6638
49233 89767 7137
72987 71013 7572
60454 86546 7121
65003 83997 7378
69811 79189 7618
54438 86562 7738
71564 70436 7732
71633 69367 7728
66580 75420 7954
61054 75946 8086
60878 78122 8072
69930 78070 7682
76103 70897 6624
65046 72954 8017
58741 86259 7600
76194 62806 7127
72870 75130 7418
66421 80579 7807
57979 87021 7423
69014 71986 7890
75418 65582 7259
66846 82154 7608
76499 68501 6890
60622 84378 7824
53062 86938 7708
55231 87769 7444
62459 75541 8068
65880 73120 7995
73644 74356 7299
62321 82679 7897
70913 78087 7554
52377 88623 7394
68550 79450 7725
78693 56307 6474
72307 69693 7665
70608 73392 7774
79040 54960 6286
71095 74905 7693
78123 62877 6513
56563 84437 7905
77443 66557 6460
50042 89958 6769
56323 85677 7806
77478 66522 6306
62538 85462 7220
64766 74234 8023
43057 90943 6624
45249 90751 6725
78736 59264 6348
68103 78897 7792
42942 91058 6536
48393 89607 7254
69761 74239 7818
44147 90853 6675
54301 88699 7124
57953 82047 8016
72977 70023 7585
51600 89400 7077
75417 72583 6741
64822 78178 7971
70578 79422 7428
72441 70559 7643
67963 78037 7835
78030 62970 6594
63381 81619 7912
74110 74890 7013
66243 81757 7726
64861 76139 8006
75979 67021 7136
65867 74133 7992
71935 76065 7530
44041 90959 6594
74536 70464 7336
69968 73032 7825
64720 82280 7788
78383 59617 6570
75696 66304 7200
77349 61651 6886
58933 87067 7206
76620 69380 6595
51559 89441 7042
66812 73188 7966
72744 74256 7489
78855 59145 6118
54027 88973 6767
50236 89764 6996
70896 71104 7780
74596 74404 6734
46367 90633 6735
76806 68194 6736
51287 89713 6680
68779 76221 7840
76567 67433 6954
78091 61909 6638
73827 73173 7340
76731 68269 6782
55731 87269 7560
75454 65546 7253
61234 85766 7408
50078 89922 6819
62612 74388 8067
64690 84310 7286
77025 67975 6563
75310 69690 7199
46307 90693 6668
63896 84104 7567
77700 63300 6749
59017 75983 8105
78576 60424 6383
56887 83113 7978
65293 82707 7699
78587 58413 6501
50401 89599 7128
77386 65614 6734
76975 65025 6931
67600 80400 7742
50144 89856 6905
76060 67940 7090
68851 74149 7876
61613 77387 8070
54191 88809 7047
62358 77642 8055
73724 70276 7480
76844 68156 6710
73239 74761 7363
74198 74802 6976
68519 81481 7485
78497 57503 6547
61489 82511 7936
79221 53779 6009
57431 87569 7249
49620 89380 7289
58297 75703 8110
50257 89743 7015
58708 87292 7054
75892 65108 7175
59110 86890 7275
57245 87755 7143
52819 89181 7008
77112 67888 6456
60029 76971 8094
77149 66851 6723
52893 89107 7072
