45480 38505 34282
45614 36873 35012
45401 37867 36449
45090 39501 34935
43452 37003 39865
42913 40706 34238
43734 39908 37289
44998 38491 37481
41528 36961 40489
45764 35717 32647
45749 36521 33795
43337 39803 37936
41516 39228 39116
44740 37490 38500
44976 37246 37987
39600 41018 35267
45207 38059 37218
44233 37434 39286
45762 35942 32690
42699 36980 40303
45536 36714 35632
39511 35212 40744
42903 38412 39629
38452 41009 35408
42273 39758 38436
43674 38506 39178
44690 39936 34898
42220 37428 40217
44399 38804 38195
42169 38562 39674
44745 39053 37478
39789 40523 37071
45584 37984 33322
42954 37278 40172
40661 40475 37101
40214 40395 37462
40904 39982 38288
44068 36952 39426
41021 39178 39215
43212 40177 36942
40875 40243 37742
43446 40068 37106
41746 38981 39326
40087 40131 38065
44604 37048 38863
44906 38860 37409
43902 40106 36583
43249 37672 39870
44511 39748 36605
39723 41364 32472
40984 37107 40459
41608 41032 33133
45610 37088 35018
44617 38574 38126
45766 35163 32041
43957 40148 36347
40599 37843 40238
45645 37042 34755
39770 40723 36393
42116 39049 39216
45361 37821 36747
42815 38554 39536
40726 41208 32612
44967 38063 37824
42658 39599 38550
45293 37324 37060
45522 37687 35557
44623 39957 35654
39228 40820 36143
43819 39983 37025
43447 39963 37413
43941 37872 39318
40472 40970 35297
43276 38327 39548
42225 39288 38951
44670 39677 36470
45071 39480 35795
43715 40283 35828
44190 39154 38068
43867 39795 37416
42684 38975 39181
41683 40995 33527
45186 38902 36505
42247 38083 39895
44838 38655 37689
45461 38484 35142
43843 39620 37792
41462 39756 38616
42996 40516 35535
44146 38204 38943
40953 41061 34768
39424 35615 40739
40023 36194 40710
44051 38644 38713
43901 39079 38502
43190 40314 36392
45061 39550 34475
41221 39950 38299
45284 37447 37101
44374 39851 36630
43007 39608 38391
45505 38315 34838
38864 41412 32830
40162 36714 40607
41714 40146 37816
42279 39939 38071
45688 37318 33380
41742 35896 40577
40698 39819 38563
41687 40911 34723
44192 40211 35205
40584 38286 39929
44642 39978 34794
43362 39529 38321
44505 37844 38712
40968 39665 38757
45185 39372 34202
45146 38856 36803
40315 35348 40701
43158 36982 40047
45356 38615 35782
44958 39696 34925
41630 40306 37463
43735 37709 39593
41691 36118 40584
43330 38967 39043
