33989 33989 27309
34067 33853 27750
32358 35757 29643
29899 36579 29732
31067 31747 31385
32302 33716 30727
33894 33522 29375
35255 29080 27355
29355 35569 31112
28155 32466 31832
30383 36506 28974
35242 30841 26150
31225 35989 30434
34539 30314 29358
30469 36354 30216
35381 29177 26752
29089 35870 30925
34476 31188 29248
32051 35559 30160
33551 32284 30178
33685 31786 30180
30942 36297 29928
28498 33504 31668
29349 33659 31627
27332 32887 31774
28987 36706 28473
32711 35384 29657
34492 31485 29143
34431 32654 28676
32881 31733 30716
34757 30587 28826
34012 32699 29613
31733 36076 29752
35510 27933 25183
35027 31651 26134
32398 35823 29385
30534 33870 31407
30990 34183 31257
34379 31984 29212
30573 35496 30909
32062 33901 30812
31226 36199 29946
27023 29945 32022
33346 34853 27823
28143 36713 28426
35508 27853 25340
31600 35176 30660
33560 34065 29504
33928 33903 28633
28987 30708 31842
31920 33168 31026
31578 35616 30448
31762 36071 29717
33398 33432 29930
33701 34191 28951
33572 34568 26897
33075 35176 29063
35165 30427 27512
35098 31267 26856
34422 30515 29513
28531 35979 30874
29655 36127 30714
28664 34304 31508
33168 30707 30536
35272 30397 26652
35100 31347 26699
29981 34478 31381
32160 32983 30941
31744 34327 30863
34193 33649 27393
30982 36363 29670
34555 30611 29253
29543 34960 31301
30941 36087 30416
33967 33934 28319
29144 36298 30620
34863 31526 28385
29183 36394 30514
32144 31417 31026
32950 35153 29466
35494 29476 26081
35052 30128 28183
31798 33480 31026
34436 32817 28482
34429 31971 29123
32628 32356 30787
35039 30951 27824
30437 34791 31231
32061 34488 30651
32885 34425 30031
31211 31975 31352
34311 32794 28885
31191 33077 31293
32369 35133 30109
34844 32131 27340
32986 35313 28596
31104 35305 30809
31749 32466 31157
34052 30845 29861
33672 34359 28463
33029 34958 29606
29912 36485 30247
31536 36187 28600
33437 34490 29231
33788 33881 29286
32494 32854 30785
34484 33125 27260
30496 35898 30701
29741 36363 30450
26686 30204 32021
32090 35655 30054
31755 33146 31099
28299 32694 31799
32310 34473 30517
29131 30936 31809
31698 35932 30146
27215 31612 31950
