19750 23325 19380
21047 19010 23776
20662 22764 21344
22356 22509 20244
18631 23444 18541
23890 21173 21280
24117 21491 19959
24444 20918 20530
19661 19408 23852
20119 18973 23848
21790 21857 22375
24568 20695 20538
24861 19825 21223
18610 17948 23920
19068 17513 23916
20556 22930 20955
22684 19651 23050
24600 20507 20813
18331 23387 20326
22460 22132 21298
23849 18688 22510
25121 18335 20896
17159 23465 18540
20816 23167 19015
18970 23353 20134
24844 18333 21359
24858 20629 18982
25000 20042 19597
22492 22484 19157
20115 18365 23887
19061 20106 23755
20809 20313 23594
24247 19405 22085
20608 20915 23365
18884 23112 21389
19133 20996 23452
20718 22534 21798
19579 23266 20527
20396 21791 22865
18921 21872 22952
24005 21657 19376
22533 20295 22971
22437 21237 22453
24044 20279 21864
23944 19976 22190
22505 18040 23251
20163 23052 20901
20183 23233 19806
20164 22310 22493
18558 18770 23914
18489 18782 23913
23506 20909 22052
20853 22803 21157
24391 18265 21976
19592 19420 23851
18921 17996 23917
18833 23378 19774
24116 21116 20918
25246 18964 18538
21863 18484 23502
25278 18776 18813
24667 18228 21612
24929 19912 20517
24961 19724 20792
21340 19627 23690
23064 22202 19066
25167 19333 18565
22584 22394 20445
20460 22925 21103
22720 22369 19358
18723 22766 22138
18468 23362 20686
