54352 47980 48602
45395 57555 45119
53286 49592 49604
48188 50468 53186
55022 50258 46606
46000 57511 45350
55348 49216 46334
49583 53244 51397
46606 51246 53215
46203 49881 53572
46304 52670 52677
47933 52513 52554
43776 57620 43813
51952 53371 49047
46159 48588 53682
49735 56023 46616
51049 48828 51633
52001 52306 49902
47899 56529 48360
51026 51595 51024
50881 53058 50462
44510 46387 53814
46316 57186 47613
50667 53700 50180
48675 53459 51800
45505 55659 50241
52842 51811 49304
49428 53697 51198
53150 52811 47753
46512 56582 48844
52171 50145 50568
47442 56881 47896
48336 49316 53164
48669 52551 52304
50037 53906 50595
49100 55018 50089
44589 57615 43722
50102 50382 52108
52275 53431 48563
50950 49123 51685
47801 53140 52304
46716 57367 46346
48301 56808 47121
46935 56656 48667
54644 46782 48305
45784 48476 53715
47658 51051 53162
52422 52524 49283
55073 50202 46196
48483 50939 52946
51392 54843 46336
49939 55088 49236
47936 57019 45884
49735 50332 52357
50693 54412 49513
49603 56057 47341
48731 56213 48336
54559 51220 46562
48934 50023 52862
56104 45515 43933
45384 57494 46139
47919 49190 53336
46310 53175 52374
54178 51216 47765
51539 50169 51071
46593 54502 51428
54704 47705 48159
55667 47691 46313
50188 48287 52236
55750 47539 45948
55809 45602 46186
51837 51386 50413
53891 51910 47590
46939 52145 52839
47793 57066 46108
49586 54999 49746
55143 50030 45923
48097 53433 52043
47241 55010 50900
49728 51781 51959
54097 52045 45909
48489 56564 47665
49349 55763 48621
49493 55505 49001
48787 53948 51439
49957 55880 46157
46685 53676 52035
50072 53785 50667
48840 55882 48877
52500 51163 49902
52390 48345 50652
47938 53944 51691
55897 47190 44494
53557 47199 49516
53214 50505 49396
47511 57113 46607
55530 46372 46850
55251 48036 47310
46017 55027 50929
54027 51501 47790
47107 57160 47116
51962 54355 46015
47280 54545 51324
54072 49331 48747
46463 50619 53427
45925 57393 46843
46209 55983 49842
48849 51951 52446
46600 57397 45869
47308 53307 52241
52394 53935 46390
46905 54402 51484
48362 55260 50115
53327 52045 48390
54780 50931 46022
51226 54543 48227
47657 56880 47689
44282 57545 45822
53804 52452 45648
49855 55601 48356
44918 47774 53795
44293 47343 53819
49896 51305 51995
46685 49888 53521
47939 51852 52813
50356 55607 46989
45095 57540 45731
46866 56906 48186
45216 57390 46930
55204 47162 47491
52662 47309 50403
51091 55093 46968
56026 45599 45645
47207 49022 53527
47910 57015 46351
48260 56254 48673
47099 49980 53442
52053 48840 50915
54250 46888 48756
46670 54817 51138
48327 56812 46654
49125 50658 52647
55747 46369 46309
53468 48795 49550
47087 49052 53559
45588 57539 45502
45935 56883 48279
55147 49561 46817
54640 50402 47509
55560 48729 45195
53408 52786 46563
49245 52044 52193
48996 49275 52895
49060 49711 52837
54916 49508 47353
48345 56507 47988
53025 47260 50066
49331 56291 46217
53927 48216 49097
45395 51681 53114
49348 54504 50631
51415 47826 51380
49678 50888 52264
50645 55110 48152
51345 53729 49471
47913 56840 47559
50993 51151 51207
51268 48333 51482
52505 53891 44966
51487 54571 47491
51380 53608 49543
50649 55423 46295
46674 56951 48100
48877 56532 47227
46009 52199 52917
54607 50993 47070
47506 56042 49448
48234 52323 52573
53829 48058 49232
53283 49985 49509
48486 56739 46457
56155 43611 43269
53143 53243 45150
49459 49731 52629
55349 49439 45863
49590 55946 47794
50375 52334 51222
53912 49113 48984
49119 56181 47898
55597 48155 46334
55820 47075 45927
54046 52101 46319
52488 53892 45475
48340 51564 52793
45812 49493 53660
47615 51857 52857
47414 57181 45760
47274 56417 48928
46933 52806 52580
50445 54926 48971
55627 48446 45670
54605 48802 48224
46249 51572 53141
50553 50053 51887
51460 52801 50110
46197 56184 49574
53904 49290 48958
51434 53926 49161
49929 49474 52380
49819 54463 50294
50250 55588 47566
53166 53137 45892
48510 53732 51701
45834 56540 48958
47084 57116 47409
45966 57515 44934
48109 54345 51291
49566 53947 50932
56020 46283 44772
55068 49119 47220
49637 56077 46788
46693 57323 46639
51344 49299 51393
53802 50294 48829
46029 57385 46839
46197 57489 46048
50702 53579 50252
55471 48309 46612
49913 52168 51665
49807 55962 46956
47398 54235 51547
50555 53522 50433
47807 49751 53355
52653 53493 47313
54635 49402 47972
52731 49829 50143
56122 44290 43908
52678 50891 49815
55359 48870 46631
55279 49611 46136
50141 55717 47320
55849 47390 45299
