33653 42337 35799
35594 41396 38653
38136 40753 38275
39261 35120 39302
37273 41381 37365
37978 40775 38512
39944 38028 36814
38474 40490 37879
35957 40299 40355
35522 41684 38018
39779 37899 37802
38830 40057 37927
35109 41601 38241
36203 38100 41454
35051 36065 41996
37781 40804 38759
37049 37917 41244
36656 37443 41455
36404 40871 39534
40196 36977 33969
38205 40769 37623
35704 36544 41850
39411 38479 38673
38447 39549 39627
33620 35722 42034
38544 40376 38345
39451 38960 38243
35990 35905 41784
36225 37752 41546
38518 40541 36555
38749 40287 36602
33934 42376 35416
36722 36473 41519
38931 37327 39847
40434 35474 34409
38351 38186 40311
39587 38956 37006
38983 39978 36735
33966 35093 42085
39089 36685 39622
40159 37132 35296
38804 40222 36137
39970 36068 37454
35849 42022 36417
37276 41019 38627
37814 38579 40656
38486 39845 39320
36332 41159 38899
37191 38776 41011
38549 35106 40412
38878 38254 39700
39059 37327 39627
38436 40069 39182
39728 36206 38208
36261 35268 41704
36315 38728 41206
38168 40577 38765
38668 38972 39803
37329 37022 41238
39603 37693 38554
39929 38218 36760
36564 35346 41586
36428 39977 40636
35685 38398 41440
35459 36832 41882
36551 40209 40405
34318 37246 41782
36818 41642 37047
35167 38790 41350
37669 41168 36324
36381 41697 37531
36231 39314 40970
37477 40626 39361
36474 41781 36577
37628 41117 37928
38846 39785 38564
39158 38240 39286
38961 36685 39842
40230 36317 36360
38967 39361 39018
35584 40859 39677
40478 33838 33981
37693 40227 39977
34785 42289 35195
38437 37500 40429
37654 39931 40284
34022 42327 35792
37770 35625 40994
37749 41121 37148
40436 34414 34904
34303 42366 35409
38293 36287 40619
33368 42437 34647
39769 37408 37978
40484 33659 33669
36052 40940 39474
39376 39326 37069
36673 39074 40997
34800 41880 37563
39081 39819 35934
38242 39754 39715
40410 35758 33808
36334 36874 41616
40191 36791 35705
36135 40518 40145
39944 37328 37286
37181 41436 37278
39840 34650 37888
38246 40742 37398
