43356 34826 32933
38400 36098 35655
37552 37832 34958
41192 37555 34339
42070 37469 33689
38844 40647 31372
43353 35552 32758
42371 38792 31500
41845 39390 30783
36215 32486 36543
42599 38586 30574
36493 33546 36395
36630 39156 34027
39717 36460 35302
35699 32043 36602
37436 33384 36361
43428 36037 32410
36292 34165 36308
43567 36362 31849
43470 35432 32567
43715 35650 31998
37786 38796 34335
42700 34732 33867
38548 36357 35552
38830 40855 30865
38971 40862 30437
39615 34084 35779
35975 31533 36572
43732 34160 32395
43127 35413 33231
37030 33526 36371
36114 41260 29442
42702 36668 33416
44366 34025 29913
41345 39629 31101
40011 40338 31411
42576 34146 34028
36631 36673 35546
37458 40211 32734
36858 41214 29559
39350 37571 34862
43485 37187 30541
40103 39698 32762
42946 36552 33109
43812 34514 32162
37710 40065 32983
38282 39717 33415
41423 36078 34877
42301 35992 34227
42071 38530 32453
37333 40435 32298
43116 37826 30664
34245 41333 27959
44141 35479 30851
43369 37430 30564
40000 35216 35535
43447 36374 32161
42263 35343 34326
40889 40015 30149
42449 37064 33516
42842 35530 33621
34270 32200 36629
37507 40721 31703
37884 40351 32388
44386 34042 29288
37851 32170 36272
39556 39972 32646
40506 37239 34777
41229 39099 32745
37739 36135 35721
39166 40785 30048
43029 34624 33464
36851 38091 34812
37719 40768 31574
38003 34264 36167
44315 34354 30573
39515 39045 33838
39105 37025 35234
42177 35406 34388
38709 35222 35863
42099 39127 30411
38089 34808 36045
41680 38496 33037
41466 39187 32166
44052 35121 31325
40088 40404 30259
37413 36878 35421
42828 34354 33726
43918 35977 31065
43419 35345 32693
44286 34836 30114
38082 35536 35875
43254 37475 31286
34273 30796 36645
40277 39984 32167
40340 40258 30508
36854 32746 36474
37632 40497 32139
36708 35951 35842
41110 38423 33636
39727 39092 33709
40631 34723 35293
43253 37090 32035
39439 36181 35454
41486 39636 30673
34446 32980 36526
40999 38439 33707
43185 36525 32615
39469 37603 34814
39812 38723 34032
39967 37641 34671
42728 36465 33488
35512 41320 29049
44165 35054 30965
41784 38909 32288
40388 39968 32096
39691 36663 35230
39666 36947 35124
39086 39266 33780
40458 40115 31271
44310 34087 30707
37119 35721 35903
44129 34099 31333
43007 37888 31386
42021 38997 31709
37308 41022 30807
42771 38143 31721
43281 33496 33138
38954 34835 35875
42282 38269 32522
44436 33280 29588
38749 35505 35795
35809 32628 36553
37721 41135 29247
36838 41222 29340
40286 35764 35348
40453 38549 33961
43883 36151 30816
