18821 18179 2465
18911 17089 2490
21874 17126 2423
22306 15694 2422
18503 20497 2309
17828 19172 2429
18137 20863 2248
16882 21118 2252
22671 16329 2410
25073 15927 2230
18648 19352 2421
15025 21975 1906
15485 21515 2170
22288 17712 2379
26595 12405 2144
19768 19232 2405
25636 13364 2258
25253 15747 2209
25171 14829 2306
17811 18189 2466
15157 21843 2066
21460 16540 2447
24341 16659 2279
12990 22010 1932
15200 21800 2109
17905 20095 2362
13984 22016 1920
24838 16162 2253
17465 21535 2122
21006 18994 2375
26532 13468 2076
21429 19571 2195
20771 19229 2364
22428 18572 2307
23460 15540 2380
17268 20732 2308
20660 18340 2430
20178 17822 2462
16198 21802 2052
21854 19146 2254
19020 20980 2135
26439 12561 2165
16168 21832 2018
19715 16285 2485
24087 16913 2291
23158 17842 2312
20982 17018 2457
21013 19987 2060
20941 20059 1991
26350 13650 2164
20138 19862 2313
19011 19989 2357
14014 21986 1954
19991 17009 2476
14057 21943 1997
25677 15323 2153
26012 13988 2214
23092 16908 2374
13943 22057 1868
27027 10973 1949
26997 12003 2046
23685 16315 2367
19753 17247 2477
12958 22042 1889
16562 21438 2174
18944 19056 2431
24365 14635 2342
19940 18060 2463
18998 18002 2470
23289 15711 2387
