28303 41697 3558
40274 26726 3118
30098 39902 3759
35976 36024 3550
32349 36651 3770
34602 35398 3683
40980 25020 2893
32846 36154 3756
26219 39781 3835
38613 32387 3327
25186 40814 3765
31480 35520 3806
30910 39090 3774
36504 33496 3567
23891 43109 3236
37149 34851 3409
30263 38737 3809
33516 38484 3453
37545 31455 3485
29748 39252 3800
27033 41967 3571
21839 43161 3331
39987 27013 3169
40711 25289 2993
40525 27475 2965
29451 39549 3794
27951 37049 3859
27410 41590 3630
27291 40709 3763
27985 41015 3702
25868 40132 3818
22916 43084 3349
23232 42768 3476
40628 26372 2994
31524 38476 3769
40829 25171 2952
27721 39279 3843
26624 40376 3803
40809 26191 2891
23322 42678 3496
28881 38119 3845
37099 34901 3431
28207 38793 3846
28810 39190 3826
38685 30315 3370
37345 31655 3502
32498 38502 3716
30324 36676 3829
25245 42755 3443
21661 43339 3236
29094 39906 3785
39331 29669 3270
39637 30363 3137
31204 39796 3689
35131 36869 3600
30778 40222 3660
31535 39465 3703
38846 32154 3220
31866 39134 3715
28530 39470 3821
28350 40650 3738
28414 37586 3853
27861 42139 3305
23921 43079 3314
20520 43480 3079
31942 36058 3793
35526 32474 3638
39144 30856 3275
35707 35293 3616
31052 36948 3814
25029 38971 3859
40491 26509 3060
27148 37852 3859
39480 29520 3244
38309 32691 3385
32127 39873 3586
38785 29215 3362
26453 37547 3860
40584 27416 2901
30579 38421 3809
38533 31467 3381
39970 29030 3131
33240 38760 3647
26014 40986 3743
32372 37628 3751
32797 37203 3740
28126 39874 3811
39317 27683 3281
39469 28531 3256
38825 32175 3249
28534 38466 3846
38344 30656 3415
29529 41471 3395
29647 40353 3724
27891 42109 3366
25073 42927 3207
41046 23954 2858
30032 38968 3805
26707 42293 3490
40429 27571 3011
33698 35302 3729
30117 37883 3833
30187 40813 3599
40757 26243 2928
38710 31290 3356
34509 36491 3673
28703 41297 3625
21936 43064 3367
23973 43027 3351
29343 38657 3832
24674 42326 3566
39266 30734 3251
41083 22917 2810
30992 40008 3677
34901 35099 3669
32578 39422 3621
26022 38978 3855
37010 34990 3456
29859 41141 3555
36526 35474 3512
29383 40617 3702
28008 41992 3435
26256 41744 3656
27437 38563 3855
24576 42424 3547
26427 42573 3265
28828 40172 3772
39498 30502 3184
29153 37847 3844
38040 32960 3428
29555 36445 3840
31216 38784 3774
36117 31883 3598
24840 41160 3727
26410 40590 3786
21609 43391 3199
34686 34314 3681
34718 37282 3618
40051 28949 3095
39681 30319 3110
31721 40279 3497
31672 38328 3766
29578 41422 3439
30890 36110 3818
29644 41356 3474
37129 31871 3519
37249 33751 3502
25616 39384 3850
31735 37265 3786
38491 32509 3351
40284 27716 3079
37746 32254 3464
34385 37615 3631
39204 29796 3291
26491 42509 3368
40172 28828 3041
32840 38160 3713
25334 41666 3666
22719 43281 3232
33800 36200 3713
