23970 30030 2896
29478 24522 2806
25139 25861 2998
22429 31571 2733
28055 27945 2755
30889 24111 2553
28232 26768 2845
28695 25305 2854
27990 28010 2757
31408 22592 2472
28279 25721 2878
26525 29475 2662
22795 30205 2922
31841 19159 2331
19190 32810 2513
26403 26597 2947
31374 21626 2559
23526 30474 2868
31761 20239 2387
23174 26826 3027
31823 19177 2360
22292 27708 3030
25886 30114 2505
20777 30223 2959
28019 23981 2920
19697 32303 2747
23478 29522 2945
27152 25848 2934
19133 32867 2436
20393 31607 2846
25927 30073 2561
23910 27090 3019
28726 23274 2885
31251 22749 2547
24572 25428 3009
25845 28155 2921
26138 29862 2608
20398 32602 2512
29481 23519 2824
16967 33033 2448
25898 25102 2982
30259 24741 2677
21918 29082 3011
24918 30082 2830
25094 28906 2922
30359 23641 2694
27940 25060 2915
17544 32456 2715
28860 26140 2814
24236 27764 2998
21889 32111 2524
21003 31997 2740
25292 27708 2960
18195 32805 2604
25671 27329 2959
21866 32134 2495
26779 24221 2957
21568 31432 2839
21832 32168 2447
20455 32545 2589
28547 26453 2835
24765 27235 2997
29555 26445 2607
18287 32713 2658
29218 22782 2848
22049 31951 2643
26524 28476 2865
20432 32568 2560
23460 25540 3028
25749 29251 2854
27153 27847 2865
19330 32670 2606
24656 28344 2960
23562 31438 2588
29702 25298 2745
28488 24512 2883
26289 25711 2971
29948 23052 2784
31713 20287 2423
20729 32271 2681
19507 31493 2861
27479 28521 2527
26326 29674 2640
27618 28382 2744
31914 18086 2282
31539 21461 2479
30013 23987 2746
24434 29566 2910
21249 30751 2925
31062 21938 2612
31607 20393 2467
22709 31291 2773
22239 26761 3034
22893 27107 3028
22596 31404 2757
25276 26724 2990
24198 30802 2734
21693 31307 2854
18031 32969 2482
23457 31543 2434
23219 30781 2839
26488 27512 2920
23700 30300 2880
28926 27074 2697
18029 32971 2421
27211 26789 2905
19494 32506 2693
29945 26055 2507
