27744 25256 3404
33444 21556 3082
34629 19371 2803
28107 24893 3403
26967 25033 3406
27079 27921 3315
23066 29934 2810
32186 22814 3235
25242 29758 2875
31206 25794 3268
20940 30060 2620
25250 29750 2895
28395 28605 3201
26450 26550 3390
29254 25746 3385
29619 27381 3077
25602 27398 3362
33330 21670 3101
32836 24164 3081
27727 28273 3274
33858 22142 2952
27350 28650 3224
30012 25988 3354
33350 22650 3078
31134 24866 3327
26562 29438 3020
29041 27959 3280
27167 28833 3194
24562 29438 3087
32990 24010 3027
31786 23214 3275
26081 28919 3203
27999 29001 3001
28025 28975 3134
21991 30009 2706
23309 29691 3011
24177 29823 2911
29631 26369 3356
34741 18259 2702
25401 29599 3046
29000 27000 3353
31821 25179 3217
29485 27515 3302
28036 26964 3365
34493 19507 2879
26572 27428 3356
34228 21772 2814
26438 29562 2871
26454 29546 2903
28556 27444 3331
34135 21865 2872
24138 29862 2868
26493 29507 2946
30708 26292 3305
29936 27064 3316
24875 29125 3161
23064 29936 2783
29202 26798 3358
23080 29920 2843
34694 18306 2766
34618 20382 2797
25718 29282 3126
30813 24187 3340
32952 23048 3153
19935 30065 2645
30699 25301 3344
34300 20700 2931
28909 26091 3385
22026 29974 2780
30510 26490 3309
26128 27872 3334
25347 28653 3245
26436 28564 3249
24336 29664 3019
29494 24506 3383
32386 24614 3160
33473 22527 3052
31210 24790 3323
