43125 32875 4290
44184 32816 4038
34277 48723 4468
32686 46314 4688
42790 37210 4250
38219 42781 4639
31665 51335 4104
33088 49912 4357
33422 45578 4710
32041 48959 4526
40561 39439 4540
34712 49288 4353
35257 44743 4695
45229 25771 3626
29165 51835 4061
35268 47732 4522
44673 31327 3913
38715 42285 4619
45050 28950 3737
38349 44651 4535
40940 38060 4532
40712 40288 4500
36137 47863 4457
36602 43398 4693
35681 48319 4434
38794 41206 4642
41916 41084 4100
34114 42886 4748
37403 46597 4460
31886 50114 4384
35304 46696 4602
33185 50815 4055
42721 38279 4185
42684 34316 4351
44283 33717 3925
30835 51165 4245
40681 40319 4503
42978 33022 4311
32683 50317 4309
33957 47043 4622
39156 43844 4491
41692 38308 4428
39247 41753 4592
34894 44106 4716
38109 41891 4667
38099 43901 4601
29150 51850 3945
44636 29364 3970
31774 51226 4152
42288 35712 4396
38381 39619 4690
29845 51155 4282
32615 44385 4742
44632 32368 3757
44281 30719 4066
33575 41425 4763
43778 36222 3912
43325 36675 4108
41550 37450 4471
40750 37250 4554
33470 46530 4666
31339 50661 4325
38630 43370 4583
44154 33846 3993
44730 31270 3890
33812 50188 4266
32501 49499 4448
40094 39906 4573
39086 36914 4669
35403 48597 4412
42066 38934 4340
35440 49560 4204
32065 50935 4232
33990 49010 4449
39470 42530 4546
39030 37970 4668
39373 44627 4361
42177 35823 4410
40822 39178 4518
39814 43186 4448
36641 45359 4627
29230 51770 4112
42542 38458 4237
43090 33910 4285
30201 51799 4066
42386 38614 4280
43327 33673 4237
44023 32977 4086
44582 30418 3978
31642 47358 4646
40087 36913 4609
44833 29167 3907
37602 44398 4616
35085 44915 4695
34568 47432 4580
42982 37018 4208
39685 42315 4532
40129 37871 4599
39091 44909 4379
37167 45833 4556
40819 43181 4158
37526 47474 4251
38560 46440 4138
33351 50649 4160
30100 50900 4318
36997 41003 4717
41764 41236 4178
41548 40452 4339
29358 51642 4161
40241 38759 4583
40129 40871 4545
43573 36427 4009
36295 48705 4290
34671 41329 4756
42900 35100 4297
31734 46266 4698
41197 41803 4287
42848 34152 4325
37863 41137 4689
38825 45175 4395
36939 44061 4671
41839 37161 4438
36882 48118 4282
32198 45802 4717
37873 45127 4546
34051 40949 4762
44325 33675 3895
33317 44683 4728
44100 31900 4093
30839 50161 4417
34361 47639 4571
43260 35740 4194
44940 28060 3867
42225 37775 4360
43850 35150 4037
40866 39134 4514
39295 42705 4554
33200 50800 4099
32716 43284 4756
35376 41624 4743
39619 44381 4342
40354 38646 4575
37396 45604 4553
44588 32412 3858
29302 50698 4360
41091 41909 4301
32994 49006 4488
32371 46629 4678
30655 51345 4208
35239 45761 4657
29341 51659 4155
44566 32434 3896
45151 27849 3709
34480 40520 4758
31885 51115 4195
35677 42323 4732
35327 40673 4749
42552 39448 4091
44764 31236 3844
44397 31603 4007
40964 42036 4316
30009 49991 4441
39943 44057 4309
33378 43622 4746
41499 41501 4247
34563 45437 4688
44938 30062 3831
45188 26812 3719
43689 35311 4085
37039 44961 4628
43400 32600 4237
42719 39281 3970
34384 45616 4685
37415 43585 4660
32622 45378 4725
39511 39489 4630
44338 32662 3987
42300 34700 4404
40705 43295 4199
36017 48983 4268
36080 46920 4547
37349 41651 4697
44786 31214 3806
41343 39657 4435
29620 49380 4503
31121 48879 4549
44077 34923 3863
29618 51382 4238
29469 51531 4198
38435 45565 4417
43275 37725 3938
40338 36662 4589
44048 34952 3908
42891 36109 4273
38577 40423 4668
32210 47790 4616
43473 34527 4182
38887 39113 4671
36847 40153 4728
40384 41616 4478
43120 34880 4254
42566 37434 4296
33095 47905 4588
35811 45189 4662
33713 42287 4758
31338 49662 4464
33568 48432 4534
42250 39750 4223
43248 37752 3969
41675 34325 4465
43154 36846 4158
43958 35042 3971
39752 37248 4632
37997 47003 4212
36718 46282 4553
34812 48188 4499
39944 38056 4612
31613 51387 4057
28293 51707 4138
45131 27869 3788
36455 45545 4625
31059 50941 4284
32826 48174 4576
28925 51075 4305
34736 46264 4649
42167 36833 4399
43371 35629 4168
42879 35121 4301
42407 38593 4276
37537 42463 4679
43111 33889 4281
44723 30277 3923
35025 42975 4733
43024 37976 4078
43951 34049 4060
42545 37455 4300
44635 30365 3959
41523 41477 4241
36266 46734 4549
33240 50760 4117
36688 47312 4464
41453 38547 4453
33461 49539 4397
44347 33653 3857
42559 35441 4361
40687 39313 4530
28701 51299 4266
33155 42845 4758
45229 26771 3615
35968 48032 4453
44955 29045 3851
35376 49624 4170
30265 49735 4469
