59785 79215 7463
84934 53066 6894
56026 82974 6936
80181 64819 7349
71202 73798 7564
65679 78321 7377
62030 72970 7879
68182 72818 7794
58672 76328 7694
55656 82344 7100
84826 54174 6914
63162 79838 7266
85080 53920 6839
66486 71514 7897
58941 80059 7383
79156 64844 7484
77391 62609 7656
62835 71165 7936
65824 74176 7771
63759 73241 7857
76590 67410 7607
61837 72163 7910
58801 82199 7007
82342 56658 7301
59843 82157 6780
71114 66886 7875
62856 77144 7606
82252 60748 7248
68387 68613 7923
61386 81614 6912
75364 69636 7562
84944 58056 6542
61300 78700 7496
72877 74123 7285
84661 58339 6696
65437 70563 7933
65335 78665 7338
81340 61660 7352
68590 77410 7235
82832 56168 7246
61678 76322 7682
63792 78208 7491
65049 75951 7660
85639 54361 6575
77469 67531 7505
64590 76410 7634
70455 67545 7887
69766 76234 7350
58558 82442 6919
70641 69359 7850
68309 71691 7854
72463 66537 7832
65820 66180 7981
59312 77688 7600
63236 73764 7835
85716 51284 6655
51428 83572 6876
53711 83289 6936
69390 71610 7821
59926 82074 6905
71773 73227 7573
68137 69863 7908
71853 68147 7832
61082 76918 7644
52556 82444 7109
51020 83980 6624
67880 77120 7396
68272 75728 7557
65137 73863 7804
54665 83335 6861
69665 66335 7924
62053 76947 7631
71620 75380 7191
53302 83698 6657
64974 79026 7293
72026 71974 7665
65606 72394 7877
70026 69974 7856
54575 81425 7253
74654 67346 7731
59578 79422 7444
71086 72914 7651
69221 75779 7490
60666 76334 7690
85994 54006 6344
62483 78517 7492
81988 57012 7340
79632 62368 7510
52175 83825 6716
86131 52869 6348
69678 70322 7858
85437 52563 6736
73906 73094 7317
66813 66187 7972
79249 62751 7535
78790 68210 7172
79549 64451 7459
72567 73433 7468
76584 62416 7698
85699 55301 6327
64828 71172 7924
72237 70763 7737
62234 72766 7887
59593 78407 7544
85104 55896 6758
76550 64450 7682
78740 63260 7565
58799 78201 7564
71264 74736 7441
58532 80468 7339
65572 75428 7688
65670 79330 7113
76132 70868 7310
79140 63860 7524
64114 78886 7383
63356 72644 7888
73096 65904 7816
86739 46261 6005
57180 81820 7158
86050 51950 6460
68592 72408 7807
54815 83185 6921
56474 80526 7354
84281 55719 7009
66563 69437 7943
47787 84213 6394
52766 83234 6974
63020 80980 6883
82197 63803 6855
67673 76327 7529
57977 80023 7398
68528 73472 7739
62172 67828 7988
86503 50497 6125
58664 78336 7554
55146 82854 7009
64058 71942 7907
59594 81406 7156
85516 51484 6718
84484 56516 6935
82650 61350 7120
66409 70591 7923
74428 68572 7707
84910 58090 6572
80464 66536 6852
69317 72683 7760
62539 71461 7929
63410 77590 7563
55751 83249 6714
85331 55669 6654
81598 63402 7173
84073 57927 6995
75627 62373 7739
54214 81786 7208
58556 81444 7188
74406 63594 7785
66853 72147 7870
65209 77791 7481
59169 78831 7510
73263 72737 7474
64405 78595 7413
62435 66565 7998
67561 77439 7371
64606 78394 7431
86365 51635 6270
67451 78549 7002
60508 81492 7082
56035 78965 7507
79102 62898 7544
58782 79218 7474
67194 71806 7877
79403 58597 7547
50008 83992 6703
86689 48311 6132
78419 64581 7564
66883 70117 7928
65077 79923 6961
85975 52025 6499
85907 53093 6486
68596 74404 7662
56101 82899 6965
69728 74272 7619
60397 80603 7274
72247 69753 7780
61381 81619 6818
69775 73225 7699
68953 77047 7285
57017 82983 6711
77203 60797 7673
61633 79367 7421
64261 73739 7825
65500 74500 7756
69592 76408 7337
59957 77043 7643
58391 82609 6749
64225 79775 7182
67251 72749 7830
63664 72336 7898
76239 66761 7657
63657 80343 7073
62857 76143 7682
82994 62006 6912
61426 77574 7591
54856 81144 7288
75487 66513 7704
65007 67993 7977
82215 61785 7203
55749 83251 6676
59651 81349 7165
62928 73072 7874
63121 80879 6944
61722 81278 7012
72984 68016 7794
67499 75501 7619
66111 78889 7192
76087 61913 7721
56717 78283 7561
70514 76486 6999
84120 59880 6753
74540 70460 7577
75022 69978 7569
69582 65418 7930
78604 60396 7597
77394 61606 7661
57069 79931 7417
84771 57229 6805
70555 71445 7779
72697 62303 7845
62973 81027 6846
72138 64862 7858
52114 82886 7042
84919 57081 6747
79629 66371 7284
66586 75414 7661
70231 76769 6860
84021 54979 7072
60131 79869 7386
79175 60825 7563
65584 73416 7824
59978 81022 7216
80957 64043 7270
62009 80991 7079
62108 78892 7462
64941 80059 6908
70484 70516 7824
55267 80733 7333
76689 61311 7696
56620 79380 7469
70153 70847 7826
86382 49618 6338
79967 60033 7507
77817 68183 7392
83554 60446 6912
50196 83804 6801
82151 63849 6872
62954 80046 7239
77627 60373 7653
73005 70995 7665
82885 60115 7154
64422 66578 7992
46777 84223 6413
84730 56270 6876
83294 58706 7135
67201 78799 6804
61087 66913 7997
69100 66900 7931
64355 75645 7699
70407 76593 6948
69050 72950 7753
85995 53005 6437
73989 65011 7793
61266 76734 7656
77838 62162 7635
85026 57974 6446
86317 50683 6355
61235 74765 7788
77252 59748 7674
57204 80796 7316
70651 73349 7642
65311 76689 7595
86112 49888 6488
76883 68117 7525
85329 53671 6756
68544 71456 7857
61845 70155 7961
82345 62655 7051
74402 69598 7657
79170 61830 7553
68338 65662 7956
86519 48481 6280
65751 72249 7881
73794 70206 7663
62333 79667 7348
71597 70403 7787
84627 52373 6957
66441 74559 7728
84092 56908 7021
67983 71017 7888
80428 60572 7464
78661 62339 7584
78764 67236 7343
80923 60077 7425
75447 61553 7749
70735 74265 7553
69997 71003 7826
74725 69275 7651
66042 72958 7841
82571 63429 6633
73350 69650 7728
48862 84138 6616
71788 63212 7872
61560 70440 7955
84233 59767 6714
52736 83264 6967
70834 72166 7719
82487 63513 6732
77602 64398 7625
56401 82599 7030
81967 58033 7336
86107 50893 6463
71193 64807 7888
65663 77337 7512
83274 61726 6817
81997 64003 6918
65357 69643 7950
84880 54120 6902
73041 68959 7770
75795 70205 7452
84457 59543 6446
83949 59051 6944
81172 62828 7329
85268 55732 6683
85270 54730 6740
77909 63091 7623
71876 69124 7812
74987 66013 7738
55208 81792 7195
65279 71721 7904
57121 78879 7514
75820 65180 7711
58657 82343 6955
53390 82610 7082
46802 84198 6511
78444 65556 7525
68680 76320 7454
51738 83262 6976
77876 69124 7249
61345 75655 7735
69508 71492 7822
60848 79152 7456
66131 74869 7714
78325 58675 7617
65431 79569 7058
81869 61131 7293
68515 67485 7937
72194 73806 7463
85875 52125 6548
74190 71810 7480
60284 81716 7035
85532 54468 6628
70904 76096 7099
72997 63003 7835
72989 72011 7588
80479 58521 7468
54534 83466 6773
83247 56753 7191
80812 61188 7424
80837 59163 7438
49894 84106 6556
59745 80255 7345
79829 66171 7260
58771 81229 7217
59334 79666 7421
64143 72857 7873
72863 67137 7810
56551 81449 7229
71564 64436 7878
52471 83529 6877
64072 70928 7937
82219 62781 7072
59021 76979 7651
57291 82709 6928
65168 79832 6988
68046 77954 7151
85039 55961 6780
78822 66178 7451
85346 56654 6505
64538 74462 7776
79882 67118 7026
73671 62329 7814
86378 48622 6354
83634 61366 6605
85251 56749 6576
62268 73732 7845
82929 56071 7234
72874 64126 7837
85085 54915 6804
60119 81881 6977
59252 81748 7101
63660 76340 7657
67289 78711 6912
77762 66238 7557
58420 82580 6807
72521 72479 7583
84435 59565 6540
62232 79768 7336
86366 51634 6121
66636 77364 7466
83655 61345 6505
72868 70132 7734
63072 68928 7975
68986 68014 7920
69059 69941 7885
82600 57400 7271
84149 58851 6881
72558 65442 7841
69665 68335 7901
51646 83354 6955
66590 68410 7958
67493 74507 7699
79185 67815 7131
66252 66748 7976
85740 53260 6574
85836 54164 6474
86607 48393 6231
73439 73561 7306
75589 68411 7634
83246 59754 7095
76806 69194 7423
71347 67653 7859
62944 81056 6788
64798 80202 6785
56205 79795 7430
64134 69866 7956
58869 82131 7027
65051 79949 6953
72498 74502 7261
82794 62206 6975
79946 63054 7471
74153 66847 7763
62984 79016 7421
57660 82340 7040
64049 67951 7984
67599 78401 7065
80479 66521 6787
77005 69995 7287
66440 76560 7565
69000 71000 7861
64245 69755 7957
55726 80274 7383
64701 68299 7976
79184 65816 7430
73697 69303 7723
54100 80900 7315
81861 64139 6945
68614 70386 7887
72374 71626 7666
51082 83918 6707
74487 61513 7786
64810 80190 6825
60270 75730 7733
57830 81170 7249
72963 70037 7733
47814 84186 6500
58317 81683 7152
63028 74972 7767
80954 65046 7114
82557 63443 6695
85207 51793 6814
83600 57400 7124
46831 84169 6569
63693 71307 7928
75406 67594 7684
61652 78348 7524
83508 61492 6727
83907 59093 6955
66484 73516 7800
83652 61348 6520
53305 83695 6698
77156 62844 7667
80502 63498 7389
70127 72873 7707
85398 56602 6411
76935 65065 7656
63785 79215 7346
81445 63555 7197
57706 78294 7559
64590 79410 7240
63811 74189 7804
71305 71695 7726
78903 59097 7581
52115 83885 6597
68932 75068 7586
69807 75193 7518
80317 61683 7463
55605 81395 7252
61147 80853 7199
53386 83614 6804
85611 55389 6519
75876 69124 7551
64854 77146 7564
66590 77410 7463
67685 78315 7085
82745 59255 7223
66791 74209 7743
57619 81381 7220
61593 68407 7983
79388 67612 7109
80172 66828 6953
56852 82148 7109
86716 46284 6071
66825 78175 7293
57112 82888 6844
84494 58506 6771
54066 82934 7020
68768 69232 7907
75854 63146 7727
66251 71749 7894
68291 66709 7952
85469 54531 6657
80665 62335 7417
50055 83945 6740
62454 80546 7168
55797 83203 6806
72196 71804 7666
74822 64178 7766
65020 70980 7928
54509 83491 6719
82202 59798 7297
86555 49445 6231
63287 69713 7965
76038 60962 7726
58028 78972 7503
62416 80584 7162
67051 77949 7324
54559 80441 7365
75060 71940 7322
75488 68512 7636
58462 77538 7612
57971 82029 7096
73487 64513 7815
