55038 53599 50878
56565 48412 53018
46392 55848 57026
47775 57273 52554
43876 57220 54391
50255 56657 51722
53755 52909 55513
45168 55382 58023
57304 47144 49843
42563 51932 61404
53587 53783 54162
44847 56657 55945
55818 49957 54372
56868 51760 46990
54638 54047 50727
55855 51241 53488
56493 52018 49983
56896 48859 51655
43023 56997 55228
47779 54249 58758
54013 51908 56100
56644 50525 51835
43489 50843 61797
47633 56793 54610
47257 55129 57863
56974 47491 51573
54706 53716 51638
55326 53288 50941
46083 53114 60209
48789 54530 58076
50991 52265 58600
54718 53677 51720
52407 51170 57941
57348 48630 49241
50715 47704 59584
52239 52389 57554
49234 56783 52980
50370 51328 59364
55583 51247 54090
50082 51008 59655
47141 57430 52120
56426 50994 52254
52376 55582 51680
43394 55937 57434
47668 56418 55458
46605 53959 59411
55921 52916 49781
53197 48684 57705
42908 50909 61845
43629 49056 62047
50567 54739 56437
56018 52912 48568
56759 51032 50658
55787 51890 52785
54394 53478 53224
52979 53289 56105
57117 51263 47208
55962 50943 53620
51347 55939 52674
53949 54605 51003
55136 53823 49580
53644 48456 57292
53195 54948 51943
54757 48282 56133
44991 54798 58842
43821 54183 59609
44070 56129 57087
44025 55634 57848
49590 56794 52368
48342 54226 58600
53484 48224 57462
46398 54708 58668
42668 56063 57257
54913 51666 54939
53595 54469 52427
42980 57812 51513
51148 55693 53787
43732 49650 61989
44772 57756 51543
55252 52141 53732
56277 52314 50192
45491 57558 52602
48890 57104 51727
56770 51297 50264
56591 52272 48040
45784 54418 59131
57262 50425 47605
51909 48266 58753
54673 52766 54031
46824 50896 61175
55998 48428 54457
57239 49156 49800
56375 51930 50730
45936 56897 55059
45729 57314 53886
56954 49764 50956
55371 48433 55334
48842 57167 51237
42847 57942 49088
42738 57647 52622
54268 50990 56272
45604 50588 61592
57154 47676 50673
49725 54074 58023
46321 48397 61567
49328 53993 58417
51301 54027 56771
49764 48859 60150
45350 51293 61395
45381 55244 58166
47721 55094 57746
53747 50342 57021
48412 52799 59698
52908 52419 56962
57556 47144 48097
43613 57940 50338
54852 51415 55246
50507 49288 59699
47528 54695 58375
44324 50514 61786
45207 56455 56269
48825 56789 53473
55015 52950 52801
50632 53493 58004
52419 55328 52535
47950 48507 61020
46022 57752 50298
55146 49213 55544
57734 46918 46002
55284 52261 53482
57587 48131 47584
46819 54739 58527
55373 53667 48696
56172 51347 52619
43009 56760 55887
53168 52591 56634
45359 57212 54318
51769 51612 58266
47672 56952 54035
57448 47717 48785
44654 55800 57508
47428 52068 60493
57110 50811 48425
50272 53373 58371
50718 55766 54260
53477 50696 57147
46509 57019 54534
56159 50557 53428
42493 49157 62096
48615 53250 59321
52154 55897 50322
56138 49272 53966
45107 49727 61781
52245 48304 58491
49021 56600 53906
53537 49560 57326
46633 57643 50845
51373 54981 55160
42343 49680 62055
48236 57336 49352
42857 47354 62095
43421 57631 52652
50000 56388 53357
49437 53493 58836
51173 51712 58683
51612 50344 58787
57409 49664 47712
42158 48778 62118
48305 55000 57667
56631 47493 52919
57087 47158 51068
56972 47155 51629
51392 55386 54176
56300 48747 53787
51134 54164 56737
56377 50088 53009
44874 55922 57287
46187 54312 59157
52839 54397 54064
46664 57680 50018
52831 54291 54318
47862 57310 52170
57305 49610 48971
45918 49118 61658
46158 53055 60231
56614 51505 50616
55755 51770 53035
48631 55179 57195
52695 51801 57447
51146 48688 59283
56799 48167 52227
51622 56124 50999
57816 44978 44869
51980 53150 57226
44206 56007 57263
44880 57858 50240
54173 54601 49702
52013 54449 55292
48804 56050 55539
57691 45737 46961
57703 47587 45838
51603 53530 57118
43520 56571 56342
52605 54095 55094
56408 48377 53526
52030 54829 54459
48580 55648 56462
53210 51664 57056
47031 53609 59611
56181 48250 54103
50703 56539 50980
56273 48436 53886
56802 49347 51904
44599 53886 59798
47466 57309 52680
49015 52802 59472
54227 51947 55799
43515 56228 56957
44748 57814 50912
55106 53268 51789
50925 56118 52893
56129 51722 52067
48334 56473 54912
53884 54324 52097
46141 55642 57396
57546 49105 45941
51479 52824 57983
50886 56501 50544
52308 53310 56729
53982 53036 54936
52184 53842 56183
45278 54555 59086
46018 57639 51612
52415 50861 58032
48538 53651 59036
56815 51567 49630
43422 57060 54996
50193 53077 58690
46238 57404 53090
57039 47673 51234
56801 48503 52171
49522 52121 59563
48439 57005 53051
52617 47663 58194
56043 52529 50561
48722 51309 60276
51842 48466 58794
49290 57049 50495
47788 57454 50094
51018 53025 58142
51054 54532 56296
51518 55706 53091
44923 49569 61833
51246 54814 55623
43407 56651 56176
53596 53508 54699
56501 52310 48891
43865 51746 61406
44798 48915 61900
48870 55046 57272
52443 55752 49992
55394 53438 50151
47247 57009 54188
57231 48650 50005
56905 51529 48779
55536 49254 55023
50438 56619 51286
49190 50288 60285
50223 53578 58220
44574 54511 59227
53426 53957 54052
43147 53898 59879
51524 54589 55723
45136 55097 58413
49531 54205 58010
54737 52852 53710
56926 48461 51618
54116 53823 53054
50619 48225 59639
55925 52441 51308
43784 51514 61537
56290 52505 49342
49260 56346 54426
56341 49868 53212
46315 56364 56080
48178 50609 60757
45862 50642 61511
47060 56671 55135
54529 48675 56411
46683 51189 61135
55294 51172 54689
53078 50312 57613
44157 56953 55300
44890 56694 55859
50014 55383 55865
46260 54871 58489
53704 53381 54766
54158 54170 51821
46533 52244 60660
55540 52773 51689
57042 49917 50316
46528 56225 56290
44105 57044 55026
44998 57869 49922
54163 54628 48986
49544 55326 56438
53016 54658 53156
55536 53375 49731
50627 54407 56855
52097 54474 55120
55253 50051 55264
54704 52462 54503
47427 55634 57010
51939 55302 53447
47037 56477 55587
48239 54842 57901
56631 49085 52645
44049 56362 56703
48051 49971 60911
45980 51491 61201
50945 56396 51357
47060 57249 53407
51047 56207 52240
56647 48637 52724
57020 50849 49276
48323 56948 53400
45153 52143 61022
55839 48099 54696
54962 50423 55523
49019 56403 54509
57389 48624 48970
46078 57742 50715
52331 54879 53842
57113 48562 50752
43603 56732 55963
46911 50660 61198
51492 54469 55973
47723 52982 59821
50491 55639 54837
47716 56064 56168
49883 56731 52184
57805 45587 45611
49372 54403 57867
52070 53641 56577
52443 54089 55356
57617 46239 47614
51434 53384 57436
48134 56817 54053
52452 49316 58281
48725 56203 55258
51662 48974 58900
51888 56074 50172
44049 55067 58628
54907 51162 55291
52826 49245 57983
55993 49455 54212
46047 55009 58346
49042 48841 60516
47996 51162 60674
45385 56131 56814
44075 56472 56472
56051 51672 52439
48524 48402 60779
54782 49597 55963
43568 55151 58586
45604 53913 59653
46673 50033 61388
57742 45286 46369
49487 56473 53849
46927 54609 58658
45613 57123 54538
46784 50022 61352
50505 54860 56290
45203 52750 60659
56008 49868 54032
49687 55929 55085
45036 51511 61353
49037 56884 52809
42950 52754 60815
45784 56183 56607
46710 55713 57135
52216 53962 55933
48265 57204 52196
56593 51120 51391
45583 56830 55353
50394 54050 57529
44797 52454 60894
57619 48429 46032
51833 54085 56183
44786 57090 54843
51732 55986 51554
50712 55935 53819
57433 46541 49054
43483 53283 60392
45338 55990 57060
43735 53082 60527
44461 56873 55523
48023 49538 60974
55428 53275 50617
48449 56113 55671
47346 49696 61216
45300 57708 51667
57630 47421 47326
48581 49888 60666
51205 52756 58218
42972 55154 58598
50302 55347 55649
46286 53565 59832
57326 49391 49191
43316 55540 58079
57121 49068 50547
46593 51541 61022
47159 54167 59034
50880 56081 53103
52945 54994 52379
51289 54956 55332
53713 53106 55303
53339 55168 50087
43906 52604 60854
57734 47241 45511
51319 53780 57065
49022 57125 50450
52301 55648 51621
43478 57491 53265
57330 50219 46162
57717 46029 46667
54247 52121 55677
43875 50344 61869
54728 54026 50435
54264 49788 56525
