49990 41006 49188
50359 37833 47457
41545 48314 49265
49758 41594 50564
45813 44588 53328
46067 44840 52908
47499 42371 53981
46025 44565 53266
42127 48509 48804
47278 43463 53463
41060 49344 45298
43522 42634 54907
47565 42869 53699
49646 42001 50438
48004 40041 54096
42664 48945 45891
49110 41933 52462
43326 45657 52885
42948 47664 50243
46217 39968 54785
43292 44507 53945
43936 47789 49561
48278 42596 53235
46381 43430 54189
44286 48284 46785
45909 46043 51295
46939 46303 48974
46209 46994 47146
48055 44224 51888
43826 43539 54563
49750 41300 51035
47483 44330 52420
42084 48663 48415
44916 41011 54984
45209 46014 51778
46305 46886 48608
42709 42290 55054
43578 48567 46639
41405 48852 48051
40665 49116 47419
47876 44908 50735
48559 43176 52468
46806 44208 53156
48888 41405 52951
47519 45644 49512
46351 42248 54583
48616 43807 51388
43065 47864 49787
47742 41751 54105
45860 42286 54724
47830 45166 50014
49453 42203 51200
42231 45624 52930
48932 43415 51129
47631 41110 54309
49661 41875 50622
48550 44047 50833
46757 44823 52533
49975 40154 51031
47907 40322 54154
45862 43973 53951
43609 40678 55106
43737 45305 53211
48510 43791 51845
49143 40916 52705
50045 40821 49920
47176 44850 52120
43426 42294 55010
48253 41001 53734
44527 43005 54726
45238 41953 54892
47657 41509 54241
48848 43006 52070
44937 43961 54239
43375 45042 53508
44560 48124 47057
44494 44873 53437
42196 43325 54717
49682 40912 51848
47401 40091 54509
47441 44055 52778
44569 45891 52254
50270 39675 49916
48318 42252 53334
42834 47222 50963
45167 41718 54955
47871 44216 52156
40407 49453 45460
43451 43727 54491
49466 42529 50181
48142 40360 53938
46736 41270 54646
46916 43115 54028
49115 43048 51456
46644 46636 48423
41809 49123 46418
49328 42136 51861
40310 49314 46751
42129 46736 51653
49807 40979 51187
43057 48868 45347
42052 48929 47254
48745 40395 53257
47702 42889 53569
39911 49530 44431
41868 47692 50337
42741 48817 46779
47360 44858 51852
41651 48969 47646
49695 39789 51906
44013 47571 49987
43418 42356 54997
42672 40434 55131
45834 41887 54792
49730 39314 51867
49385 41815 52013
47484 45309 50783
39483 49565 44373
49032 40275 52909
49411 42729 49724
45500 43710 54248
46542 46228 50533
47939 44604 51343
45462 47427 48946
45669 46880 50104
45816 47293 48569
40026 49443 46072
49164 42433 52079
49463 40559 52299
43088 47474 50543
47207 42066 54266
47430 45671 49911
49232 42821 51266
49336 42430 51390
44969 47883 46568
48856 41036 53053
40203 48995 47919
47838 45294 48598
42897 42791 54880
43420 41802 55109
48541 43989 51097
45680 41451 54899
45786 47080 49648
44246 46666 51421
44781 47909 48158
42475 41861 55109
43646 48152 48869
43688 45920 52588
48651 44232 49450
45356 40829 54944
47501 43574 53192
46311 45586 51709
47233 46037 48987
41738 46283 52193
48285 41370 53632
49440 42493 50688
44445 45488 52814
50299 39415 49250
40203 48910 48187
45656 42882 54547
40143 49480 45513
43450 48461 47897
43946 47835 49453
45911 47224 48210
50250 40030 48627
47000 46187 49274
44545 42125 54939
46511 46594 49235
47683 44831 51393
44133 48407 46062
47532 43715 53043
