52067 64933 5939
57543 61457 5915
54033 55967 6218
51848 62152 6133
48759 60241 6204
50183 65817 5916
53326 57674 6218
58561 61439 5768
49745 61255 6185
65146 50854 5452
47653 68347 5610
67358 41642 5002
55549 58451 6160
64710 51290 5542
56865 58135 6123
41590 69410 5515
58636 55364 6099
54737 63263 5961
54831 61169 6094
54565 64435 5825
54418 55582 6213
56222 63778 5717
56073 58927 6130
48666 68334 5515
45011 68989 5577
57436 58564 6086
51072 64928 5983
61148 58852 5505
47185 63815 6096
62835 56165 5437
56150 62850 5902
59901 57099 5982
49208 67792 5622
49581 59419 6219
59422 57578 6007
47507 65493 5984
55230 63770 5861
64267 51733 5607
64683 52317 5433
57882 59118 6045
48313 62687 6142
46917 69083 5345
48940 68060 5570
66947 44053 5224
61050 52950 5965
54120 58880 6189
49442 66558 5846
48261 66739 5852
56276 56724 6169
52879 56121 6230
60286 58714 5813
60522 57478 5894
65376 47624 5507
62627 51373 5831
45113 68887 5596
61023 58977 5543
66988 43012 5212
67270 43730 4997
59543 55457 6051
41285 69715 5419
58733 57267 6063
58066 54934 6126
39898 70102 5231
52828 66172 5637
55496 63504 5875
49204 64796 6029
44718 69282 5495
58830 60170 5895
50053 67947 5332
52175 66825 5470
50377 56623 6239
49490 65510 5964
50598 64402 6036
60306 55694 5989
40790 70210 5089
62177 56823 5624
46662 67338 5804
48477 68523 5419
52025 66975 5389
52533 64467 5966
45765 69235 5458
52856 57144 6226
63916 54084 5419
55587 64413 5662
52405 60595 6175
46134 66866 5862
45250 66750 5876
56827 59173 6091
59528 58472 5945
52712 58288 6220
58687 59313 5982
63594 54406 5531
50566 62434 6140
54956 65044 5587
65809 46191 5449
42617 69383 5514
48131 61869 6171
66215 48785 5116
66205 48795 5194
48371 68629 5360
63990 54010 5350
67436 40564 4929
65933 49067 5329
40280 69720 5424
56811 62189 5915
50873 58127 6233
46547 68453 5644
52553 66447 5584
63973 50027 5689
67112 43888 5162
54671 62329 6040
64774 49226 5588
59060 54940 6085
58036 61964 5773
62975 56025 5344
55781 64219 5685
60349 58651 5808
64661 50339 5580
63284 51716 5753
46857 69143 5285
64218 50782 5645
50378 67622 5525
54874 58126 6186
65642 50358 5206
51226 55774 6240
44260 67740 5769
44909 69091 5552
43117 68883 5618
66421 47579 5271
49048 66952 5805
53202 55798 6227
62480 54520 5792
67369 42631 4954
58850 56150 6080
41113 69887 5361
52672 65328 5839
53536 56464 6223
39784 70216 5147
38674 70326 5014
63824 53176 5623
49516 67484 5672
46645 68355 5659
63812 51188 5693
62429 51571 5849
43706 68294 5702
50024 67976 5264
50597 67403 5573
49268 62732 6136
51031 66969 5662
44356 69644 5297
45520 69480 5111
67030 44970 5166
46364 68636 5611
43202 69798 5314
60655 58345 5783
53148 61852 6121
46623 64377 6063
53192 65808 5686
59392 60608 5741
45773 67227 5826
63838 54162 5450
47104 67896 5722
56064 57936 6154
65297 50703 5411
54609 65391 5484
42138 69862 5339
55383 56617 6193
64947 47053 5573
64755 50245 5566
63318 53682 5692
54447 56553 6211
51629 61371 6163
57315 59685 6050
67193 42807 5132
47291 65709 5966
54057 60943 6130
43166 69834 5273
50324 64676 6019
45629 66371 5911
57131 58869 6089
52475 63525 6043
54034 56966 6215
54809 60191 6136
48811 64189 6072
64314 48686 5653
51110 63890 6062
66178 48822 5226
45903 69097 5502
67279 43721 4913
61276 57724 5726
65598 50402 5287
58790 58210 6033
60372 53628 6012
46392 67608 5775
49643 63357 6107
47248 68752 5503
57144 62856 5775
65172 48828 5530
65627 50373 5253
44647 68353 5692
49679 57321 6238
54517 65483 5364
64014 53986 5206
46198 67802 5752
55903 63097 5893
50080 58920 6225
66438 45562 5333
61073 56927 5847
52131 66869 5448
55916 62084 5991
41988 69012 5600
53732 59268 6187
53705 64295 5920
54671 59329 6170
66782 45218 5246
45589 69411 5336
47401 66599 5882
47932 66068 5931
63159 52841 5744
48288 63712 6099
67124 44876 4990
53732 61268 6127
59520 59480 5864
51367 65633 5884
48523 66477 5876
60843 59157 5575
61181 55819 5899
52383 66617 5542
65730 49270 5388
65649 48351 5449
63525 52475 5700
67385 42615 4910
52688 66312 5612
66934 46066 5146
66671 46329 5247
51123 60877 6182
55495 55505 6195
63405 50595 5753
40204 69796 5397
64078 52922 5574
62688 56312 5501
53500 63500 6005
64566 47434 5624
45238 68762 5616
63317 54683 5590
65953 48047 5386
42441 69559 5456
45409 68591 5641
40925 70075 5230
55347 57653 6183
55729 60271 6097
54711 57289 6202
46933 65067 6022
66136 48864 5264
61973 56027 5766
53131 64869 5881
58254 56746 6098
40788 70212 5033
51647 66353 5742
44838 68162 5715
51724 63276 6084
61329 57671 5721
59365 56635 6037
52935 63065 6059
42963 69037 5588
44381 69619 5319
51301 62699 6118
54540 65460 5427
50663 66337 5815
61272 53728 5948
66227 46773 5353
62025 56975 5645
66347 45653 5350
67121 44879 5015
63872 49128 5709
52273 66727 5513
46993 69007 5419
64002 53998 5305
44298 69702 5234
59087 56913 6051
60070 57930 5921
54664 65336 5512
62150 51850 5874
67470 41530 4892
60077 59923 5673
60588 56412 5942
42112 69888 5326
43442 68558 5670
51683 65317 5913
49245 61755 6171
52013 56987 6235
65490 49510 5443
57964 60036 6005
64419 49581 5634
41834 69166 5570
51425 64575 6000
52080 60920 6172
64545 48455 5623
40844 70156 5155
44437 69563 5363
66008 44992 5416
52136 58864 6216
45613 69387 5359
44482 69518 5388
41890 70110 5125
64927 52073 5282
45540 69460 5263
55280 59720 6134
47616 66384 5902
49925 64075 6071
48820 65180 6003
50089 67911 5394
54140 62860 6027
62689 52311 5817
65025 49975 5522
56909 60091 6051
48337 68663 5271
49943 67057 5735
47983 68017 5679
43015 68985 5599
47346 68654 5534
45579 67421 5803
50801 66199 5829
66625 44375 5300
44276 69724 5075
62648 55352 5693
62745 51255 5820
43250 69750 5342
53772 60228 6164
43405 69595 5426
53497 62503 6076
51384 61616 6158
61244 54756 5935
56817 55183 6163
46330 66670 5881
50063 65937 5906
43570 69430 5480
60893 56107 5921
58491 57509 6069
62524 55476 5709
66672 47328 5178
43067 69933 5102
46004 67996 5726
54890 56110 6206
56238 60762 6052
52284 55716 6234
53557 65443 5728
42001 69999 5257
56452 56548 6165
64396 52604 5508
47301 67699 5748
51929 67071 5263
60544 55456 5976
43080 69920 5149
39710 70290 5009
54408 61592 6089
47492 67508 5771
63304 49696 5773
54012 57988 6208
64942 52058 5235
