44399 23601 3105
38648 23352 3474
29572 34428 2580
36368 27632 3469
33498 29502 3414
40521 24479 3423
39015 27985 3423
37369 23631 3487
31703 33297 3042
39284 24716 3456
36376 32624 3034
25448 34552 2429
44932 21068 3085
33061 33939 2667
30768 34232 2688
32445 33555 2957
45755 19245 2798
43416 26584 2967
45607 20393 2776
33275 29725 3402
42889 27111 3049
38430 31570 3031
36331 23669 3494
33874 32126 3226
38292 23708 3478
40641 22359 3421
34989 28011 3473
40905 26095 3394
35547 31453 3267
38678 28322 3415
31876 33124 3089
38495 25505 3469
42776 26224 3212
33188 33812 2748
44127 22873 3188
34835 29165 3430
29767 34233 2730
40342 27658 3377
41780 25220 3363
40017 29983 3167
43460 25540 3150
35259 25741 3490
39586 24414 3451
38861 27139 3448
33953 33047 3073
30194 33806 2901
45147 19853 3051
42600 22400 3339
38662 30338 3262
36858 26142 3479
30638 34362 2450
28633 34367 2676
43670 26330 2769
32443 32557 3183
39522 30478 3150
34483 25517 3491
37558 28442 3435
37214 27786 3461
39157 29843 3279
33072 33928 2675
34662 33338 2860
42294 23706 3360
39618 26382 3435
37484 25516 3478
33659 27341 3482
31788 34212 2512
34498 32502 3177
37082 28918 3421
45568 20432 2878
36921 32079 3138
41506 26494 3352
33042 33958 2489
34703 32297 3202
39444 23556 3455
39984 28016 3373
27477 34523 2438
43347 26653 3004
35434 23566 3497
38161 31839 2934
38715 31285 3108
42447 24553 3334
37317 26683 3471
36181 32819 2952
36533 28467 3450
35930 33070 2791
34423 33577 2708
44463 22537 3141
39333 27667 3426
33583 31417 3290
45625 20375 2727
37890 28110 3444
32177 33823 2849
35433 32567 3133
39543 25457 3447
43642 26358 2814
41047 28953 3173
40781 27219 3375
32675 32325 3219
34342 33658 2561
30804 34196 2714
41140 27860 3299
43831 22169 3248
40233 25767 3423
42699 26301 3218
31260 33740 2917
38198 30802 3234
38270 26730 3461
39117 28883 3362
40343 23657 3430
45421 21579 2831
34440 30560 3347
36000 30000 3375
35316 29684 3401
41876 23124 3378
37126 31874 3163
33675 33325 2985
34695 23305 3497
42183 26817 3251
37995 29005 3397
35011 25989 3489
45797 18203 2725
35925 33075 2653
45029 22971 2999
37258 29742 3364
34476 31524 3273
42745 24255 3319
30845 34155 2735
38208 29792 3332
41965 28035 3135
27537 34463 2570
32051 33949 2796
33756 30244 3373
29546 34454 2548
34353 33647 2612
37495 30505 3296
37590 27410 3462
45114 22886 2775
29670 34330 2660
41163 24837 3401
40726 28274 3308
40659 25341 3413
30649 34351 2501
30541 33459 2999
36877 23123 3492
44604 24396 2923
44449 21551 3162
32166 31834 3260
29916 34084 2813
36493 26507 3479
33979 30021 3385
28740 34260 2732
33348 33652 2837
44507 24493 2970
43492 26508 2921
45181 21819 3021
30691 34309 2604
29535 34465 2497
31954 34046 2733
45462 20538 2968
34222 28778 3451
40565 28435 3311
40121 24879 3434
43037 24963 3268
41301 27699 3292
38081 31919 2853
43762 24238 3195
45131 20869 3050
44108 24892 3063
32682 33318 3024
42130 23870 3369
36718 31282 3243
41320 28680 3166
35999 26001 3486
41346 28654 3165
38797 26203 3460
35307 27693 3476
36011 30989 3295
31928 34072 2701
35423 26577 3484
42108 27892 2881
