36882 33118 3807
33347 30653 3991
35948 35052 3488
35671 31329 3957
37284 31716 3875
34182 35818 3468
36342 29658 3998
32476 35524 3690
30211 35789 3666
35722 30278 3990
31909 36091 3579
24265 37735 3013
41524 29476 3510
30793 36207 3579
38070 30930 3865
39229 26771 3939
35179 33821 3838
36011 32989 3866
43785 23215 3467
38673 29327 3907
32477 36523 3378
37950 30050 3924
33829 35171 3712
34382 35618 3568
44080 20920 3252
39263 25737 3938
36692 30308 3974
43837 24163 3372
32375 33625 3874
32911 36089 3530
32849 35151 3742
40547 30453 3640
43371 25629 3498
39658 31342 3695
43171 23829 3628
34045 29955 4004
29876 37124 3330
27555 37445 3278
28609 36391 3551
36294 34706 3614
38181 26819 3984
30994 37006 3207
31146 36854 3341
28291 36709 3485
43392 25608 3418
29710 37290 3208
36097 33903 3780
28873 37127 3366
33378 35622 3638
34153 35847 3451
36482 34518 3644
35969 29031 4012
42071 25929 3741
40949 29051 3708
40905 30095 3615
40022 30978 3438
27394 37606 3182
32506 36494 3408
42193 25807 3727
33136 35864 3587
32915 34085 3842
36550 33450 3799
38936 30064 3849
33978 36022 3291
40081 26919 3888
38607 32393 3712
31957 35043 3763
44028 22972 3281
41432 25568 3803
29633 36367 3555
36855 28145 4012
36489 32511 3873
31697 36303 3530
34948 35052 3687
34712 34288 3802
39398 30602 3774
35670 28330 4023
33128 33872 3858
32434 36566 3303
42941 27059 3372
37046 28954 4001
38996 32004 3706
37991 29009 3959
43858 24142 3292
26275 37725 3100
42836 27164 3446
30538 35462 3722
35444 32556 3912
42741 27259 3493
38714 28286 3942
33965 32035 3949
33459 32541 3935
32704 36296 3469
38863 31137 3786
35572 27428 4031
33617 31383 3973
32390 36610 3218
36570 31430 3934
43126 24874 3591
41137 27863 3763
32523 35477 3699
34696 30304 3995
37289 27711 4009
39878 28122 3873
39584 27416 3911
34648 35352 3649
38127 32873 3718
29227 36773 3465
28062 36938 3429
31017 35983 3625
31471 36529 3460
36111 34889 3548
41978 29022 3396
43674 24326 3486
42372 24628 3719
29441 36559 3518
34937 31063 3975
44059 20941 3332
40625 27375 3842
33743 35257 3699
36757 27243 4020
39230 29770 3841
32096 34904 3778
37508 32492 3812
33190 34810 3774
38864 27136 3953
34014 33986 3844
37945 28055 3988
35587 33413 3853
41715 27285 3718
37232 27768 4010
34198 34802 3757
35385 28615 4021
37271 33729 3686
34129 34871 3750
31370 35630 3689
38554 30446 3858
40943 25057 3836
33944 28056 4026
30131 36869 3416
34678 29322 4013
42305 26695 3650
44034 21966 3391
32402 36598 3246
31443 35557 3700
36099 27901 4023
41307 28693 3683
37166 29834 3976
35593 34407 3755
42081 27919 3582
37129 30871 3931
41702 29298 3475
28524 37476 3189
36254 28746 4014
35365 29635 4006
31137 36863 3334
33757 29243 4016
34992 29008 4017
41928 25072 3762
40930 28070 3779
