97591 91861 83685
85443 79153 91693
93861 83819 89484
103109 89191 81422
106256 85698 79035
89328 82802 90743
96148 94849 77672
98234 94654 74043
85330 97692 74249
90120 90167 87627
90703 92166 85675
105854 89041 72578
91842 96244 77674
96274 93652 81455
80893 76355 92192
98971 92859 80499
108813 82029 68904
89721 85604 90006
95566 88640 87408
101041 90673 82272
93819 86886 88786
89028 80060 91021
97613 95085 72286
97638 85242 87801
95265 87787 87929
90312 94485 82690
100565 93588 72559
92055 79985 90231
106227 84006 79653
98161 94872 71635
95378 95975 71790
94273 93394 83349
104053 86145 82401
102789 85375 83984
105637 88909 76280
97709 86460 87418
87230 83269 90937
101620 83393 85378
105961 88001 77367
106791 87825 72169
86329 87459 89405
98537 90000 84988
106553 83748 79146
89809 94823 82195
90367 91272 86644
100921 85860 85483
90115 96296 78556
85829 96912 77519
105751 89111 74222
89204 97686 70586
94391 90966 86122
108353 84619 72111
89895 97545 72041
79980 76968 92236
108783 82279 70693
92422 95992 78038
102085 83873 84927
88899 95408 81217
84391 98331 67953
92683 95968 77889
108136 82318 75053
105911 86449 79397
107632 85198 75488
82857 98424 68052
88723 81459 91012
94165 94418 81317
100981 90144 82999
91663 86874 89267
95480 85126 88727
95171 91753 85049
96691 90407 85711
96956 88703 86744
107257 83675 77551
105484 87681 79123
95794 95739 73259
88477 96702 77741
103400 86000 83179
102681 91452 77646
101914 91234 79908
89872 93495 84145
94613 95348 77965
104209 90717 74984
93195 96674 72791
103928 89243 79955
96810 82993 88463
88680 88633 88767
96202 81158 88778
100771 92295 79231
93288 93419 83675
104506 89412 78507
96184 95581 73437
80871 79670 92044
99756 85975 86327
102839 87914 82971
107176 84604 77375
103587 91110 75892
82433 98436 68147
92684 87583 88763
85761 97749 73795
95887 92614 83731
86542 96441 78827
95191 91153 85668
93053 81406 89908
85691 98058 71787
96539 93282 82090
97262 85452 87943
106420 87877 75905
91631 97194 70817
95593 94963 78059
95274 84608 88887
99190 90796 83783
100291 86425 85783
107309 86324 75277
92022 95103 80888
103876 88596 80924
104613 90407 73630
102236 92342 74417
90144 81665 90688
99017 83339 87361
97614 94603 76101
98015 94340 76509
87950 97745 72864
104327 90554 75407
81353 77826 92158
92324 95625 79353
102607 91843 76111
93283 96702 71087
87218 96938 77244
94550 96262 72246
95214 95840 74389
100270 93065 77278
82881 98398 68927
107774 83833 76051
95217 93603 82378
103335 83565 83752
108202 83609 74672
85848 80531 91528
107065 87415 72414
100157 89036 84601
90527 82387 90514
86187 98139 69309
101994 91595 78934
94162 90361 86720
92878 95658 78746
100983 92786 76650
84318 81008 91669
106314 86587 78226
108266 84861 70207
102894 91225 77835
103846 89648 79478
95469 84349 88855
91845 93048 84529
99545 88010 85644
108425 84385 71406
97104 84161 88249
97823 94780 74633
92853 86698 89130
102127 87165 83996
97637 93062 81619
104425 89499 78532
102358 84763 84536
108058 82714 75332
102822 91798 75202
106688 86558 77244
84704 82962 91216
90486 87334 89262
103965 85812 82608
105074 88072 79418
99161 92940 79962
90616 97027 75040
87010 84321 90700
102321 87255 83785
97595 94188 78106
103119 90204 79885
93274 89396 87684
100472 83654 86335
102719 84454 84282
101652 87135 84424
103401 89679 80274
106106 87321 77975
96485 91653 84564
96378 90989 85302
79729 78428 92173
97850 91077 84416
93194 86347 89154
106572 84002 79043
89787 87004 89482
95207 93191 83267
95219 95181 77731
104803 90145 74919
107705 83288 76402
92281 94797 81449
95152 90586 86216
100257 86193 85881
96851 93906 80197
91216 95100 81232
92106 96009 78260
91648 97126 72463
106796 86979 76299
91036 79434 90537
88124 94395 83029
97123 92691 82857
91771 80551 90309
96679 92546 83368
93370 91331 86066
105860 83911 80260
88113 97858 71022
103856 88420 81161
92033 95437 80023
100927 91448 81068
88339 81336 91086
90806 95938 79323
106869 87590 74113
87829 86912 89641
78735 77221 92272
105049 84845 81392
88607 95186 81778
85912 82604 91218
95114 86521 88471
102001 90833 80677
105306 88851 77582
83673 98191 71152
106108 88262 76204
84435 83485 91080
100602 93365 74740
93809 85397 89240
98497 89074 85712
101212 88323 84235
92661 95008 80775
108475 84121 72046
87724 85170 90348
86161 98054 71336
99187 85149 86955
90102 79839 90785
91568 86178 89548
107922 84129 75485
82928 77381 92048
94166 96357 72927
105143 89777 75081
98433 88530 86097
99534 88217 85549
106252 88568 72788
93969 85662 89121
89498 95259 81459
105475 88783 77216
102460 83335 84621
96578 92165 83924
90289 86614 89593
103984 84765 82857
90015 89632 88048
100554 92713 78117
98810 86147 86870
102424 90949 79679
99744 93170 78076
86383 83864 90880
99372 87340 86053
91981 82084 90171
106565 88154 72778
90797 91028 86839
96966 86478 87751
89384 81487 90876
88038 86182 89963
90994 97337 71041
102502 91415 78290
98401 86409 87028
108012 84593 74649
89659 90857 87073
92226 81326 90149
91705 84747 89879
95080 87429 88156
85250 82143 91374
102210 92333 74644
102192 83630 84864
90419 86374 89661
99543 84166 86927
93034 86082 89273
96163 95684 71579
80079 78208 92185
89827 95635 80432
92545 91871 85723
90993 95600 80170
100253 89635 84101
108054 83313 75238
99019 92325 81672
103690 91242 72593
87129 98015 70225
100688 93444 73552
104229 87839 81189
94849 89223 87346
96778 94987 75998
93697 96561 71739
91740 97166 71327
106166 88027 76531
84333 98104 71735
99852 88431 85210
98923 89169 85400
86755 97031 77006
103420 91301 75521
106550 87460 76365
103951 86826 82265
96472 84665 88427
96968 94099 79400
106786 87786 73321
84948 85384 90355
104823 87810 80275
102948 87920 82849
99467 87785 85804
106923 87142 75453
103564 90173 79089
87817 87835 89213
100128 91780 81428
89847 95936 79678
95460 89382 87000
105404 84054 80983
84096 97723 74126
86738 80287 91434
93034 88615 88191
103319 84632 83615
107718 85819 73840
93980 80928 89627
104829 85456 81600
99336 86291 86487
106555 86517 77646
92702 96896 71634
100736 83787 86099
101253 83970 85637
105095 87505 80035
103932 88810 80584
82776 81515 91662
84634 98288 69255
90184 94244 83104
103888 85008 82918
108871 81164 69585
85656 98180 70306
104901 89624 77125
99950 92321 80512
101695 86066 84790
85311 78190 91754
90375 94237 83082
95305 90285 86421
86935 96145 79539
100326 84353 86380
92941 94050 82762
85929 97433 75428
89750 88274 88904
94884 91906 85002
102752 90952 79025
102013 86280 84451
102258 91649 78157
106103 88725 73309
94490 94742 80205
97698 90495 85065
96782 95205 74815
99266 84149 87101
94527 90057 86841
91070 83306 90267
91678 87733 88901
98056 85807 87428
99307 93260 78649
97852 88197 86604
105970 88811 74544
86904 97628 74230
94883 84119 89100
84155 97413 75609
88016 80428 91226
94242 94930 79861
91874 92066 85646
93059 91234 86236
91530 86893 89281
82667 81742 91612
96339 90679 85620
98356 92133 82712
96993 86978 87558
95426 83576 88968
87692 97933 70628
92735 85562 89470
90394 94989 81748
102554 88216 83042
92857 84104 89724
77930 76576 92291
98198 86554 87092
99414 93443 77658
95620 87601 87885
83016 98391 69062
89250 96675 77531
106997 82985 78283
100344 83243 86455
95130 86209 88571
94345 95752 76615
95842 88290 87483
107056 83102 78146
83986 98292 70314
101633 92745 74746
99513 88763 85246
108832 81809 69169
101465 87658 84365
91689 81009 90315
106341 87190 77510
101117 82971 85831
105559 88955 76478
100071 91429 82192
91728 86443 89429
89020 94319 83086
94430 94048 81952
94306 85891 88947
101418 84773 85348
91764 82537 90188
107122 87332 72046
101526 84368 85354
93634 87846 88436
107091 86399 76174
100581 92214 79768
92471 96948 71890
89792 97584 71099
100714 91675 80879
88677 80456 91090
86571 85575 90257
94096 96089 75355
90354 92574 85238
97869 90766 84720
96339 86407 88050
105568 89242 75148
96716 81455 88546
87904 97026 76729
98281 94822 71274
99975 87781 85467
98390 90202 84917
95591 94727 78952
88569 97246 75633
103875 90689 76834
101792 92368 76250
101871 88775 83304
95206 95935 73500
90471 97448 71451
84392 82069 91467
82120 78847 92076
106856 87464 74830
89415 91556 86440
89211 97369 74298
89241 95080 81862
81540 80773 91836
91311 97202 72524
101795 90291 81897
98137 92772 81817
92719 96328 76250
97132 91620 84236
88367 90782 87162
94202 82412 89512
99484 85881 86540
89302 85796 89986
89974 88534 88752
96382 86819 87904
106402 86324 78217
90407 84568 90179
84790 78582 91808
86660 78383 91528
100748 83031 86144
92925 96380 75677
90915 94398 82696
96932 85145 88145
91433 89694 87864
96528 94557 78301
108859 81224 70000
105142 89045 77664
94261 94023 82108
92830 90629 86834
106202 88488 74618
108662 83302 69806
94590 89364 87331
107495 83622 76999
107124 87306 73017
91533 82769 90218
90804 97362 71659
86806 88104 89076
89432 87191 89429
108206 83010 74766
102953 83571 84128
104172 90637 75846
88475 95846 80234
103953 87403 81894
105275 88439 78442
108466 82216 73801
107219 83153 77742
82859 80363 91849
108292 84434 73169
89872 90630 87262
102982 91235 77538
96585 85392 88235
103102 86577 83330
88924 96905 76797
104418 88920 79525
95947 82869 88859
95912 88796 87180
101330 87020 84751
106719 85076 78312
101419 87710 84377
104394 89450 78701
93756 94716 80811
91816 96624 75972
88412 90057 87808
95153 87089 88256
87676 96490 78642
104881 90064 74916
104585 90442 73035
78987 76783 92282
86189 97224 76331
103561 85542 83141
94769 81981 89325
86518 79880 91497
84721 84004 90902
95231 96017 72152
101182 87430 84698
85686 86755 89759
108848 81600 69828
108623 83307 71838
96277 85911 88224
91639 89078 88284
102561 91111 79030
102896 91438 77032
108728 81439 72309
83572 78615 91957
101284 93130 71811
96177 88799 87062
102089 83392 84977
90241 92061 85828
96491 91261 84971
104523 84862 82137
100893 87951 84672
85308 98210 70285
105465 87901 78858
79936 76313 92245
82586 98453 66803
100299 82274 86530
86680 97112 76721
97814 92242 83050
85436 84603 90667
99019 89709 84899
97809 90209 85251
94391 95583 77291
100692 85217 85856
86524 83077 91059
91162 96087 78672
97498 91349 84325
85052 79745 91714
88512 87811 89199
95867 93268 82628
98561 90473 84572
89536 93557 84087
103944 90514 77258
103248 88983 81463
105246 89369 76488
107210 87130 73531
108433 83274 73861
94641 86201 88749
97820 89557 85780
100023 82897 86721
101085 93238 73268
94292 84848 89179
102265 91970 76735
92002 90221 87325
88194 78997 91222
96247 91870 84438
104721 83889 82025
90566 96881 75890
91375 96544 76857
104775 90248 72703
91677 93910 83329
107530 86640 72027
89587 79156 90904
93616 96350 74662
96824 94818 76674
94758 92474 84430
103929 89818 79003
106452 88211 74156
99128 91365 83169
94530 96281 71754
106062 84890 79768
107330 86754 73828
92529 96196 77219
86915 97757 73412
106635 87848 74784
88610 93536 84170
89217 92662 85190
100039 93763 74188
94845 85667 88820
89541 90094 87726
85208 86091 90052
105706 87289 79019
108613 83575 70915
97491 84728 87979
99157 94241 73750
108177 83059 74861
82675 80949 91787
100195 89863 83956
101684 82833 85338
100302 88655 84728
106229 86000 78941
107312 86485 74830
102783 89566 81436
90121 94492 82712
108802 81055 71563
105126 83924 81439
91661 97054 73202
86714 82350 91196
94316 92808 84189
99473 94254 72076
91688 96591 76291
98191 94015 77714
85691 97959 72486
88257 97414 74859
92694 93044 84387
95343 94915 78608
107459 85990 75130
94114 93083 83932
98889 90659 84144
91244 93606 83883
85400 97161 76666
99005 88767 85583
97049 90862 85115
104705 89268 78302
105384 84902 80870
101082 93057 74910
90980 85975 89709
104701 86112 81594
103047 91777 73532
105860 89034 72259
100172 93474 75601
98365 91062 84091
84968 98001 72410
88737 89139 88468
91395 84289 90046
92272 82474 90062
103906 83171 83066
100269 93809 71190
106467 86780 77655
94720 96078 73854
83997 79854 91808
107883 85621 73125
91328 79732 90449
91191 85587 89783
105717 85641 80130
89098 91756 86217
106965 85383 77473
107471 86201 74529
97117 90502 85399
84333 98203 71036
88811 89338 88336
101797 89462 82830
101717 92816 72568
102064 92542 73707
89990 91831 86096
96995 95067 75089
90832 97159 73898
104091 90890 73563
99002 92908 80330
88576 84677 90454
87143 97286 75916
98819 93515 78562
103660 84282 83314
95698 95724 73791
105343 89634 72883
88915 83810 90613
99581 84853 86762
91314 85701 89730
108309 81830 74406
94972 88272 87814
94631 82879 89322
98872 84445 87294
86922 84975 90472
89399 93082 84693
103981 88761 80564
85929 85786 90181
106804 86464 77008
95683 89792 86639
93679 92221 85078
108030 85500 71093
95710 95285 76457
87606 97193 76154
93169 96172 76386
89211 97468 73599
96509 93689 81132
93266 89205 87803
100552 88165 84828
107622 86448 72342
91471 88256 88716
108623 83194 72154
95664 95454 75781
108662 82838 72059
85888 82955 91144
103802 83400 83189
88572 80976 91078
94885 84690 89008
84940 78119 91801
98198 84711 87624
108673 83227 69917
88802 97499 73798
103338 90003 79844
108011 84770 74275
82681 77939 92058
107431 85301 76112
107643 83918 76433
101976 88931 83079
88004 97683 73301
87256 86793 89712
103685 89690 79722
92224 96997 72248
90641 96518 77463
100689 89789 83655
99917 86624 85980
102915 89887 80842
96178 95644 72578
97465 93604 80380
94894 81457 89297
93016 94681 81365
92303 94027 83002
106273 82862 79626
106783 87766 73599
98987 90099 84605
87950 97646 73563
97166 95110 74134
89857 97246 74488
102287 84681 84616
88979 97717 71199
105766 86726 79443
104135 90355 77253
97006 95357 72122
96089 92339 83988
103206 90804 78345
87670 97889 71594
98622 85435 87231
90052 97396 73160
99893 90322 83756
91922 84437 89893
105426 85307 80706
98849 82109 87521
98958 87192 86381
86969 83689 90877
86800 86521 89844
106556 85025 78716
100859 93008 75949
101654 92313 76995
96971 90783 85229
94971 92247 84619
108557 82992 73155
91632 96790 75291
103257 84288 83746
105219 88493 78485
105024 86907 80654
85772 97878 72977
92958 96709 73378
90490 88996 88458
77112 73410 92330
107064 85616 77032
100067 90752 83141
107324 85267 76527
89049 95809 80233
106791 85611 77777
98474 88168 86278
92062 96909 73602
92506 90044 87379
93049 89686 87541
102239 87394 83790
99673 90100 84121
94579 82931 89335
88670 94938 82170
108648 83146 71839
92832 84833 89603
103301 90864 77924
104070 90292 77583
102652 91672 76899
102382 92287 73923
92378 96679 74761
107945 85359 73403
86364 97456 75285
100142 93114 77380
105771 84149 80376
87898 86582 89788
105181 89648 75761
89140 82339 90848
87623 95538 80979
100447 92530 79108
90883 94004 83345
84839 98293 68733
106187 88651 71936
87143 79842 91396
98479 90103 84942
93907 95626 77781
92690 94040 82878
85104 97606 74730
102921 87433 83118
91186 97166 73258
90250 80669 90720
100999 93159 74456
89232 82903 90742
100702 92712 77750
80515 78433 92159
96903 89775 86148
90743 93754 83747
91869 96766 75068
101294 88809 83824
102479 92286 71691
97010 87411 87361
108810 81878 70495
97556 82610 88137
108552 83964 71192
92762 81016 90017
91977 92101 85594
107000 84661 77823
90823 92805 84949
103229 85387 83546
101775 90663 81432
86915 97856 72713
104385 90410 76035
95834 93399 82379
101183 91593 80329
84957 97872 73228
93315 92705 84664
101814 90071 82162
91864 97112 71808
108909 80379 69215
103595 84009 83424
93497 90822 86521
108734 82838 69640
105020 88974 78100
102154 92512 72505
88389 96342 78906
97513 87110 87243
88519 92705 85142
87917 97909 70203
88682 96736 77557
100888 87274 85004
91298 85018 89913
88625 89830 87997
101902 91931 78144
96424 87792 87472
78981 77318 92260
98115 91201 84100
90748 96022 79113
95867 94114 80653
106581 86987 77068
83943 98358 68173
104747 90276 73296
84773 82264 91394
103930 90074 78474
96855 86031 87945
102299 92389 73469
93870 96453 72907
103854 91098 73164
98525 86449 86941
96902 83831 88386
101049 93283 72049
99342 82322 87228
104929 83718 81766
106161 88520 74744
105441 86264 80321
98448 91149 83926
92279 86465 89321
103067 88711 82077
89342 96323 78766
91925 95834 79010
90762 84384 90155
92813 92762 84702
93051 93642 83416
102556 89191 82192
89278 94422 82923
97269 91084 84750
85466 98173 70593
104313 83954 82553
103996 90944 74795
108487 84186 70374
99692 93782 75431
91194 95844 79389
89911 88923 88557
91094 82188 90397
94386 88006 88145
101293 88037 84319
102256 83070 84824
104831 85123 81662
98595 93370 79528
104750 88726 79178
97662 89818 85662
77651 74896 92320
97480 83951 88107
92481 86102 89414
102423 85375 84345
100201 82181 86602
103272 91606 72008
