22408 26592 2237
16793 32207 2076
20505 29495 2237
19973 26027 2375
24436 21564 1923
14339 32661 2080
24135 21865 2088
20021 29979 2238
22782 25218 2240
22760 27240 2154
18948 29052 2390
22154 25846 2281
21528 27472 2291
20839 28161 2311
19699 28301 2372
23020 26980 2122
20792 25208 2346
24066 21934 2118
12258 32742 1871
24252 22748 2009
23265 26735 2058
24445 21555 1882
15870 32130 2206
23328 22672 2209
18689 31311 2161
15499 32501 2081
20620 29380 2051
18539 31461 2128
16268 31732 2284
23947 24053 2087
23640 25360 2096
17735 29265 2406
16944 32056 2139
22060 24940 2287
23662 23338 2182
19427 27573 2389
24541 19459 1884
24174 22826 2064
23874 25126 2004
21443 28557 2232
17695 30305 2384
23824 24176 2136
18931 28069 2396
23473 25527 2135
18612 30388 2326
16150 31850 2263
17722 31278 2291
24081 23919 2008
14264 32736 2058
17487 26513 2416
18654 28346 2399
15470 32530 2020
15796 28204 2411
24264 22736 1938
20388 27612 2352
24484 19516 1929
16750 32250 2038
17370 31630 2248
23156 26844 2101
22930 25070 2230
20089 28911 2331
19904 30096 2089
18510 31490 2067
16231 26769 2416
16982 32018 2153
19087 30913 2239
19271 29729 2344
16611 31389 2337
23974 23026 2125
22944 26056 2194
21241 26759 2320
18375 30625 2319
23245 21755 2216
23865 25135 2024
18526 27474 2405
24229 19771 2055
22881 24119 2244
