32365 37676 33052
30667 34333 36858
29588 38333 31073
36043 34740 32828
31669 32601 36835
35668 35423 32906
33951 36555 34188
33187 37299 33662
31946 37000 34863
33768 36283 34648
32552 37926 31373
36522 34780 30402
30893 38344 28999
35889 34169 33577
34880 36816 30810
36388 34943 31143
35136 36588 31526
31177 38236 31134
29931 34835 36790
32321 38008 30436
34573 34161 35104
30408 35663 36229
36294 35093 31143
34027 36884 33446
30599 38301 30654
33855 31721 35747
35185 36091 32857
36176 35015 32152
35496 34539 33934
33111 36970 34404
33870 37282 32696
36657 32792 32462
31746 37557 33753
31961 35795 35879
30374 35349 36455
28617 32329 37209
36330 34942 31714
37107 31722 29024
33499 33319 35946
33504 37384 33084
33286 37695 29598
37089 31210 29873
32549 33448 36488
31696 38090 32117
28566 31655 37221
36296 34727 32106
34995 34629 34527
35762 35273 32906
36367 32678 33033
31414 35149 36331
34110 37263 31960
32933 36667 34928
32568 37180 34363
31701 37528 33854
34254 37015 32698
34862 36647 32225
30991 34074 36905
35716 35631 32297
35323 35809 33119
36758 34060 29851
36082 35165 32152
34454 35590 34700
33247 34392 35890
31357 37887 32963
36431 33697 32465
33711 36510 34452
31801 36201 35596
34710 36928 31600
35257 35668 33617
35833 33224 33833
36519 34601 30910
35670 35937 31537
35745 35879 30318
30042 38345 30295
35259 36374 31783
33616 37461 32239
32829 37844 31403
34303 36487 33909
29950 32888 37152
29942 35206 36586
36185 35195 31480
31471 38279 29479
34237 35600 34830
32429 34760 36135
37037 32904 29613
36007 35522 30459
36809 33591 30907
31634 33722 36805
35734 35564 32408
36660 33995 31198
33350 33665 36004
34537 33043 35205
31267 38017 32491
31342 36604 35366
30020 37595 33820
33855 37491 30775
32425 35143 35997
31368 33860 36864
33862 37483 31254
35188 36270 32349
32278 37985 32072
34413 37161 31148
34040 32493 35588
34957 33376 34880
33314 32547 36105
34774 36336 33568
34315 31591 35400
33557 34859 35550
33601 37405 32665
33131 32669 36203
30977 37117 34801
30359 36554 35439
30351 35890 36033
37051 32668 30824
33235 37507 33053
35632 34985 33539
35194 34138 34467
35379 33844 34303
33397 36015 35046
30478 32226 37159
31220 32861 36992
29511 33652 37112
35880 33754 33710
36885 33230 31115
29152 38448 28482
33030 34402 36020
34052 37043 33070
