57183 57892 44144
44229 47346 53551
63169 49750 39761
54819 56875 48686
54803 54324 50856
46572 61573 37497
56765 59044 38719
58114 57729 42644
60751 56189 38752
56075 49723 50895
60021 56519 41592
56527 55742 48612
56998 58946 37723
52087 51081 52768
59536 51193 47176
51964 56683 50315
57542 57140 45604
59978 53551 46031
57045 56119 47713
54704 49531 51847
60210 56751 38407
47974 61557 39190
60755 51279 45195
51628 61079 39543
59175 57585 38764
51747 57118 49972
50155 51852 53020
55794 50310 51105
53663 55032 51074
57883 56678 45999
53862 50064 52253
55698 57203 47580
61172 50220 44547
61431 54985 41354
54739 56518 49187
59510 55737 44980
60896 52050 44786
61287 54838 42356
57275 53843 49132
56252 55440 49143
52058 54468 51842
51702 60932 40853
56331 53790 50014
58097 56111 46503
63368 50467 37794
52181 57038 49910
53087 57711 48535
63483 48217 38387
59113 56754 43649
48160 59893 45822
63472 49293 38359
63541 49001 37317
63328 48805 39191
60261 54065 45405
60287 55140 44456
53487 59886 43426
62104 54162 39356
47998 59476 46677
54141 51399 52068
58017 57936 42016
52686 60859 38185
49746 60678 43519
54119 60339 38117
56680 52478 50125
51254 60622 42836
57116 52813 49701
49069 59065 47439
50536 54446 52107
59562 52478 46971
59676 54016 46244
59751 56025 44150
50322 54897 51892
55286 59261 42727
52491 56147 50605
49014 61490 39703
50936 59456 46216
52037 55095 51482
52817 60448 41897
61847 54525 40314
61283 55557 38057
52300 60788 40689
61677 51222 43468
57229 55372 48201
60376 56591 38127
49250 61515 39036
63625 48159 36876
61781 54760 39636
60056 56286 42348
58320 58051 39998
52899 53787 51930
52864 60767 38935
51810 57578 49378
49293 55643 51422
61786 54206 41749
52876 56970 49701
50462 56608 50706
58946 50184 47994
52845 57035 49637
56815 56073 48006
60285 56372 40983
59950 56982 38248
56199 55446 49187
54116 57338 48508
50561 50914 53088
55828 57400 47108
51872 59714 45119
51377 53278 52489
57835 57723 43400
52075 55420 51265
49235 60593 43978
60446 54661 44610
51307 60753 42290
49095 55463 51540
49396 54143 52289
53657 58561 46679
56847 55274 48666
59146 52286 47543
52264 59599 45198
56455 52800 50246
55676 59342 41022
59544 56869 41947
57415 54427 48651
48999 52494 52954
52770 57203 49461
58153 57417 43673
45589 48564 53489
55842 58547 44559
57325 51999 49639
52974 54490 51586
59368 53486 46878
59577 55632 45001
59327 51396 47440
52681 50751 52619
53941 57909 47689
58237 55497 46963
48813 60398 44598
57923 54490 48083
60583 54050 44807
57036 53225 49668
62187 48994 42501
55212 54633 50434
54105 49896 52152
59665 54913 45618
51107 60508 43356
58626 54431 47287
56474 55748 48656
54109 54275 51252
54496 58249 46710
51930 58449 47863
57578 58075 42546
49367 58699 48102
51622 57482 49579
63605 48349 37168
51466 50693 52923
52436 60226 43243
53787 57082 49057
53003 54983 51287
48508 60740 43775
52546 60839 39221
48691 49298 53328
61308 54028 43297
61556 52976 43344
62248 52291 41741
54716 58092 46857
49479 58030 49170
53341 60538 39509
51788 56610 50427
47734 61324 41269
58241 52309 48679
54650 59152 44536
56401 57651 46108
50936 50072 53022
50716 61208 40306
59150 57477 40347
59696 55795 44574
54300 54684 50939
49433 57593 49819
62986 50536 40218
63099 49694 40004
53858 60198 40717
48731 59057 47485
53519 52090 52209
62937 48333 40528
55683 52154 51002
52701 59923 43972
53389 57831 48154
59703 53249 46562
54534 50515 51905
60797 55789 41384
52546 60301 42911
58176 56057 46473
53320 54701 51359
55128 59149 43638
60653 55642 42386
56051 58608 43980
51262 60811 42073
49554 56725 50679
59567 55279 45424
62794 51779 40202
52983 58546 47133
50520 55077 51774
50961 60163 44397
58632 57945 39255
63515 48415 38083
59245 56370 44336
58936 57450 41486
62702 49805 41261
47723 61567 38475
61191 54652 43027
56168 58775 42953
57056 55969 47850
48942 61364 40843
58197 54904 47485
54349 60239 37662
49561 53096 52764
52667 56220 50493
62355 49351 42117
55207 59817 38714
55120 51859 51503
60972 55193 42711
47656 49925 53406
59959 56894 39462
54255 55832 50302
52499 57648 48937
59442 57105 41300
50333 57219 50115
56348 57657 46152
51521 58243 48404
63297 50787 38317
60736 56244 37871
54967 57723 47289
50833 58108 48887
51475 54904 51701
54008 56677 49440
54946 58138 46564
50982 61086 40877
58481 54832 47215
52191 60961 38902
58706 56140 45602
54961 57297 47965
49338 59873 45759
61602 55108 38382
52122 56793 50176
52290 52344 52566
56344 52167 50457
55073 53671 51033
57188 58564 41175
53876 55210 50882
56584 56199 48084
50073 60389 44263
61609 54811 41142
61516 55151 39972
48407 60366 44729
62962 49972 40414
63286 49192 39332
60125 49621 46309
53809 59500 44281
53382 57327 48937
54220 59185 44824
50098 60076 45093
60270 56653 38968
52665 55761 50872
54681 56245 49538
60070 56092 42944
51776 57283 49790
58729 52843 47913
50737 61076 41293
54001 53683 51601
51274 57486 49694
53632 51256 52280
59960 56486 41995
62890 51965 39531
52755 60652 40519
49027 60487 44331
52469 52101 52581
61591 49223 43783
55209 58256 46085
51892 57765 49045
57733 55460 47582
51689 52679 52624
59346 55143 45872
58936 54011 47159
58206 54530 47746
60975 55615 41172
51123 61204 39331
56312 58514 43789
61718 54535 41446
53775 60364 39665
51986 53381 52349
57551 55546 47712
61973 50185 42981
54302 53989 51296
57926 54055 48305
59591 57144 40077
55929 55904 49001
63490 49446 38180
48840 60981 42983
48830 61450 40296
60975 50809 44877
56082 59420 37117
51680 59536 45718
55982 56943 47687
52981 52065 52412
57276 55244 48243
58557 54520 47317
57512 55412 47864
62675 52993 38941
54591 52260 51712
56890 54964 48847
51409 55988 51007
63101 51901 37511
56869 56744 47134
56509 57747 45731
53937 59145 45161
49744 61452 38859
60779 50183 45302
48727 51370 53252
48067 60257 44982
55545 57360 47445
63633 47319 36341
61388 53497 43473
51302 60939 41367
50457 52836 52773
48500 60002 45569
49913 58176 48935
53305 56650 49865
57565 58489 40077
56117 56089 48635
51841 49851 52857
50902 60922 41951
63267 49775 39322
55069 55322 50094
63195 51015 38981
50255 61342 39774
54310 59702 42607
51361 61171 39045
55184 56573 48810
62861 52525 38466
58409 58112 38575
49562 61208 41494
56848 58168 43887
46679 47953 53495
62580 49621 41587
52444 49892 52701
50852 53027 52679
61306 51624 44105
49048 49781 53286
49742 61070 42053
53494 53201 52028
62817 52701 38216
60568 56263 39896
59057 53747 47147
55482 53408 50921
60953 54198 43952
49579 61421 40279
52440 57280 49517
50125 61024 42046
57099 56790 46841
52699 51599 52576
54537 51455 51864
57065 54967 48673
57209 53367 49450
62519 50591 41718
57381 50186 49737
56474 58249 44347
53616 60491 38861
60093 51040 46328
58139 57611 43077
57490 56106 47222
49562 54696 52008
49579 61475 38207
52228 55504 51169
58761 55939 45814
57904 58159 41044
51617 59026 46886
57877 50586 49215
62512 51861 41156
52698 59621 44874
53113 52310 52331
47609 61510 40041
51513 61127 39246
57424 54617 48525
48850 60510 44306
62711 52476 39876
59580 57176 39846
58392 57905 40801
60854 52563 44753
55515 59582 39768
51667 60642 42412
50030 58731 47899
50619 60882 42288
57998 52862 48802
63159 51532 38046
51191 51779 52897
60211 52012 46020
54659 56631 49107
52112 55525 51185
61394 50708 44094
50744 56054 51111
54957 58762 45169
48838 60010 45523
47044 61312 41330
58233 53114 48439
61920 49262 43093
61081 55787 39264
57268 55506 48049
58285 57006 44683
51263 56927 50293
50068 57293 50068
61841 53592 42266
49474 61313 40955
56744 51574 50217
52663 49527 52652
60746 52899 44879
49933 53339 52632
53302 58960 46158
55928 57249 47287
61638 54251 42207
61250 55057 41976
59066 53540 47228
49225 61404 40506
54637 59706 41766
56066 53471 50401
62394 50818 42012
56484 59098 40018
50864 52142 52873
56957 57258 46263
51422 57260 49916
56267 59085 40817
49556 59268 46958
53451 60603 38085
53174 59811 43937
60291 54394 45174
57242 51255 49786
50245 52565 52871
55096 58630 45326
53878 52942 51950
49322 60350 44618
54095 52506 51931
61764 49652 43422
51940 60899 40567
57237 57636 44863
59890 56239 43044
49186 58142 48993
52053 52928 52474
59359 53693 46797
50907 59435 46272
52083 56988 49993
50924 57659 49570
58690 55527 46399
53491 59994 42900
51084 55114 51650
60374 55291 44067
49920 57519 49846
56638 50018 50394
48868 50399 53296
56342 58866 41921
56637 56193 48040
50315 61377 38475
55768 56636 48290
58958 57286 42195
56745 58311 43587
60172 56659 39878
51491 54273 52034
54362 56694 49213
49120 61296 41182
51272 57655 49455
55199 59837 37493
56415 54460 49610
53936 56281 49977
55479 58605 44902
51588 59005 46942
55157 54341 50629
