45328 47072 63902
47999 57925 57939
49939 57738 58027
48294 55051 61102
54196 57043 52872
57531 49991 52878
55565 55599 51116
51381 53850 60333
50577 58238 56818
48483 49856 63142
56032 52053 56519
52138 58963 48075
57082 50918 54076
56380 50790 56050
54239 56598 54367
56322 52876 55341
58040 49383 50749
57095 53119 47958
48251 60337 48175
47990 50517 63203
46976 52002 62967
45992 60611 45763
47753 60397 49218
57266 52591 50576
56741 52667 54236
55461 51416 57701
49391 54258 61228
49921 55322 60385
55257 55004 55120
51852 51332 60981
54593 56955 50440
53377 52595 59387
57422 51218 52789
44337 45937 63967
50108 58621 56253
50283 58657 56069
52776 54514 59008
54193 50412 59300
50999 58534 55716
53071 58301 50218
49226 58442 57125
51543 56498 58552
46535 47602 63714
46073 60443 49406
58044 50297 47861
50405 52546 61490
57269 49692 53816
52486 55628 58620
54309 49858 59261
50689 59472 52845
53560 55271 57832
55462 53773 56439
52014 56687 57937
55907 49490 57140
52230 56695 57697
47788 59486 54739
51767 52646 60611
45767 50009 63618
50001 59967 50594
50778 56640 58858
56460 53855 53212
55746 55108 52833
51858 55910 58867
53782 48912 59842
57653 51664 47790
47456 59243 55469
56624 54148 47750
49852 59787 52592
54725 56493 52587
53069 57543 54756
55012 55546 54686
51105 56565 58761
55507 55200 53813
53075 55856 57779
55949 52726 56363
54835 56081 53762
48632 56430 59699
58191 49179 49314
53618 55641 57323
47160 51671 63053
45896 60566 47406
46089 51024 63291
53936 57611 50229
56042 51837 56583
46575 60420 49632
49930 53958 61139
58140 49918 46994
53356 56740 55954
52631 56744 57207
58121 49702 49604
57767 49346 52189
47249 49474 63483
55947 54833 52760
54467 54894 57105
53581 55888 57009
53026 57988 53261
48976 59416 54893
55615 49163 57652
52124 57505 56652
55089 54552 56264
44614 46863 63954
55296 53969 56566
56263 53935 53979
57792 50650 51504
56688 54003 48690
48814 55098 60942
57155 51944 53441
56072 55008 49928
58219 49527 48201
51282 58815 54611
52464 52098 60275
55770 55462 49538
52462 57662 55632
53581 49646 60006
48854 52862 62174
48644 59173 55623
57614 51797 48801
57840 48130 51959
49903 56359 59517
49520 59489 54560
57159 52974 48898
56018 54477 53545
50593 50445 62062
49048 56334 59736
51161 59515 48865
56804 49335 55206
49161 60048 51705
52368 58755 49973
52304 58712 51565
50835 53369 60894
51420 55977 59076
55377 52838 57237
50849 59679 50159
53219 48665 60404
50276 49592 62346
46908 49691 63545
54153 57459 49889
53936 51870 59177
50283 58785 55784
55932 54923 52319
47978 51868 62864
54979 55696 54421
47591 54272 61738
52989 58406 48251
53188 50660 60196
48254 51183 63010
49712 50816 62452
53810 57770 49198
49819 50476 62493
56740 52563 54328
57257 52115 52636
52422 49128 61113
49657 58961 55765
53768 48304 59875
56197 52656 55785
52914 53180 59530
46003 60523 48144
56273 50627 56358
50802 55933 59453
52581 52705 59971
58023 50190 49657
54917 49136 58582
54908 55170 55722
47398 60205 51587
46809 60519 47893
55837 53105 56345
54272 56448 54632
49837 53038 61623
49131 55598 60424
45667 48545 63825
50195 59559 53185
48510 51096 62957
49814 59875 52123
56507 52194 55193
54905 53783 57297
48611 56975 59108
52674 58389 52650
51166 49487 61861
52902 54556 58888
45998 60574 47098
48781 59777 53467
56288 50432 56357
50531 49091 62255
55679 50613 57530
53186 58195 50575
56523 54314 48628
48793 56723 59377
55128 55895 53220
54292 56090 55357
49636 50678 62529
55290 49803 58131
57862 50910 48789
51365 58180 56159
49001 58810 56435
56349 54303 52349
56210 53255 55323
54101 57375 51437
54135 55103 57294
46786 48512 63648
48629 59329 55244
48544 55734 60408
51993 48632 61403
54661 52325 58340
54680 54302 57246
47671 47869 63431
54761 56926 48872
46414 60348 50518
57320 52530 50160
47896 59746 53900
53233 49273 60371
57269 48865 54027
50685 56154 59328
56420 53947 53134
48647 60226 50345
52423 55810 58552
55935 51674 56891
55163 56396 48461
56136 54952 48800
53398 53521 59007
53931 55472 57097
55669 54119 55544
50454 52292 61555
51229 48304 61853
49336 49818 62845
57679 50766 52029
57437 52258 47497
54131 54663 57775
57667 48158 52740
47122 55667 60526
53776 57404 52915
52010 58300 54807
53862 53634 58569
55718 51826 57231
48062 59878 53221
49392 54701 60967
49970 52154 61890
56729 52160 54610
47347 60480 47687
52194 55066 59161
49264 59898 52512
58152 49186 49833
50746 54449 60437
51810 58553 54418
57487 48390 53410
54773 51946 58358
51266 57027 58099
52544 57144 56609
58101 50051 48005
55951 54312 54385
55886 53967 55204
49482 58925 55949
48372 56080 60092
48815 58650 56832
46702 50766 63335
48609 54463 61417
54356 57250 50186
50608 58078 57115
51731 56677 58201
50529 57359 58226
52576 58120 53983
50117 54058 60985
57877 50770 50261
58274 48688 48507
48207 53425 62072
49469 56977 59021
52757 48174 60820
47183 50166 63416
47826 60093 52201
44468 47854 63883
57069 52460 53323
53220 54802 58494
47289 50984 63225
56296 53785 54244
51525 57421 57350
53447 53267 59072
54303 54137 57887
53355 54920 58308
55241 56114 50700
49585 52658 61911
53942 50495 59555
57329 50737 53350
50750 51197 61783
54229 51547 58990
57887 49032 51696
51687 59158 50633
54316 52852 58481
58297 47952 47708
58041 49133 50983
52501 53928 59489
47467 55279 60889
51371 59289 51420
50524 59708 51637
52706 55820 58288
49183 51075 62634
49681 49291 62704
54289 53150 58396
46809 60545 47088
56207 54860 47981
51395 54902 59805
51115 52420 61102
48832 48504 63036
50621 49065 62205
45815 47793 63837
48030 48066 63314
57471 49903 53134
54563 56663 52686
54333 55917 55594
47928 48885 63341
57731 51198 50399
45664 60594 46575
55741 55443 50326
51772 49887 61430
48617 53310 62021
47959 52318 62686
47925 60285 50499
44899 45738 63947
49193 58592 56860
49785 60073 49935
56978 53356 50437
52203 55618 58884
47008 53062 62546
56452 54406 49447
58181 47666 49769
52415 56736 57447
55210 51964 57811
56662 50411 55441
55033 56334 51290
47548 60320 50332
56737 53837 50138
58150 48593 49995
49588 53437 61567
58158 49091 49796
