23791 35805 30238
29034 34451 29217
27859 34371 30928
27581 35229 28997
29198 32255 32290
24927 30138 34861
31885 28722 30991
27390 30484 34157
23209 34931 32151
26499 32809 33726
29254 33068 31515
31792 29386 31085
32149 28585 30622
25106 35716 29792
24648 34370 32918
31271 30084 31522
32995 28084 29342
33650 28001 28108
23006 35349 31386
30209 33478 29648
27174 32280 33703
32134 31123 27552
23938 34495 32843
26281 35504 29740
30430 32402 30846
27340 35185 29560
26463 33259 33293
32147 30312 30262
31845 30031 30836
26797 33539 32810
28940 28999 33694
24400 35325 31149
25453 33120 33854
24287 34072 33488
24354 32884 34360
31996 31260 28686
24621 36052 28299
25019 36002 28126
25800 35865 27702
23631 32013 34674
31442 29523 31543
29943 29071 33107
25578 31595 34454
26168 32445 34038
27633 35229 28675
23090 36065 29144
32347 30772 27436
30665 29122 32462
29833 34143 28221
23495 32920 34337
33009 29124 29147
33236 28379 28916
29757 31430 32309
30880 31901 30734
23570 35229 31581
26275 35722 28122
26548 34735 31254
30234 29455 32846
31105 32356 29900
27194 30652 34202
24236 30872 34880
32857 29721 28392
26986 31857 33980
27703 33826 31846
24702 35966 29105
25919 34686 31790
23555 32144 34633
26377 31501 34296
26588 35609 28487
31284 31106 30851
29361 30892 33035
27959 31278 33769
28594 33915 30927
23787 35493 30946
27744 32244 33454
29253 34536 28459
32516 30253 29115
24156 36080 28211
30783 29712 32187
22645 35051 31956
30960 32342 30217
30877 32859 29239
32173 30709 29452
28903 33400 31470
26756 29971 34407
32705 28782 29785
30118 31728 31739
34028 26242 26557
27898 34572 30472
25574 35882 28553
29946 33640 29862
30522 30933 31856
25318 31249 34579
24299 34793 32273
23839 36044 29190
29624 32984 31142
30498 33443 28644
25674 29594 34708
32628 30225 27942
23537 29616 34915
24997 32047 34464
25502 35046 31382
23674 36032 29322
25796 31953 34306
26811 35444 29111
30631 33049 29594
31364 31547 30334
24941 35875 29314
32123 29892 30464
26719 34759 31069
29620 29766 33211
31398 32268 27832
33308 27706 28781
23687 31286 34828
30758 33153 28572
26968 33108 33151
29979 31126 32292
28338 29748 33880
31856 31365 29254
32709 29297 29677
29964 33934 28843
31343 32290 28683
28806 32262 32638
32570 28869 29991
31451 31852 29729
25444 35422 30452
30551 31056 31752
29559 32553 31720
29048 30377 33496
32696 29005 29757
31277 28872 31774
31744 31764 27661
31012 31489 30900
27658 34142 31430
23407 36101 28165
29694 30158 33075
26272 35148 30613
33835 26948 27502
33892 26807 27243
25246 28453 34803
28595 34606 29419
32477 30448 28365
27911 28942 34105
27800 33057 32679
27136 34399 31477
33007 29063 29211
30855 30199 31896
