33386 33614 4197
40049 35951 3990
46635 29365 3521
39460 33540 4110
40309 31691 4086
39381 36619 3954
43289 33711 3899
44345 33655 3775
35315 38685 3648
39901 33099 4099
31743 38257 3977
42184 35816 3751
42356 31644 3995
45775 30225 3728
38700 36300 4021
42440 34560 3934
31073 38927 3851
41076 31924 4061
38095 37905 3706
36055 33945 4175
30788 39212 3780
39061 36939 3926
45933 32067 3567
41787 33213 4024
40470 33530 4077
28563 39437 3678
47282 26718 3200
39129 31871 4120
34553 35447 4158
41026 35974 3918
33985 39015 3627
43548 32452 3911
42020 31980 4015
29519 39481 3613
36327 32673 4176
44936 31064 3806
45779 31221 3718
42842 35158 3829
41263 34737 4009
36448 37552 3976
32728 33272 4200
42042 32958 4012
30716 39284 3756
46042 30958 3662
32716 37284 4076
47160 26840 3360
38882 37118 3905
38357 35643 4073
38915 34085 4114
31647 39353 3699
46302 29698 3634
42975 32025 3958
35806 35194 4158
40136 34864 4051
30616 39384 3718
33246 34754 4190
47372 25628 3168
40482 34518 4051
31996 39004 3828
46515 29485 3563
35449 34551 4179
31528 35472 4168
37438 37562 3917
39330 34670 4085
44930 30070 3811
37782 34218 4139
32933 37067 4089
38245 36755 3994
42107 35893 3726
44266 31734 3859
36798 38202 3800
40709 33291 4073
32348 35652 4162
30953 39047 3823
41631 32369 4034
39641 34359 4085
35344 38656 3701
36276 37724 3957
32047 37953 4019
46938 29062 3384
43425 31575 3928
42213 33787 3985
32926 39074 3788
37092 35908 4098
38269 37731 3778
45630 32370 3674
44535 31465 3839
45584 30416 3746
42944 33056 3949
35666 38334 3870
39989 34011 4084
35858 33142 4183
32064 36936 4101
33233 32767 4199
33836 37164 4074
40785 34215 4049
34001 38999 3667
33594 36406 4127
32456 38544 3928
41188 33812 4046
46670 28330 3530
36876 34124 4161
32747 39253 3658
41311 33689 4042
33015 33985 4196
36066 37934 3929
31646 36354 4137
46645 30355 3427
34044 38956 3763
34464 37536 4036
43199 34801 3833
44068 32932 3856
46315 30685 3598
35056 36944 4074
38604 34396 4114
34401 33599 4193
34325 38675 3866
35597 36403 4101
43338 34662 3827
45448 32552 3691
40862 36138 3908
33967 38033 3986
33670 37330 4063
42602 33398 3966
36972 38028 3835
33082 37918 4016
31326 38674 3905
41711 34289 4006
37576 37424 3940
45924 32076 3621
43050 33950 3911
42320 35680 3794
31916 34084 4196
36239 36761 4067
31550 38450 3947
31876 39124 3800
46976 29024 3250
34092 36908 4090
45845 32155 3640
36826 37174 4003
32790 39210 3744
43738 33262 3875
45353 31647 3755
29791 39209 3783
37434 34566 4140
37800 32200 4150
37342 33658 4159
37233 34767 4139
34058 33942 4194
40991 33009 4062
39320 32680 4115
39821 37179 3667
32554 37446 4063
33507 35493 4163
47266 26734 3292
41514 35486 3940
31572 39428 3653
39664 35336 4048
34787 38213 3944
32937 38063 4000
35475 33525 4186
30944 36056 4148
40952 35048 4009
32750 39250 3722
42176 32824 4005
33374 37626 4040
40290 36710 3852
36552 34448 4161
46967 28033 3427
34869 34131 4190
40504 36496 3883
46832 29168 3452
35374 37626 4005
38462 36538 4007
36258 34742 4160
33496 38504 3924
35997 36003 4120
40378 35622 3998
36628 35372 4133
47183 27817 3323
39129 34871 4084
37699 35301 4109
41979 35021 3940
30530 39470 3626
38445 37555 3825
34472 36528 4110
43912 34088 3799
38234 33766 4136
33212 35788 4154
44874 32126 3796
37097 37903 3857
39857 37143 3716
32574 34426 4193
33032 38968 3816
36723 38277 3777
31731 39269 3745
40074 36926 3794
36636 38364 3600
38028 35972 4065
