64969 78031 9353
90415 55585 7267
83886 73114 8480
85638 63362 8601
87492 61508 8266
57811 90189 8407
61493 90507 8182
70165 86835 8497
61664 90336 8229
75836 76164 9271
74968 83032 8809
64438 83562 9157
89067 60933 7562
84537 71463 8501
73745 79255 9241
84941 70059 8538
89738 55262 7696
79031 79969 8654
89790 54210 7689
70294 86706 8522
77318 74682 9235
78135 79865 8834
60743 91257 7819
67411 75589 9390
83007 69993 8863
89178 58822 7812
65768 89232 8214
51668 92332 7854
79325 79675 8637
62184 90816 7740
73632 85368 8421
89641 57359 7663
72519 80481 9220
63929 84071 9126
88669 62331 7471
81433 70567 9023
60513 90487 8264
81763 76237 8605
87140 64860 8243
64760 85240 9027
58417 91583 7986
62247 89753 8380
90283 55717 7414
71539 86461 8393
69931 79069 9315
63050 86950 8856
78415 77585 9017
90268 53732 7507
59676 91324 8004
72530 78470 9294
87017 64983 8275
70070 85930 8746
69426 87574 8331
72020 75980 9355
91236 48764 6941
85762 70238 8085
84641 67359 8716
83404 72596 8664
59347 91653 7708
62878 89122 8500
90146 54854 7534
72769 83231 8979
85150 64850 8666
62536 88464 8643
65570 89430 8143
67493 84507 9043
80707 76293 8821
64074 89926 8137
64102 87898 8695
78865 73135 9179
70231 79769 9288
72431 76569 9342
82072 75928 8566
58239 91761 7899
65866 82134 9231
88208 63792 7648
49258 92742 7560
90425 52575 7457
81814 73186 8888
74339 84661 8550
66242 86758 8806
84796 72204 8185
90519 52481 7414
74630 72370 9331
89488 56512 7765
87571 64429 8123
78436 74564 9173
73944 84056 8742
88445 58555 8076
63977 89023 8464
86654 67346 8209
71731 83269 9030
69729 81271 9237
84751 69249 8631
64756 89244 8334
79382 80618 8330
70606 85394 8803
59047 90953 8198
87615 62385 8217
73393 76607 9327
90848 52152 7239
68525 86475 8748
64818 86182 8926
85080 65920 8666
88577 62423 7751
52358 92642 7652
77838 78162 9038
65892 84108 9112
61769 88231 8693
67956 86044 8842
63023 87977 8713
88794 60206 7902
71827 85173 8746
60111 87889 8756
76565 73435 9273
55669 92331 7742
90153 52847 7562
91236 47764 6948
88920 57080 7947
78194 72806 9213
75943 82057 8849
75937 80063 9068
67694 88306 8313
62463 85537 9015
91066 50934 7032
83890 74110 8108
90571 51429 7395
86954 67046 8050
69712 76288 9371
87675 63325 8155
55731 92269 7790
66517 76483 9382
90638 53362 7324
53084 91916 8012
68315 87685 8461
70671 86329 8591
77010 82990 8424
51929 92071 7958
74608 75392 9318
59960 89040 8587
87573 63427 8184
87543 60457 8262
65336 84664 9071
83137 74863 8417
60796 91204 7872
68997 88003 8159
63566 87434 8784
75172 81828 8956
74147 79853 9192
55639 92361 7596
80010 68990 9131
76693 82307 8697
85937 69063 8298
82242 68758 8966
67879 84121 9073
89472 59528 7478
89956 55044 7617
87697 59303 8231
63313 84687 9084
75264 79736 9147
76932 74068 9258
64032 86968 8844
85817 70183 8028
61585 88415 8668
76102 80898 8979
64971 82029 9239
84947 72053 8058
61915 89085 8548
48156 92844 7331
84498 70502 8605
55956 91044 8240
89993 56007 7566
81913 73087 8879
69119 79881 9295
71268 84732 8869
50286 92714 7596
71956 83044 9043
90828 53172 7075
69258 87742 8284
77797 79203 8951
86483 68517 7939
86814 63186 8392
53365 92635 7541
56958 92042 7851
71484 78516 9309
83878 68122 8807
79212 74788 9103
52459 92541 7742
83791 73209 8496
58092 91908 7765
60939 89061 8572
87804 59196 8209
73775 75225 9336
75410 82590 8828
64108 85892 8968
87904 64096 8017
68760 74240 9394
59508 91492 7899
89637 56363 7711
76128 77872 9196
66875 87125 8712
86747 67253 8163
81834 72166 8937
84919 66081 8690
68192 80808 9272
51382 92618 7699
85891 64109 8554
87109 60891 8346
75267 77733 9246
56502 90498 8355
56820 92180 7636
69135 77865 9350
85239 70761 8333
84591 64409 8744
74326 73674 9337
84647 72353 8271
71311 73689 9378
79091 70909 9180
83838 74162 8206
67464 88536 8241
87287 65713 8118
74287 79713 9194
82179 76821 8269
82025 76975 8337
60870 91130 7925
65642 89358 8170
66692 79308 9322
89323 57677 7800
74580 77420 9280
73346 82654 9004
67253 73747 9399
70856 77144 9352
83665 74335 8293
83496 71504 8729
83687 69313 8797
80390 76610 8842
67452 78548 9340
83855 66145 8829
76603 75397 9255
68536 87464 8502
80397 73603 9034
65276 89724 7782
83888 74112 8139
79335 75665 9048
65902 86098 8910
73066 73934 9359
77559 75441 9204
76513 80487 8978
79343 80657 8354
63849 90151 8034
79270 78730 8792
58798 91202 8131
61107 87893 8747
85862 69138 8321
85407 66593 8597
64769 86231 8921
76403 78597 9146
67839 87161 8647
76715 72285 9273
72345 84655 8794
87025 65975 8212
57778 91222 8170
74402 76598 9306
65139 82861 9199
67345 83655 9128
73126 81874 9100
53700 92300 7861
59277 90723 8258
79700 72300 9132
76943 79057 9062
69135 81865 9214
76094 79906 9068
81118 66882 9059
62380 87620 8774
81361 76639 8651
52406 92594 7707
86382 62618 8474
76128 81872 8851
74612 82388 8939
61804 85196 9044
89950 57050 7509
58504 91496 8023
91053 50947 7131
88660 62340 7528
89491 59509 7424
89089 60911 7458
86496 65504 8390
90911 52089 7181
65270 86730 8847
82370 69630 8945
59446 91554 7857
90340 55660 7358
64635 88365 8582
83876 70124 8740
91174 49826 6972
80520 74480 8979
88869 61131 7777
89230 56770 7854
68554 84446 9021
70859 87141 8100
59720 90280 8360
67372 74628 9395
60764 91236 7847
91165 49835 7046
84638 68362 8690
67998 82002 9223
89838 58162 7337
82636 70364 8898
78775 80225 8667
90947 52053 7091
79126 69874 9179
73301 80699 9176
90792 53208 7165
79818 73182 9103
59372 91628 7799
55687 92313 7756
65157 83843 9137
72615 81385 9155
90805 51195 7292
73081 77919 9302
77420 80580 8854
81226 77774 8472
89400 59600 7588
80813 78187 8522
74898 75102 9313
67037 88963 7985
65241 87759 8675
82574 72426 8817
61386 90614 8150
70218 81782 9201
83205 70795 8808
84536 69464 8662
61450 86550 8921
90950 50050 7228
78190 76810 9093
66453 77547 9362
74481 81519 9044
85898 66102 8513
69947 85053 8895
77082 79918 8971
77259 76741 9176
76065 73935 9287
67075 88925 8066
75811 82189 8844
76617 72383 9276
63680 90320 7858
67450 85550 8929
73911 76089 9326
68462 82538 9185
75094 72906 9318
90155 56845 7373
65288 89712 7850
70720 74280 9381
73546 80454 9182
82116 73884 8792
88619 62381 7678
88317 62683 7933
83294 73706 8569
68701 77299 9361
71165 86835 8285
84275 70725 8638
65481 89519 8101
78000 74000 9213
70876 87124 8134
73790 83210 8897
86450 64550 8435
84747 72253 8216
65914 85086 9024
70988 84012 8979
63825 83175 9181
63905 90095 8072
67043 88957 8000
82860 74140 8618
63672 90328 7796
54468 92532 7644
52310 92690 7565
73401 80599 9179
86225 68775 8191
87142 63858 8295
77453 72547 9244
69239 86761 8621
55958 92042 7916
58285 90715 8297
73184 77816 9303
86359 68641 8127
82313 70687 8927
62351 90649 7984
79128 76872 8990
76343 76657 9231
86322 66678 8384
71170 81830 9177
85482 69518 8418
62548 90452 8090
61536 89464 8483
80714 73286 9013
68275 75725 9385
66897 84103 9098
83749 74251 8260
87973 64027 7965
81363 74637 8861
49155 92845 7300
53903 92097 7946
66741 84259 9087
64176 89824 8175
54419 91581 8116
70854 83146 9087
85804 66196 8530
72898 77102 9326
89290 55710 7843
67062 82938 9181
90649 54351 7182
50487 92513 7768
68012 78988 9326
85888 68112 8419
84034 65966 8811
83454 74546 8349
70328 83672 9052
90623 54377 7243
90157 56843 7334
52847 92153 7928
68901 85099 8932
71920 84080 8924
63312 88688 8577
66566 88434 8421
68918 76082 9378
90440 53560 7435
85630 68370 8476
76601 83399 8280
67284 86716 8766
74163 81837 9035
90804 52196 7267
85113 67887 8618
88035 60965 8139
73531 85469 8373
88716 61284 7850
71016 86984 8227
65813 88187 8550
47105 92895 7206
80371 70629 9103
71877 86123 8470
75006 78994 9202
89600 58400 7612
60785 87215 8840
70963 86037 8637
83735 74265 8267
64743 82257 9229
88533 61467 7929
69429 86571 8652
88476 57524 8070
55653 92347 7709
54930 92070 7940
75999 81001 8977
90262 52738 7521
87594 65406 7870
81103 73897 8940
76231 82769 8693
73023 83977 8846
74014 72986 9344
62472 90528 8057
65860 89140 8242
87332 60668 8304
61082 90918 8040
64295 88705 8524
82181 75819 8552
70958 87042 8204
80310 77690 8727
79117 71883 9173
76291 71709 9288
90718 52282 7318
67112 84888 9013
87973 60027 8171
61982 90018 8312
67513 82487 9203
90355 54645 7439
66053 83947 9123
67420 87580 8585
54956 91044 8241
47104 92896 7166
83668 72332 8630
69766 87234 8417
58031 91969 7672
76373 81627 8853
63731 90269 7943
83100 68900 8884
71512 75488 9365
55265 91735 8058
86738 66262 8288
84581 66419 8733
89130 59870 7755
89837 58163 7400
85555 65445 8594
82959 75041 8444
70853 87147 8054
80364 73636 9036
84777 71223 8451
65971 87029 8775
70129 84871 8911
90953 52047 7065
82604 68396 8936
54622 91378 8170
75417 75583 9294
80673 69327 9088
79471 80529 8268
81544 68456 9029
81678 71322 8983
83558 73442 8535
59366 90634 8280
64745 84255 9112
77494 71506 9245
82599 67401 8946
68857 88143 8041
89087 60913 7482
74297 74703 9332
77442 82558 8441
77673 81327 8694
85166 68834 8561
74906 84094 8623
64646 84354 9105
79167 77833 8911
87364 62636 8276
78525 80475 8674
68331 84669 9003
67862 88138 8360
88754 59246 7969
81808 67192 9009
65054 88946 8405
70753 82247 9156
88372 61628 7996
84439 65561 8760
56327 91673 8065
61769 89231 8523
68831 88169 7964
66070 79930 9306
87672 65328 7747
66196 87804 8614
86807 62193 8397
57390 91610 8051
67812 83188 9156
72079 81921 9137
69789 78211 9337
55640 92360 7625
85877 65123 8543
73323 85677 8256
78034 75966 9150
80090 67910 9126
67038 79962 9303
74464 78536 9249
79714 71286 9140
73321 82679 9003
77107 71893 9260
57508 91492 8098
54220 91780 8055
68822 87178 8552
66993 89007 7862
74951 81049 9055
88889 56111 7958
67062 85938 8892
72362 82638 9063
84304 71696 8544
69922 81078 9243
73228 75772 9340
81177 75823 8785
80842 72158 9039
82206 76794 8184
60546 89454 8512
87059 66941 7922
64068 84932 9062
90740 53260 7248
82676 73324 8738
69601 76399 9370
56864 92136 7745
62815 90185 8183
54108 91892 8020
80176 75824 8939
62143 88857 8583
62735 87265 8818
69702 85298 8871
64404 89596 8249
80492 78508 8549
63731 88269 8641
65473 88527 8492
85732 67268 8507
78465 71535 9206
82332 71668 8891
71763 81237 9196
88093 63907 7810
79524 78476 8779
67227 88773 8161
66226 80774 9283
58156 89844 8467
50190 92810 7397
69312 85688 8831
87105 66895 7812
84970 72030 7993
84506 72494 8338
88652 58348 8021
53393 92607 7673
59165 88835 8628
85098 66902 8649
89577 58423 7623
88958 61042 7725
87796 61204 8198
71340 86660 8343
72070 78930 9287
70882 81118 9226
60837 91163 7904
77872 72128 9229
79536 71464 9150
60991 91009 7998
63520 86480 8908
70179 76821 9361
71769 77231 9340
86183 67817 8349
84180 72820 8421
72956 85044 8657
62212 90788 7890
79973 76027 8950
77019 77981 9133
76612 77388 9193
86103 67897 8368
79066 80934 8389
66338 85662 8949
88036 63964 7889
68693 83307 9126
88510 62490 7811
68696 81304 9248
72039 76961 9342
87378 65622 8070
85309 70691 8307
56892 92108 7791
87630 65370 7817
70004 86996 8465
80703 72297 9048
70448 80552 9255
73179 85821 8172
88529 59471 8033
86911 64089 8345
54819 92181 7889
73874 85126 8485
64596 87404 8763
89325 59675 7643
76165 74835 9278
87900 63100 8091
61268 90732 8108
70079 80921 9247
71271 82729 9108
84892 72108 8115
86464 67536 8268
58074 90926 8245
78359 81641 8443
82052 74948 8708
85593 70407 8200
59970 91030 8112
68405 83595 9108
67374 81626 9249
70929 79071 9301
60201 89799 8452
55867 92133 7877
63545 89455 8376
79476 80524 8250
65312 89688 7963
68796 81204 9251
66370 87630 8641
61154 90846 8067
70540 77460 9348
48128 92872 7260
83250 74750 8393
63390 85610 9004
79585 79415 8619
88991 60009 7819
63768 90232 7977
87825 62175 8164
69109 87891 8226
89455 59545 7524
68347 85653 8885
84092 70908 8663
61666 85334 9033
86110 68890 8234
77184 80816 8858
63311 89689 8320
86437 68563 8049
71575 80425 9240
89041 60959 7619
52575 92425 7815
89128 57872 7870
72491 85509 8592
91003 49997 7194
71598 85402 8720
54486 92514 7697
78486 72514 9201
88273 60727 8080
51769 92231 7896
59585 91415 7948
76793 83207 8379
56730 91270 8185
74326 80674 9132
66700 77300 9367
60593 90407 8284
65904 75096 9395
79590 70410 9154
71613 83387 9022
84661 72339 8264
75161 73839 9314
77758 82242 8449
78387 73613 9198
73346 84654 8697
62186 90814 7845
68750 75250 9389
71395 79605 9274
52278 92722 7393
