37211 32387 40670
36392 35731 37869
38089 34142 38858
32854 36644 36354
32410 36744 36006
33799 33928 40598
33745 32655 41197
34194 36290 37313
37046 34888 39159
38327 34384 37393
40191 28768 35943
38356 33415 39405
40318 27678 34573
35674 36091 35543
40259 28368 34384
34707 32306 41215
39279 31557 39021
36788 33275 40664
40066 29624 37000
34881 33677 40763
35810 35177 39370
34008 35864 38598
33374 36516 36772
33206 36729 35602
32788 36716 36066
37768 34058 39561
38620 33440 38837
34427 32583 41208
39084 33411 37434
36131 35895 37029
40190 28659 36382
37998 33478 40012
38108 31899 40162
40041 30191 36272
39016 32460 39120
33146 36738 35588
36269 31560 40990
37709 34971 35913
31028 37041 33947
39651 31292 37895
38404 34298 36407
40007 30082 36883
38728 33625 38152
40126 29043 36750
36148 32552 40974
34146 30573 41329
38886 31355 39585
38783 33419 38469
36657 33404 40626
36564 34517 39913
39831 31160 36330
38988 32685 38949
39268 33017 37295
35009 33214 40997
35730 33800 40643
40113 29676 35277
35673 32063 41097
37468 35141 36582
37796 34909 37521
34911 36323 36697
39955 30111 37222
37335 34930 38882
31406 37013 34007
37457 32300 40569
38067 34676 35378
39968 30575 35954
34799 36367 36163
35518 32922 41023
38528 31157 39955
35354 35231 39514
35918 31739 41069
37442 35142 37462
36217 34556 39970
33639 36130 37869
35090 36250 37193
39672 29720 38351
33395 31935 41362
36619 35702 35955
33399 36686 35282
39900 30876 36008
39162 32880 38258
37197 33937 40120
39117 33460 35957
35743 35736 38551
37219 34426 39638
35458 30944 41182
34341 36433 36804
37414 32622 40551
32709 36823 34388
36330 32261 40949
40076 29798 36561
35457 36143 36615
38865 32474 39456
37877 31558 40362
38648 31806 39767
36850 31971 40823
40318 27414 35353
31602 36984 34477
37033 32951 40636
39182 33325 36327
35568 35474 39049
33804 36484 36786
39780 31144 37294
39520 32288 37646
33516 30943 41378
39489 31386 38407
37508 34468 39361
38944 33690 35550
39472 32716 36717
34583 31638 41259
