51779 55221 5329
36455 60545 4690
39843 60157 4907
52843 54157 5188
59283 40717 5016
52407 54593 5354
49339 50661 5738
55270 51730 5217
58476 40524 5156
54950 49050 5501
54149 45851 5595
55530 46470 5489
49097 55903 5575
55471 47529 5480
61059 36941 4545
52486 51514 5618
58362 45638 4996
51201 54799 5528
54604 48396 5542
56215 46785 5419
55031 49969 5452
47061 51939 5741
59167 43833 4855
59243 43757 4792
56713 48287 5266
45663 56337 5619
51852 50148 5680
58323 45677 5013
60716 38284 4675
60887 38113 4602
54986 48014 5516
46174 54826 5681
50633 54367 5599
43411 59589 5050
41053 59947 4986
49428 56572 5456
51568 52432 5636
47437 53563 5713
44047 58953 5271
44272 58728 5340
61395 32605 4419
61481 30519 4236
59888 41112 4848
60201 37799 4821
58465 45535 4920
59880 42120 4718
60416 37584 4775
38569 60431 4706
54113 49887 5549
54917 46083 5539
55080 44920 5527
52763 51237 5608
39770 60230 4832
57164 45836 5332
51135 49865 5705
52844 47156 5653
54555 47445 5563
45882 54118 5700
57394 47606 5122
52060 49940 5675
56123 48877 5360
55809 44191 5468
46824 56176 5617
52432 53568 5500
51959 52041 5629
50716 53284 5650
48644 53356 5704
58039 42961 5229
53649 53351 5334
42392 59608 5107
59764 41236 4884
53276 47724 5636
50087 54913 5599
56664 47336 5351
52595 52405 5572
48413 57587 5243
55698 50302 5306
56934 47066 5315
48241 53759 5698
39684 60316 4689
58631 42369 5126
54882 52118 5283
57627 43373 5288
55860 47140 5451
53777 49223 5593
59254 43746 4759
60979 36021 4628
52072 48928 5682
49058 53942 5681
61465 31535 4199
49068 51932 5728
61443 31557 4329
56836 49164 5030
59366 42634 4935
49013 49987 5746
53589 52411 5462
40058 59942 4996
53760 51240 5521
56346 49654 5203
44910 59090 5139
60436 38564 4766
46649 58351 5316
53314 50686 5586
59088 43912 4909
45305 58695 5299
61192 34808 4544
60868 37132 4649
45202 58798 5265
38537 60463 4663
48054 56946 5513
56109 48891 5362
57780 47220 4880
45848 58152 5443
54063 52937 5327
58363 44637 5114
58728 44272 5023
54097 46903 5596
55035 48965 5495
52959 49041 5648
53614 47386 5622
51373 48627 5700
56397 48603 5317
48931 57069 5419
47629 55371 5652
61155 35845 4518
50443 50557 5718
48427 57573 5303
58140 45860 5084
48846 56154 5566
59265 43735 4657
56773 49227 5105
57235 47765 5162
43740 59260 5174
57584 47416 5048
54224 52776 5324
42773 59227 5234
50693 50307 5715
56801 44199 5378
61447 32553 4317
46643 55357 5662
54501 50499 5487
61477 30523 4248
58561 45439 4793
47078 54922 5678
38635 60365 4779
38728 60272 4853
47541 56459 5592
44816 59184 5050
48098 52902 5723
45589 58411 5383
56244 44756 5429
40947 60053 4898
59634 42366 4832
54111 47889 5589
46443 58557 5123
47478 53522 5714
49046 50954 5740
50107 49893 5729
51099 51901 5675
61207 35793 4468
50978 56022 5240
57745 47255 4982
48275 50725 5751
41268 59732 5079
44989 59011 5193
50993 53007 5646
59136 41864 5029
48678 55322 5637
51474 53526 5596
51142 50858 5693
40835 60165 4755
47407 57593 5456
51112 52888 5644
60076 40924 4777
48696 52304 5730
53640 50360 5571
60376 40624 4628
45923 54077 5701
48759 54241 5678
49311 54689 5647
47978 52022 5740
56165 49835 5233
49062 52938 5710
48098 54902 5668
58735 43265 5086
57791 47209 4847
58604 43396 5116
60295 38705 4800
59462 41538 4962
55218 50782 5372
56090 47910 5408
59240 42760 4968
42292 59708 5057
49610 54390 5650
48576 51424 5742
49612 49388 5737
60243 39757 4790
58196 44804 5149
39739 60261 4795
40902 60098 4848
54061 51939 5441
60668 39332 4598
52705 49295 5657
49205 56795 5444
51503 55497 5300
46457 57543 5515
44400 58600 5365
56688 45312 5388
47557 57443 5476
59697 42303 4806
53336 48664 5629
42075 59925 4858
47347 55653 5641
51518 51482 5665
49608 52392 5710
47019 57981 5397
58249 43751 5175
55358 46642 5503
58498 45502 4888
61297 34703 4317
37785 60215 4886
60542 39458 4691
50523 51477 5703
55541 51459 5129
49818 54182 5652
52880 50120 5631
57262 44738 5331
57761 46239 5164
60859 37141 4653
49584 53416 5684
