22221 30779 2673
32439 20561 2453
29467 24533 2662
28005 25995 2768
21847 30153 2888
27956 22044 3024
20595 30405 2869
24626 29374 2706
23416 29584 2867
18753 32247 2426
26269 25731 3053
26703 24297 3084
23021 29979 2837
30249 21751 2833
20281 31719 2466
30873 20127 2772
33009 18991 2396
28194 24806 2924
20552 31448 2636
19435 31565 2650
26361 27639 2788
32950 19050 2417
25939 25061 3095
24356 25644 3109
20368 31632 2542
33147 17853 2307
26636 26364 2954
27267 25733 2943
24647 27353 3055
26890 24110 3078
31217 22783 2412
23746 26254 3106
19726 31274 2725
18928 32072 2517
27409 24591 3020
27435 22565 3053
31407 19593 2713
22445 30555 2737
25949 28051 2780
29772 23228 2817
22327 30673 2707
21273 30727 2812
30212 23788 2559
28543 25457 2733
30098 20902 2852
23124 27876 3051
23953 28047 3025
28467 22533 2995
26983 25017 3036
21419 30581 2832
22231 28769 3001
25717 28283 2769
25205 25795 3105
32559 20441 2373
24212 26788 3091
27913 24087 3000
19987 31013 2769
22114 30886 2580
28818 23182 2949
24250 28750 2918
24281 29719 2556
22783 30217 2806
26426 27574 2789
32386 19614 2569
32540 20460 2391
26234 27766 2786
20804 31196 2723
25124 27876 2964
32280 20720 2498
31344 22656 2358
27823 24177 3004
24865 28135 2953
22084 30916 2508
25669 24331 3105
32043 20957 2545
31088 20912 2741
29369 21631 2920
33036 18964 2329
30926 22074 2690
28567 23433 2964
27117 23883 3068
27774 25226 2933
20470 31530 2605
22238 29762 2927
33177 16823 2173
28786 24214 2885
25082 24918 3112
31542 20458 2690
20986 30014 2908
23818 27182 3081
30665 22335 2723
24432 29568 2636
