34291 24709 3114
22769 35231 3664
33185 27815 3460
22431 36569 3341
23388 34612 3721
33115 28885 3383
34076 25924 3151
29795 32205 3716
25519 34481 3732
27183 32817 3795
28332 31668 3771
20114 36886 3277
29014 32986 3734
31781 30219 3612
26072 32928 3795
29570 31430 3729
33301 27699 3432
30281 32719 3646
22802 36198 3524
27095 34905 3591
32994 29006 3453
19044 36956 3247
30863 32137 3631
24202 35798 3579
21249 36751 3338
23887 34113 3764
31147 31853 3616
19071 36929 3296
26742 35258 3465
34239 24761 3145
21589 36411 3499
27859 33141 3771
21264 36736 3391
30790 31210 3682
31775 31225 3567
32190 28810 3577
33689 27311 3244
22072 35928 3583
23747 36253 3316
21244 36756 3264
24900 35100 3675
26016 34984 3673
25195 33805 3783
33430 27570 3394
26430 31570 3804
28238 31762 3774
32526 28474 3542
34472 23528 3064
25765 33235 3791
34569 22431 2979
27991 31009 3779
32804 28196 3513
33699 26301 3366
28551 33449 3734
31861 31139 3547
17984 37016 3254
33016 27984 3487
29701 32299 3719
18037 36963 3323
33414 26586 3421
33573 27427 3348
33932 26068 3268
32204 30796 3454
26635 34365 3730
28673 32327 3759
27134 33866 3773
30066 32934 3640
28249 32751 3766
23786 36214 3430
32005 29995 3593
34113 24887 3218
27205 34795 3611
24092 35908 3559
22861 36139 3542
26898 35102 3522
33271 27729 3440
25179 35821 3464
26701 35299 3403
26936 32064 3800
20859 36141 3552
32257 29743 3570
34045 25955 3188
23490 34510 3730
32865 29135 3491
24320 35680 3600
28660 34340 3505
23895 36105 3490
22576 36424 3451
27628 33372 3773
23758 36242 3405
29439 33561 3611
19133 36867 3380
26384 33616 3786
27915 34085 3689
25724 35276 3637
25933 34067 3762
20168 36832 3350
28770 34230 3525
24385 35615 3610
29180 31820 3743
29608 33392 3621
