50919 47081 5195
43038 46962 5364
58076 36924 4143
46347 55653 5007
54313 49687 4744
54583 49417 4694
46881 55119 5039
39932 58068 4897
45594 54406 5169
53274 44726 5070
44872 57128 4650
40461 58539 4554
36963 59037 4588
51738 52262 4905
54339 48661 4845
44218 51782 5304
47233 55767 4903
53036 49964 4942
45126 48874 5339
52782 51218 4877
47560 50440 5269
57592 40408 4361
43836 53164 5267
35866 59134 4507
50903 45097 5209
38978 58022 4937
54427 49573 4725
55777 44223 4806
54632 49368 4683
48606 52394 5154
49338 46662 5257
53666 44334 5041
56866 42134 4619
41678 57322 5010
55303 47697 4711
41077 56923 5075
45915 51085 5293
55502 43498 4866
53722 47278 4993
50754 53246 4914
51062 52938 4916
36989 59011 4620
43679 52321 5296
56090 42910 4774
40662 56338 5126
47216 52784 5194
44145 54855 5184
46249 48751 5321
52506 48494 5063
48861 51139 5198
50140 50860 5146
43410 47590 5361
42537 50463 5344
54889 47111 4849
43448 57552 4749
47005 51995 5233
53630 43370 5051
50009 53991 4899
57100 42900 4432
57348 40652 4509
50456 44544 5227
46753 56247 4816
52799 51201 4593
53540 47460 5005
41865 56135 5139
42076 48924 5362
47744 53256 5149
50211 47789 5221
49164 54836 4857
44435 48565 5350
51458 44542 5182
50102 45898 5239
48115 50885 5237
43873 54127 5230
58240 34760 3940
49608 52392 5103
52397 49603 5031
46931 56069 4859
55671 47329 4530
48964 48036 5260
46196 55804 4990
57985 38015 4181
40864 56136 5140
58241 34759 3924
35893 59107 4554
52994 49006 5000
38103 58897 4597
37068 58932 4674
54125 49875 4768
47258 48742 5300
55536 47464 4630
57242 39758 4567
52744 47256 5081
41989 48011 5368
48164 54836 4983
54680 42320 4957
50641 49359 5174
47613 53387 5147
56994 43006 4520
51514 46486 5169
49205 48795 5244
51218 51782 5019
57337 41663 4429
55705 42295 4842
42632 54368 5233
45054 56946 4799
40641 58359 4712
54934 43066 4933
36901 59099 4472
39558 57442 5032
42072 51928 5313
44633 53367 5246
45226 55774 5058
42569 47431 5366
39398 58602 4718
54415 47585 4900
49643 49357 5220
56848 43152 4571
43538 55462 5156
54693 44307 4947
44721 51279 5311
51932 52068 4900
56074 45926 4655
56877 41123 4643
53937 48063 4940
55616 47384 4592
52520 49480 5025
48066 46934 5288
38157 58843 4679
57934 37066 4280
43525 48475 5358
48590 49410 5254
51185 48815 5155
41715 51285 5328
52662 45338 5109
53861 49139 4885
56675 42325 4667
52105 48895 5083
46470 49530 5307
43337 57663 4682
48473 53527 5099
48014 51986 5197
58309 32691 3830
54415 41585 4982
42741 57259 4952
54746 48254 4810
35900 59100 4562
58242 32758 4016
44895 57105 4733
44009 56991 4917
47786 46214 5296
56663 43337 4629
46265 52735 5229
48135 47865 5283
41171 57829 4894
45297 56703 4872
52811 46189 5091
56272 45728 4475
49639 53361 5033
47516 49484 5284
52875 48125 5044
57191 37809 4589
49777 51223 5152
56166 43834 4741
34815 59185 4508
50002 46998 5237
40572 57428 5022
42440 57560 4878
50378 45622 5230
55103 47897 4750
52543 50457 4970
58239 33761 4011
43497 52503 5292
45538 53462 5218
44934 46066 5347
48546 48454 5269
45100 56900 4816
50618 51382 5091
54200 46800 4953
43590 51410 5319
41143 50857 5337
56485 42515 4711
55174 47826 4738
44475 49525 5341
41295 55705 5168
56637 44363 4545
42838 53162 5277
56336 44664 4668
57493 40507 4452
50232 52768 5037
57593 40407 4316
57361 41639 4326
48865 47135 5268
58156 33844 4132
43966 49034 5352
43269 49731 5352
57044 41956 4566
45968 54032 5178
57543 39457 4459
40174 56826 5089
50711 51289 5089
57266 41734 4491
47641 55359 4954
46119 47881 5329
53907 43093 5027
43027 56973 5000
44387 47613 5352
51347 48653 5149
42050 56950 5062
45285 51715 5288
56731 40269 4689
42224 57776 4818
56600 41400 4705
53468 48532 4972
51843 50157 5056
57743 37257 4385
39874 57126 5062
50681 48319 5195
33783 59217 4363
43653 56347 5068
58303 32697 3907
43137 50863 5333
42909 49091 5359
55992 46008 4677
34789 59211 4364
57686 39314 4376
56268 41732 4760
56542 42458 4698
42880 55120 5194
53661 45339 5034
39249 58751 4598
45537 55463 5076
44356 52644 5277
38069 58931 4523
44778 56222 5029
48937 55063 4819
49817 50183 5195
58175 35825 4043
42576 48424 5364
40233 57767 4961
38737 58263 4886
37164 58836 4726
43723 57277 4842
55318 45682 4835
47797 51203 5237
39661 58339 4832
55511 45489 4809
39256 58744 4606
46522 56478 4707
37349 58651 4798
54738 46262 4907
40563 56437 5119
43553 57447 4793
42021 52979 5283
48234 48766 5275
48791 46209 5272
46908 53092 5192
51028 49972 5129
45372 46628 5342
57915 37085 4294
46579 56421 4758
53839 50161 4795
50540 52460 5039
51700 45300 5167
46990 54010 5137
50819 50181 5134
42292 53708 5260
41993 50007 5352
57949 38051 4241
56756 44244 4441
52807 44193 5110
47528 54472 5075
42693 56307 5109
58316 31684 3844
53426 49574 4918
58127 35873 4147
44479 55521 5119
44316 50684 5328
43053 49947 5351
39852 57148 5060
51625 43375 5175
43140 52860 5284
44841 53159 5250
38897 58103 4922
44631 54369 5204
48142 52858 5153
56285 45715 4438
50520 51480 5093
46771 48229 5315
43983 47017 5357
53552 46448 5029
42913 54087 5243
57880 36120 4328
42450 56550 5093
57396 38604 4528
54368 43632 4985
36014 58986 4648
41485 56515 5111
56538 41462 4716
54149 43851 5005
56549 44451 4595
42067 57933 4773
48690 54310 5010
55644 47356 4572
54893 49107 4557
39380 57620 5009
46987 47013 5313
42567 52433 5300
52882 50118 4951
43376 50624 5336
43597 46403 5360
56234 40766 4766
57124 39876 4601
55238 46762 4806
44252 56748 4963
51145 45855 5194
44138 52862 5274
40738 57262 5045
57054 40946 4601
48686 55314 4731
40900 58100 4829
35804 59196 4383
58185 35815 4009
55794 45206 4765
40092 57908 4933
50014 48986 5215
50032 51968 5101
54836 45164 4918
45583 56417 4920
42634 51366 5326
46447 46553 5323
50359 48641 5205
37229 58771 4757
58115 36885 4075
40795 58205 4794
41858 58142 4645
58045 35955 4218
54931 45069 4908
47359 53641 5143
56980 39020 4637
57151 41849 4532
42238 56762 5077
52198 47802 5110
38407 58593 4792
43285 57715 4613
51979 51021 4992
46361 51639 5266
42232 54768 5215
57712 37288 4401
51312 50688 5075
52058 49942 5047
43886 56114 5088
57971 37029 4251
45086 54914 5147
49167 44833 5265
53361 50639 4835
41540 57460 4979
54241 45759 4972
45395 49605 5326
57823 38177 4321
51706 47294 5150
58149 35851 4116
54824 49176 4627
37669 58331 4882
48830 55170 4792
49500 51500 5155
58278 33722 3943
42869 52131 5307
51438 45562 5180
49877 49123 5217
38273 58727 4744
42554 49446 5358
55975 45025 4735
49921 48079 5229
48390 46610 5281
56205 45795 4559
42354 55646 5167
45360 52640 5257
55227 43773 4895
55451 46549 4778
50507 46493 5223
