65183 61817 7563
61752 65248 7592
55788 75212 7242
62832 66168 7555
59662 62338 7628
57433 77567 6801
71110 66890 6894
55606 70394 7507
64076 69924 7367
68474 65526 7345
66519 65481 7446
70323 63677 7274
69871 60129 7399
62996 74004 7014
56304 75696 7182
71528 62472 7217
72274 65726 6786
56450 68550 7564
47918 80082 6573
64370 73630 6867
61591 74409 7083
56732 74268 7298
60578 73422 7258
67117 67883 7321
78838 51162 6295
68632 62368 7431
68453 69547 7005
47080 79920 6662
57474 70526 7487
80366 46634 5760
62293 71707 7327
60829 76171 6609
59690 67310 7577
78325 48675 6512
73062 62938 7006
72467 56533 7260
62869 71131 7344
65860 71140 7149
78544 53456 6199
71807 60193 7267
80647 45353 5613
55417 78583 6662
80900 43100 5579
66770 69230 7253
71487 66513 6866
63869 68131 7459
41319 80681 6092
64769 63231 7561
58034 66966 7594
60839 76161 6655
77548 55452 6468
58760 76240 7003
75710 57290 6878
63953 67047 7497
72924 63076 7017
78155 54845 6214
79824 46176 6091
69383 59617 7431
45657 80343 6486
53572 78428 6879
77038 56962 6516
47642 79358 6811
77434 56566 6343
78847 50153 6345
45684 80316 6501
74853 62147 6578
65582 72418 6974
75830 54170 6939
56278 67722 7581
68585 67415 7226
72915 65085 6652
80691 44309 5712
73524 59476 7116
75642 53358 6965
79280 51720 5816
54998 72002 7444
57915 74085 7286
52369 76631 7167
75963 56037 6880
58749 68251 7559
63805 73195 7066
54450 75550 7238
65139 67861 7423
79253 51747 5906
70417 59583 7374
50689 75311 7274
79853 47147 6063
73593 61407 7025
66992 66008 7408
55498 71502 7466
60126 66874 7582
76179 59821 6257
66000 62000 7537
50377 79623 6664
49615 79385 6779
64778 65222 7520
60644 71356 7390
71932 57068 7296
57468 71532 7441
67279 66721 7366
64200 60800 7589
72698 62302 7094
44513 80487 6410
62506 73494 7138
76861 54139 6762
73414 63586 6864
64706 68294 7421
53573 74427 7322
47128 79872 6679
77887 51113 6605
40292 80708 6009
62401 68599 7477
69504 64496 7307
76188 53812 6894
74396 57604 7063
79959 45041 6043
59313 66687 7595
51990 79010 6794
58808 77192 6670
66310 66690 7415
76413 58587 6582
60975 69025 7493
66112 70888 7156
62564 72436 7250
69028 61972 7419
52002 73998 7346
43434 80566 6349
62580 70420 7393
80970 42030 5554
48224 79776 6697
61975 73025 7224
63316 72684 7174
51278 77722 7050
80844 43156 5632
76803 57197 6592
45618 80382 6449
80721 43279 5718
69759 68241 6971
57039 77961 6675
68526 63474 7410
52345 74655 7311
73614 57386 7159
77907 52093 6565
75214 54786 7013
77433 50567 6699
64110 68890 7415
53874 79126 6594
77870 53130 6536
73031 64969 6495
59329 63671 7626
64885 71115 7238
57642 70358 7492
46095 79905 6673
55763 76237 7141
55732 72268 7426
65654 64346 7511
42365 80635 6236
80297 46703 5839
64505 70495 7311
61817 75183 6910
81038 41962 5464
69202 62798 7389
42362 80638 6201
49206 79794 6653
80029 47971 5901
78128 49872 6558
73480 56520 7182
67460 63540 7462
69721 60279 7405
53106 77894 6990
48934 80066 6523
70885 61115 7316
64651 66349 7493
67605 65395 7400
79504 50496 5943
54644 77356 7024
79013 47987 6335
49411 77589 7081
69505 66495 7203
65711 67289 7420
66487 64513 7477
62748 72252 7258
62266 65734 7576
66300 71700 6996
45824 80176 6576
72109 58891 7269
59715 73285 7297
49677 78323 6985
65563 61437 7555
67640 66360 7362
60644 70356 7443
61500 73500 7203
77915 55085 6325
79348 50652 6078
54273 78727 6754
68875 66125 7285
60541 75459 6998
68000 67000 7305
60583 63417 7621
74227 55773 7115
60179 74821 7126
60935 67065 7567
58987 66013 7606
66567 63433 7497
46850 80150 6568
79239 46761 6277
71747 63253 7157
53851 73149 7390
71167 59833 7321
76663 52337 6834
47790 80210 6447
79284 50716 6109
57798 73202 7347
46469 79531 6777
50189 79811 6593
61305 66695 7570
64952 64048 7541
75734 60266 6587
76232 56768 6798
52578 79422 6574
62942 63058 7600
58257 66743 7597
73922 57078 7132
61679 75321 6894
80192 47808 5647
60226 66774 7583
70625 58375 7375
72202 56798 7278
49153 78847 6916
67620 67380 7313
80487 43513 5840
79323 48677 6241
59424 75576 7068
80436 45564 5839
70937 56063 7363
61114 73886 7185
59711 72289 7360
76143 59857 6375
78283 54717 5946
58236 76764 6934
73029 54971 7221
56514 77486 6913
78103 54897 6250
62386 74614 6966
74631 54369 7076
62501 62499 7610
70533 66467 7076
75040 57960 6960
59696 65304 7613
76272 53728 6882
65082 71918 7126
70881 64119 7204
51303 77697 7053
71768 61232 7243
62465 67535 7519
67742 64258 7429
59121 76879 6795
79938 49062 5733
58871 73129 7329
77352 54648 6615
61491 75509 6868
72464 55536 7261
55613 73387 7367
56301 76699 7067
72255 61745 7180
50499 79501 6703
63823 64177 7569
61299 63701 7615
61244 70756 7409
75625 58375 6849
60419 68581 7521
53992 77008 7094
63892 71108 7299
55345 77655 6945
78304 53696 6310
71049 58951 7342
58356 65644 7610
72926 62074 7077
56898 71102 7469
61688 71312 7368
73727 63273 6817
60878 76122 6719
50268 79732 6623
79831 49169 5887
73148 61852 7060
76375 54625 6841
70092 57908 7406
45570 80430 6317
80347 43653 5902
54260 70740 7498
59047 75953 7032
61112 71888 7351
77084 55916 6608
75594 55406 6954
71278 59722 7315
66559 68441 7327
78045 49955 6578
46711 80289 6472
80163 46837 5927
74433 62567 6690
62119 67881 7513
73090 58910 7182
76832 55168 6728
60699 65301 7604
63709 66291 7526
68365 69635 6658
50349 77651 7070
51280 79720 6508
65726 70274 7253
77196 55804 6578
73851 55149 7153
80090 46910 5963
48907 78093 7018
59482 73518 7286
80246 44754 5939
56039 68961 7552
68651 68349 7139
73496 54504 7184
78281 54719 6104
60206 63794 7621
79550 49450 6102
49593 76407 7193
69970 61030 7377
54696 74304 7323
80172 47828 5707
58442 76558 6964
76193 52807 6900
79868 49132 5837
67082 60918 7510
72633 60367 7191
55447 70553 7502
50107 78893 6888
67477 61523 7494
75398 57602 6917
71729 64271 7098
61106 75894 6797
46750 80250 6509
74075 62925 6756
72790 57210 7235
78344 52656 6386
74665 60335 6912
58785 69215 7524
75875 59125 6733
62514 74486 6978
75822 55178 6924
74760 60240 6900
62028 64972 7592
61704 75296 6897
53939 76061 7205
67873 61127 7482
53251 76749 7140
72663 58337 7234
58667 77333 6539
77498 56502 6314
79632 50368 5771
51377 79623 6586
44686 80314 6518
70478 65522 7163
63564 63436 7588
73700 62300 6949
77649 52351 6625
80770 44230 5636
50610 79390 6738
77662 56338 6166
80372 44628 5889
72991 65009 6623
71021 64979 7137
81062 41938 5416
69233 59767 7437
55208 78792 6540
41326 80674 6116
68553 59447 7469
68771 58229 7462
77598 56402 6260
54671 78329 6841
71699 65301 7014
77348 51652 6714
45591 80409 6391
50494 78506 6949
65030 68970 7375
58228 70772 7466
80040 45960 6013
60125 62875 7626
76481 51519 6861
54796 72204 7435
80127 47873 5818
65734 63266 7531
56928 77072 6972
62296 61704 7614
50947 77053 7131
73404 55596 7192
64201 64799 7549
55765 78235 6783
53957 79043 6632
61976 67024 7549
54605 73395 7375
70724 65276 7152
72212 62788 7130
80512 44488 5827
67600 68400 7245
77203 53797 6690
78724 53276 6081
51978 77022 7130
59849 66151 7601
57763 76237 7074
74351 59649 7005
66440 70560 7161
74973 59027 6930
54060 71940 7447
69321 64679 7314
51226 78774 6894
73167 55833 7211
76116 59884 6418
58072 71928 7412
70049 61951 7355
70611 67389 6925
53010 78990 6745
56195 75805 7174
57289 71711 7435
74087 60913 6981
74343 56657 7091
59506 76494 6866
46914 80086 6599
61208 67792 7537
69655 63345 7342
63308 70692 7355
67328 69672 7164
52789 79211 6664
66597 67403 7373
67503 58497 7502
81113 40887 5409
55011 72989 7394
60389 67611 7557
74032 61968 6914
75365 59635 6815
62102 63898 7603
74815 56185 7041
58802 72198 7384
51333 76667 7167
76853 58147 6362
60830 76170 6638
51018 77982 7018
79619 47381 6151
48745 79255 6826
65207 64793 7517
64441 67559 7465
64174 73826 6832
78466 51534 6411
76919 56081 6649
71570 57430 7319
59879 75121 7107
70463 56537 7389
76701 56299 6698
68675 64325 7379
70615 60385 7347
57818 77182 6872
74834 61166 6793
66039 59961 7544
69662 65338 7255
60000 73000 7310
63538 69462 7409
67461 67539 7316
59118 70882 7445
72886 61114 7136
76979 58021 6245
71154 65846 7048
52008 75992 7226
50964 79036 6829
60762 73238 7266
53339 72661 7414
58003 68997 7544
69256 58744 7445
72629 61371 7154
68205 67795 7234
65244 62756 7554
72505 59495 7226
80528 45472 5767
64301 73699 6858
71565 58435 7314
69627 67373 7110
62512 66488 7555
60153 75847 6950
78727 49273 6409
68540 61460 7451
56908 73092 7368
57703 67297 7588
54532 78468 6818
79645 50355 5727
76578 57422 6660
52719 77281 7086
63340 72660 7175
57007 74993 7232
58807 75193 7154
73232 57768 7191
56251 77749 6873
59345 69655 7497
61158 69842 7454
64040 61960 7591
78954 47046 6353
81076 41924 5354
76606 58394 6507
71247 56753 7344
73643 56357 7169
61212 75788 6817
63890 66110 7525
54120 77880 6955
54280 74720 7298
52513 79487 6487
71172 63828 7190
75048 61952 6374
64373 63627 7565
57170 67830 7578
71011 61989 7281
58327 74673 7225
80799 42201 5671
57421 75579 7164
80583 45417 5701
70707 59293 7360
59760 76240 6901
58426 67574 7581
74509 58491 7021
56315 72685 7398
79581 48419 6135
61094 61906 7624
80998 42002 5532
75481 60519 6665
60044 70956 7424
59303 67697 7570
49353 79647 6714
50057 76943 7145
80244 46756 5882
58269 67731 7578
78853 53147 5988
72016 64984 6991
77758 50242 6636
67208 70792 7016
67528 70472 7016
72805 65195 6678
75915 60085 6520
43413 80587 6296
52521 79479 6530
61547 72453 7299
79086 50914 6192
78066 53934 6400
61014 75986 6776
80964 43036 5491
59615 74385 7208
49699 79301 6798
79136 51864 6006
78674 50326 6400
74572 57428 7044
57093 77907 6695
68816 67184 7221
52739 75261 7275
75186 53814 7017
56914 67086 7593
62905 64095 7590
75414 54586 6989
63722 65278 7552
78482 48518 6473
65737 66263 7456
52642 79358 6603
55080 76920 7074
63879 74121 6767
51991 78009 7004
55248 78752 6595
80277 45723 5913
74459 54541 7094
56832 66168 7605
74073 58927 7069
60231 68769 7517
55527 74473 7303
56867 76133 7121
79298 47702 6254
45804 80196 6567
45951 80049 6628
68144 61856 7463
73559 60441 7078
59050 74950 7171
81154 40846 5344
78206 50794 6529
72925 64075 6919
57201 77799 6732
79663 47337 6136
55184 76816 7085
70070 66930 7096
60902 66098 7589
63583 71417 7290
50609 77391 7098
52700 76300 7194
58135 72865 7361
74955 62045 6526
65285 63715 7537
54762 71238 7478
51523 79477 6653
53590 77410 7051
60038 61962 7627
64008 72992 7078
47300 79700 6732
79440 50560 6006
73800 58200 7123
69016 68984 6997
78144 51856 6505
57952 66048 7606
78450 49550 6480
75563 56437 6932
61573 66427 7572
71905 56095 7300
65219 72781 6956
64867 61133 7573
61842 69158 7467
67891 60109 7489
56766 78234 6522
63418 61582 7603
59080 71920 7393
76258 57742 6730
58814 65186 7614
67840 63160 7454
73052 63948 6907
75111 60889 6744
81179 38821 5186
55663 75337 7234
56780 75220 7216
56481 69519 7533
74655 62345 6641
53832 79168 6496
75113 56887 6984
56969 70031 7513
73654 58346 7137
79595 50405 5838
79362 49638 6169
61128 62872 7620
75391 53609 6994
63803 74197 6740
53852 79148 6576
76780 58220 6422
60184 72816 7317
58902 77098 6734
70461 62539 7307
58498 74502 7235
