29688 18312 2310
23365 29635 2482
23837 30163 2388
27139 25861 2453
28774 24226 2275
27812 21188 2523
21369 31631 2107
22959 31041 2176
29439 19561 2349
23107 28893 2562
25143 28857 2419
25676 28324 2424
22886 28114 2604
30199 20801 2098
27853 23147 2484
28296 20704 2484
29884 19116 2262
30626 17374 2063
23300 27700 2614
27766 27234 2025
30847 17153 1880
24821 24179 2666
29472 23528 2104
21984 31016 2369
29603 23397 2022
22077 26923 2656
24985 24015 2664
30118 21882 1984
22520 25480 2684
30032 18968 2230
27561 24439 2474
22567 24433 2699
27592 27408 2105
24031 29969 2398
29463 22537 2231
21515 31485 2241
30846 18154 1838
27324 26676 2350
16742 32258 1991
28479 24521 2323
29552 19448 2327
28780 20220 2440
25936 28064 2417
19437 31563 2296
21375 31625 2172
26959 24041 2553
22162 26838 2658
23786 30214 2382
20019 31981 2144
24224 23776 2686
30678 18322 2018
27512 25488 2426
23834 27166 2626
22626 26374 2667
30237 20763 2082
17821 32179 2131
30650 18350 2030
30390 17610 2143
29507 20493 2316
29090 20910 2380
23581 25419 2672
29349 19651 2364
23056 30944 2225
25257 29743 2228
28883 19117 2444
27317 22683 2552
29000 22000 2368
30532 20468 1933
29804 22196 2128
24358 27642 2586
23934 29066 2511
29586 23414 2033
26979 25021 2518
26563 25437 2546
20733 31267 2348
27251 20749 2567
27457 23543 2515
25369 26631 2588
28889 21111 2405
25302 27698 2522
18811 32189 2007
30168 17832 2204
18819 32181 2101
29182 21818 2343
30681 19319 1981
28722 23278 2364
30832 18168 1941
29283 23717 2169
25638 21362 2655
24440 28560 2528
28073 25927 2278
29675 23325 1937
17772 32228 2046
20224 28776 2591
28430 21570 2458
30131 19869 2183
27425 21575 2552
29224 19776 2382
29082 22918 2310
23000 28000 2607
28486 22514 2425
21794 25206 2690
26718 24282 2571
23845 25155 2672
25107 22893 2673
21732 29268 2569
22045 27955 2623
21868 27132 2651
26404 26596 2493
29191 23809 2197
30337 18663 2149
23110 25890 2671
29039 18961 2421
28025 23975 2437
26663 22337 2603
21429 30571 2440
20315 30685 2430
24394 29606 2411
22557 30443 2424
26436 28564 2065
28148 24852 2373
25866 27134 2509
22334 29666 2514
26539 28461 2215
25874 24126 2635
30374 20626 2014
26463 27537 2396
20011 31989 2050
26999 28001 2187
28785 25215 2152
23327 23673 2697
21839 30161 2480
30612 18388 2046
25735 29265 2243
27009 21991 2580
27748 27252 2057
26064 22936 2633
22309 25691 2681
23400 30600 2334
24718 26282 2626
24505 25495 2652
27874 26126 2306
22910 31090 2091
20528 28472 2603
22598 27402 2637
28898 25102 2086
20128 31872 2219
30643 19357 1997
21536 29464 2553
28994 23006 2328
24820 30180 2193
30525 17475 2099
25486 25514 2623
26653 26347 2483
29920 21080 2193
28966 23034 2332
30138 21862 1893
27335 27665 2164
20277 31723 2266
22471 24529 2699
21141 28859 2587
29999 18001 2244
27643 25357 2416
21022 29978 2509
25848 25152 2608
30710 19290 1938
26588 23412 2595
28987 25013 2000
23251 30749 2287
29709 21291 2253
28304 24696 2350
29959 22041 2069
