21277 19946 23725
21212 18803 23817
22220 20622 22644
21057 22636 20789
20411 20043 24028
19478 22034 22794
22016 21670 21584
21412 21775 22456
21906 21406 22337
18781 19346 24329
22978 18776 22137
17336 17973 24586
22058 21373 22160
20008 20798 23676
20241 22651 22158
23145 18236 21752
22481 20561 22244
20401 22842 21709
22881 20024 21993
19191 19637 24218
23472 18162 20350
21572 21966 22007
17403 16464 24715
22135 19921 23057
21040 22099 22450
20818 18903 24078
21750 20024 23383
21244 21029 23292
22571 20215 22393
23537 17127 19261
20447 19031 24230
20221 23036 20862
20771 22753 21708
23504 17025 20233
21815 21020 22808
23535 17363 19285
21622 20412 23458
21543 20105 23549
20374 21391 23224
19151 19257 24328
22587 19223 22615
22056 19614 23148
22419 20915 21936
19462 21275 23371
22666 19530 22524
19412 22943 21413
18385 17391 24599
21573 22043 21680
22873 20195 21187
22260 20421 22771
22196 21351 21832
19797 22315 22579
18515 18747 24502
18578 17954 24550
19788 23250 20381
23432 18737 20871
23484 18154 19867
19271 20430 23852
21594 19713 23545
21596 21237 22819
