28496 27350 22684
29095 24500 23539
28706 25793 24438
24361 22591 26166
27554 26107 25504
26843 27253 24878
25574 29092 22238
25857 29107 21857
28856 26064 24056
27617 28272 22452
28816 23997 24577
24860 23697 26113
27525 25178 25724
27388 28290 22849
23990 29506 20580
26168 27751 24450
28705 25168 24585
28433 27169 23482
27242 24511 25879
29199 24995 23052
27774 24944 25678
29027 25928 23610
26804 24243 25952
27528 28315 22538
27121 24556 25893
26413 27866 24284
26065 26151 25629
28517 25966 24677
24355 23792 26120
27044 28563 21841
28584 26322 24355
29284 23752 21343
26839 25601 25783
27331 26324 25454
27532 26506 25268
25809 23915 26048
28434 26051 24737
27309 26723 25218
26540 28805 22216
27753 27451 24064
27182 28119 23717
26855 27730 24358
28604 27033 23036
27760 26829 24793
27983 27995 21849
28456 24306 25262
27704 25581 25608
28345 26094 24823
28886 26682 21638
28055 25271 25369
29163 25931 22260
24778 29308 21554
29269 24623 21742
27771 28175 22315
28795 26886 21490
25079 23256 26120
25482 26521 25444
23731 22632 26166
25448 24087 26058
26435 23412 26014
24942 29224 22082
27463 24546 25808
26194 25190 25906
25055 28231 23830
26706 28728 22619
27123 28099 23778
28513 27425 21484
27274 27252 24651
26431 28549 23204
25848 28698 22993
25632 24600 26018
27495 26087 25565
26564 27019 25157
25703 28220 23818
27545 25781 25639
27333 27272 24590
25653 25592 25803
28606 25923 24591
