67938 75237 88024
65805 84064 71721
72871 78878 81991
64693 83747 78409
79348 72108 73576
67365 82086 81526
80646 64844 68904
71519 72436 86964
69369 80237 83622
73950 73211 84714
65426 80700 84344
71927 81712 74665
80348 67670 71477
75775 78028 76980
68131 81903 81534
75180 71976 83618
72334 72670 86291
70374 82523 72978
68536 78080 86038
70279 77196 85767
66157 75830 88127
67149 79692 85185
79295 72379 72610
66934 73152 88980
68612 80188 84129
66685 73159 89043
71914 75155 85903
78521 73659 75728
68529 80045 84345
64761 79852 85247
78537 72648 77182
77429 74998 77904
73339 70694 85721
75349 77692 79501
80460 68036 69109
63823 80282 84878
65205 77308 87301
74049 79749 78180
62591 82539 81610
78374 73559 76809
68351 79414 85064
73702 75618 83928
80678 65835 68100
71676 81761 76110
68748 81080 82756
78854 72633 75895
76191 74481 81103
72950 77954 82959
76684 72678 81135
70559 82183 77095
78532 73040 76760
65041 68468 89692
67941 79339 85263
67135 83502 75889
70936 70934 87538
66528 76355 87814
80427 67950 70362
66847 79308 85614
76940 75136 79148
68635 81997 81065
74240 77116 82044
79240 71397 75529
68005 72172 88810
78056 74546 76034
66780 77223 87184
71302 82017 75712
63379 84449 71964
71589 79253 83084
70982 77407 85238
79185 69860 76108
76014 74031 81703
74014 80101 73940
66620 78737 86139
73267 80445 78053
70762 74049 87116
68959 81279 82241
72565 78228 83145
78981 72865 74567
79541 70883 74577
68979 73522 88220
80642 65961 68744
65387 71374 89500
63640 81523 83357
64273 67961 89830
62344 68668 89967
76129 75894 80047
72769 79135 81810
71751 81643 76852
63917 83982 77590
67369 80973 83606
74200 78110 80968
73686 69975 85392
76144 76992 78643
77043 69567 80975
77758 70809 79684
80205 67173 72279
72025 80177 81249
68267 73511 88506
78022 71532 78987
69595 73461 87950
66039 76966 87487
67472 81786 82096
73205 72432 85599
70345 77993 85189
76295 75050 80517
73762 75804 83756
69810 79563 84160
63915 84365 73991
68694 83160 72428
73674 79872 78819
74434 77525 81271
63810 67827 89880
72598 76302 84746
66516 72614 89177
69048 72998 88323
67626 77934 86492
76726 73742 80580
80539 67378 69085
66627 81024 83781
74137 79975 74191
64203 83378 79650
74272 75435 83357
78062 74876 72738
76538 77116 75389
65587 72552 89364
64260 78191 86672
80498 66628 70529
70487 80584 82300
80575 66949 69243
80309 68658 71076
69488 78481 85277
65945 77774 86944
70292 81904 79458
78214 74056 76522
70185 78490 84902
75559 77166 79763
75269 78795 75779
79544 71772 72326
70807 76955 85633
78978 73139 72353
68282 71638 88767
79580 68038 74853
66547 69207 89372
66610 74587 88663
80489 66606 70629
75392 77704 79384
68310 74697 88129
68990 79918 84248
73212 80753 75924
75139 75278 82337
65155 83655 78446
68300 80773 83562
70466 73478 87455
71712 72145 86871
73354 79430 80567
69467 81628 81138
64159 70432 89741
65846 79407 85608
63685 84137 76569
80194 68807 72033
69245 76274 86909
68497 83175 74874
78034 73759 77693
67887 72684 88792
70941 80237 82374
73310 76297 83964
79793 71054 72210
77949 70218 79280
72558 77236 84087
78787 70022 77268
76630 76076 78677
72403 73742 86000
68192 69925 88896
62412 70003 89859
63700 82702 81257
68581 72034 88617
63224 84387 74665
72222 76366 85026
71445 81697 77613
71998 78671 83288
67605 82468 80542
71622 80644 80878
76187 71603 82200
68866 83065 74510
75016 71000 83845
66673 83809 72172
77089 71773 80751
76628 76436 78133
72145 81159 78509
71106 82189 72555
69195 82896 75263
72604 75705 85050
65045 82074 82447
74112 76646 82745
67835 76493 87357
66842 69548 89299
79806 70059 73738
73144 80060 79602
72680 77519 83689
72623 81285 73233
69827 74862 87330
63740 83660 78974
67155 79148 85684
62827 70900 89738
74036 72940 84691
79838 70952 70880
64270 69309 89786
79984 70506 71512
79844 68880 73827
70036 82454 76653
64175 84015 77064
77787 71660 79458
73398 78626 81537
65289 69631 89622
76184 77380 77604
65943 74656 88733
67373 75962 87817
64163 71378 89648
67364 69578 89172
64621 68070 89777
76497 70961 81790
66498 83556 77082
69812 79718 83996
70849 79815 83040
62336 84483 72607
70677 77747 85168
64544 81605 83222
69794 81955 79997
65514 73937 89035
80382 67815 71065
63357 83137 80319
70565 71999 87720
65843 84020 73366
79288 72552 70738
75770 72522 82663
71740 81153 79439
68962 81126 82513
77116 74670 79116
73385 73453 85199
75927 74983 81246
73411 74266 84861
65660 81047 83917
72319 76070 85134
72452 78005 83498
69276 82954 72431
62798 70006 89852
64945 78984 86045
71134 74881 86589
67542 82403 80725
70020 76478 86384
78965 69011 76781
73063 78177 82606
63295 84430 73519
64922 83385 79428
79236 68761 75987
70334 82165 77913
75045 71515 83809
76337 73321 81512
76527 70220 81751
65440 84090 74190
67883 74015 88510
70278 79626 83764
74606 78482 79777
73013 73945 85400
65350 72126 89439
64993 82862 80791
71647 76023 85671
70005 80153 83277
64047 84136 76220
63739 73090 89343
66340 83216 79360
71891 75812 85612
79441 71849 73593
77222 75700 77344
71336 76631 85512
77709 75169 76225
68887 69929 88656
72819 70139 86200
67223 69005 89209
70626 75542 86581
62673 84459 73288
76068 70641 82426
75293 78007 79136
77269 75495 77617
75214 78734 76983
62683 68939 89945
63908 73635 89209
65173 83828 77264
64802 75560 88348
69801 82126 79390
78817 69541 77194
64780 78189 86670
70013 75630 86869
65406 76105 88065
73471 77053 83221
63532 84415 73653
62251 69576 89900
66368 76852 87527
65987 71217 89408
75563 72189 83025
66102 80089 84924
67481 79607 85174
64113 72257 89526
68474 76094 87331
80008 70027 72497
80021 68385 73063
65241 73089 89304
73147 70845 85886
78028 74837 74925
79021 70195 76577
78657 71315 77425
74810 79303 74214
69070 83027 73302
75389 72627 83170
71148 76459 85734
75659 74934 81776
71174 82152 74404
69828 71624 88151
68699 71522 88635
77083 76276 76020
69648 74322 87647
73565 72545 85280
63114 84453 73124
73284 80357 78306
76620 74724 80143
75169 78505 78169
66592 83612 76312
75585 72862 82838
72108 70176 86743
68392 82883 78430
67933 82012 81402
66559 74288 88795
74478 72237 84369
76304 76495 78930
71029 71335 87437
62691 68339 89985
63560 68556 89886
68984 70872 88594
65764 83975 74638
69762 82763 72898
68631 76811 86840
76858 72240 80990
72940 81042 73268
69635 82264 79119
66181 69671 89457
75065 77014 80843
64818 84200 74378
75559 76244 80773
71732 74581 86275
80082 70097 71116
75430 73172 82941
78490 74097 73128
79638 69566 74608
69884 79281 84404
73302 76662 83721
72069 74288 86100
78479 69504 78070
64477 70314 89715
79112 71141 76093
78955 73233 70222
72044 81728 73086
79518 71707 73340
64725 76891 87600
72099 81560 75594
73634 71490 85351
80188 68371 72292
68588 79439 84927
73891 72126 85027
77593 75474 75714
80341 67802 71449
74066 78429 80771
74738 78049 80177
67862 82448 80438
72960 80892 76369
69271 74609 87726
70091 71806 87996
65353 84142 72871
71933 76397 85231
80359 66686 71495
77243 76108 75363
80320 68906 69695
66607 81867 82286
71042 80695 81479
73867 71474 85117
72730 79998 80495
73497 76435 83657
78019 73468 77944
73758 80344 72747
69570 72750 88150
67866 70155 88997
73371 76711 83610
70767 70389 87672
68453 73926 88318
65736 69141 89549
64464 82321 82000
71246 82049 75716
67178 74386 88641
76044 76770 79171
74367 78977 79469
70240 82134 78321
65107 83225 79796
72659 76716 84392
79035 72445 75240
79530 70427 74910
64749 84255 73357
65735 75991 88105
70918 78576 84309
70326 82547 72037
67624 83403 75345
68098 77099 86886
76336 70395 82034
65759 83463 78913
76000 74837 81228
66275 81474 83111
64745 73672 89174
75475 78488 76482
74339 72852 84364
68368 76205 87311
64661 84148 75177
68974 77112 86510
71979 77430 84534
68041 75999 87556
65521 83017 80222
71420 73915 86699
70669 73155 87426
74802 79263 75897
70347 82180 77797
80051 67760 72988
74923 76128 82032
72501 76598 84638
80273 69087 70918
69197 74248 87909
64148 84281 74696
79505 71312 74419
72639 80194 80209
78012 69321 79162
70865 74941 86736
74599 71278 84359
75197 78646 77545
70651 78398 84670
68066 77536 86633
68776 77650 86234
64218 84388 72342
68503 82393 80157
72436 70882 86429
72998 76891 83878
74238 79531 78238
69648 77984 85564
72584 73378 85942
76862 76760 74103
73545 80546 73395
66812 83645 75251
65112 77636 87083
75083 76553 81309
78861 72883 75385
68252 83253 74796
70204 70721 88034
70484 81330 80813
77624 72177 79575
69182 82964 74217
73631 80433 75032
68323 70591 88831
73938 70808 85100
76179 71504 82224
67646 82932 79296
67330 74613 88507
70296 69861 87984
75945 77485 78202
70251 81230 81265
64946 84006 76109
66010 82532 81239
63505 77833 86950
66894 77999 86633
69555 82744 75531
64328 84322 73883
79379 71535 74805
64940 80094 85013
65194 84104 74591
74441 71346 84533
63860 78689 86280
72103 74644 85964
78407 70063 78232
67147 76755 87399
68427 81257 82634
75741 71413 82890
75505 78470 76051
67103 73697 88846
64764 69002 89735
69089 79110 85003
75001 74114 83189
69718 82709 75186
65459 69675 89592
66672 71037 89260
72625 71386 86235
70608 75115 86802
76736 76616 77310
69125 69630 88560
70010 81752 80316
67085 83682 72531
74911 78768 78342
64677 71492 89579
75397 75790 81524
63588 79396 85708
77213 69904 80701
64009 71713 89614
64413 74388 88915
65246 76602 87778
77566 70028 80078
79151 72771 72145
73650 75120 84262
77486 73121 79355
76540 76988 76913
80080 69232 72594
69864 82329 78148
68639 70071 88745
71208 75242 86406
64884 74839 88708
78449 70245 78109
63151 84117 76760
74368 74319 83834
73798 79299 80023
69104 70270 88564
75809 74195 81951
62566 67666 90012
77818 74539 77278
66928 78577 86209
77243 69163 80662
80044 69598 72655
77439 75736 75760
67408 78441 86179
77672 75514 74184
71126 81136 80479
66063 73413 89126
68690 83030 75870
75969 75469 80770
75990 77893 74210
67995 81119 83126
70870 76723 85744
73995 75969 83400
69589 82596 76907
75653 74133 82241
68553 82621 79354
77974 74147 77325
72627 80833 78444
79198 71534 75613
70444 81796 79665
78830 71760 76730
80144 66656 72590
76942 70412 81130
79844 70770 72475
72120 78954 82890
76043 77711 76444
65984 70304 89479
71636 78157 84136
79633 71255 73614
73903 79123 80134
75730 72744 82655
74299 76155 82864
68101 80380 84178
69499 81944 80365
77618 75217 76588
75870 78044 74607
74842 79141 76690
63846 84322 74747
65021 73447 89245
77895 74683 76545
76306 71136 82073
65919 83779 76398
79429 69225 75338
78211 71385 78591
71652 76971 85073
68441 77400 86556
75018 75862 82113
71142 70223 87425
67674 80627 84042
75018 76808 81150
68008 83214 76327
72385 81220 77027
73351 73097 85335
73943 80098 75932
73927 74981 84025
71841 76266 85386
67310 75836 87899
67898 70676 88972
74395 75599 83111
66875 79049 85830
65124 80316 84773
76717 76874 75338
66665 83276 78731
72360 77774 83811
77499 75166 77301
73277 80649 76404
78088 72197 78556
68738 83062 75263
64913 74629 88811
62330 84487 71944
65128 80126 84967
77315 71274 80418
65461 72679 89355
63823 80760 84389
80183 69634 70679
63182 69380 89890
63731 84372 74381
74159 73862 84266
67329 78013 86513
75333 75353 82029
77140 75274 78371
67573 82856 79613
67911 83427 73088
70319 77513 85535
63242 84444 73181
65926 83646 77491
68830 75252 87650
63438 84293 75382
63824 82968 80714
69833 73124 87911
67786 77437 86779
75719 76669 80050
63587 70054 89810
70994 79626 83162
63111 84239 75967
68313 70301 88846
63232 70025 89834
71279 81835 77342
74256 79740 76507
70791 74580 86919
74465 71998 84443
68281 69337 88868
70897 81774 78660
66901 81620 82631
68802 83122 73089
79770 70488 73580
67508 76287 87602
70811 82331 74336
66308 80252 84721
68835 70053 88673
67119 76952 87278
78958 73120 73057
74485 73443 84013
72280 79379 82167
78299 74241 75195
80369 67655 71293
70644 72444 87626
65345 78486 86437
73025 78933 81704
73587 77844 82222
64082 83193 80151
78771 73564 72074
80500 67107 70351
64755 80860 84242
69251 81374 81853
72781 75064 85159
69542 74947 87436
80601 65514 69386
71302 74465 86627
76880 71174 81197
62898 69344 89914
76724 72386 81179
70236 82468 75678
65064 84214 72179
