70331 65882 63712
71216 66212 60821
64859 69885 64593
62592 72340 56357
66112 70551 60929
71254 63506 64200
70456 67522 59514
71541 65966 60250
69989 67916 60115
74794 56803 55814
66274 67691 66378
60970 65550 68847
73887 60973 59217
70140 63893 65619
72561 61008 62559
73491 59779 60724
63012 72190 57080
65240 69888 64215
67502 65295 67191
65727 64081 68553
65198 71042 60862
66520 70668 56489
62293 71454 62017
62643 68571 66910
68290 68979 61823
62820 70247 64808
66860 69111 63925
61312 66519 68378
62443 72223 57860
71072 66628 60228
74729 57562 56711
69535 67873 61891
63510 62355 69602
63423 66574 68109
61639 72346 57507
68180 65992 66305
74732 58107 56423
60449 65892 68712
65802 71013 58193
70937 64770 63758
62164 71294 62666
60746 72022 59998
60251 71351 62761
68734 69148 57843
66501 68414 65541
58404 72560 56198
66025 59713 69115
65012 66677 67770
67489 63750 67843
66752 70491 58649
65821 70592 61452
66765 70201 60877
60810 72516 56362
74837 56235 54913
68946 68835 59976
63085 72148 57474
66984 66635 66834
68185 67457 64826
69903 67885 60821
71599 63029 63782
62036 64932 69005
60963 71313 62782
74403 58161 58498
64110 69114 66101
63835 71870 57926
70044 61972 66297
67892 62219 67976
72105 65580 56740
62832 72291 54674
72920 63700 59944
72419 63172 62054
63597 71979 57403
62880 69278 66139
66709 67415 66355
70767 63663 64899
68321 64873 66836
72073 65206 60008
60181 66490 68451
58870 58289 70743
66761 62852 68505
71307 62014 64736
61271 70541 64573
66334 69627 63503
69915 66149 64085
59112 56716 70775
59561 72019 60206
68524 69255 58949
63162 71462 61485
72490 62889 62057
66587 66452 67168
61615 68133 67389
63942 60916 69780
69137 68817 57459
65447 63445 68835
58642 57578 70802
72708 64338 58826
61710 58266 70396
62971 70671 63943
62902 71201 62739
58419 59423 70660
62646 62241 69801
68155 62901 67693
66138 70689 59883
67721 67015 66017
63569 63710 69220
60725 69836 65757
73943 58408 59723
62925 63621 69343
72137 65269 59452
73319 61700 60720
69375 66181 64930
59453 62573 69964
70748 65552 63271
62214 61529 70024
74018 61463 57849
62067 72214 58288
70218 62608 66072
62928 71674 60757
61176 65208 68988
69876 66722 63246
63825 69785 65225
68894 67124 64339
73382 60348 60932
68733 68825 61004
73002 63976 57187
70596 65244 63983
62468 72397 55313
71916 63549 62871
62430 67618 67680
67189 69430 62651
72660 63143 61385
61327 66922 68190
60674 67432 67931
72074 63649 62472
60971 72585 55495
61329 61744 70076
66408 62875 68643
65994 61290 69054
71115 65505 62539
71024 63473 64583
65546 71168 56424
69572 67669 62196
72293 65089 59169
64345 70712 63062
63169 65761 68516
65717 65521 68046
65326 71112 59584
73861 61894 56845
74314 58884 58657
66214 70065 62448
73895 61264 58913
60780 72570 55742
60458 64139 69422
60575 62973 69820
61620 66037 68584
69257 64402 66324
74823 57050 54765
67033 69737 61968
62474 72048 59189
66964 63289 68293
68166 69510 59259
65361 71254 56746
70581 65410 63814
66356 61916 68813
66525 69143 64279
67175 61494 68458
61482 57555 70455
70113 64794 65105
66539 69635 63201
67796 69397 61439
66162 70573 60608
70944 66652 60627
65161 64564 68577
71177 63744 64154
72421 60764 62859
64424 71172 61661
70410 65108 64420
71878 64471 62121
64069 71668 59583
74459 59822 56385
73623 62538 55837
64443 64886 68652
72925 60894 61845
64238 65965 68285
68421 69036 61178
63890 68307 66960
60292 72479 56916
73674 61681 59525
63217 72050 58199
60202 60755 70418
72422 64346 60575
63786 58963 70018
62106 65855 68607
63213 71823 59728
69206 67057 63927
67105 65112 67525
69874 63860 65955
71625 65257 61569
66566 65869 67503
64382 71503 60159
68936 68711 60748
68175 69414 60143
61910 70082 65212
65206 60135 69470
71725 65301 61205
71935 64322 62172
63854 70347 64176
64109 60186 69835
66932 70305 59546
68324 69016 61607
63795 71926 55448
64099 66638 67985
62271 70806 63924
68662 67419 64263
67149 69371 62886
64427 64341 68846
64169 70684 63304
69099 68401 61491
61316 59054 70430
68380 68725 62413
71104 64951 63286
64232 71738 56822
59885 63285 69741
74874 55818 53081
68260 61577 67758
73399 62636 59287
59271 71722 61464
60645 72277 58636
72765 64418 56961
67500 69850 60139
73638 62258 58593
73224 60093 61294
65955 70964 57475
62829 60946 70020
71639 65674 60624
66599 68762 64977
61818 71954 60050
69225 68520 60508
69432 62712 66759
74555 58875 57750
74518 57497 58069
72036 64634 61490
73275 62578 60062
68815 65072 66333
65912 69374 64554
59871 72607 55537
64065 71212 61823
70127 65373 64635
68257 60272 67776
65411 62894 68993
69863 63276 66201
71917 65386 60291
72256 61634 63029
66396 65393 67810
74506 57241 58132
65303 68020 66672
66487 63683 68421
61575 60129 70323
65265 61623 69295
70207 67072 61894
68091 68120 64004
61940 70234 64996
66216 68561 65534
62947 70407 64502
66963 70405 57781
71572 66288 58076
70925 67118 56959
69855 67523 61879
62937 66756 68086
59837 59943 70564
67651 69567 61138
71598 63610 63457
64511 71593 57682
64140 70371 63988
61027 58888 70482
73482 62878 57453
64906 67837 67006
66423 70001 62283
66800 69833 62135
64509 71550 59054
74810 56149 55623
74618 58929 54878
67765 69292 61900
74860 55939 54382
73141 63193 59738
74006 60527 59089
71114 66088 61425
74754 56910 56548
69781 64419 65766
60474 72547 56112
64180 59402 69876
69727 67213 62701
61685 59413 70350
60320 65817 68751
63644 71404 61375
60126 70494 64758
71594 64796 62397
71394 63982 63572
60458 61343 70275
67304 66285 66822
65091 70114 63881
64535 68428 66642
72305 61313 63004
69184 63144 66828
67911 60561 68004
65424 71015 60114
74341 60303 55668
70542 67553 58808
67893 64599 67262
68398 64635 66882
69930 65983 64254
73166 63494 58101
66972 64707 67772
67696 69863 58871
73318 63086 58387
58507 72653 54969
72810 64223 58274
73996 58983 59594
60201 61167 70346
72066 64827 60980
64130 62394 69437
61474 71962 60111
71925 61291 63754
70332 64301 65163
59879 59532 70601
65695 61995 69073
69425 65059 65822
62089 71727 60935
69300 68647 58390
68041 66665 66005
65644 70993 59232
63641 71558 60693
59651 58821 70660
66838 62119 68560
64937 70404 63278
65400 70517 62331
71231 66603 59675
60550 68705 66926
68988 66461 65161
61535 63093 69702
61645 71547 61871
70189 64938 64889
60890 62055 70052
71617 64934 62167
63925 68187 67035
60635 70684 64410
67699 69984 57099
60810 71566 62069
69573 65717 65132
61902 71726 61014
67754 68607 63613
72506 62351 62269
59505 59890 70596
60462 62514 69982
66505 60605 68835
61147 72112 59460
60089 72656 54744
70890 63961 64495
65374 66292 67823
58544 72479 57051
70329 66075 63477
72746 59660 62240
64342 66798 67841
73528 62781 56923
65606 69292 65003
70696 67269 59434
63395 60463 69996
61242 72490 56419
74658 57955 57384
61235 67363 67930
72925 62539 61233
65935 68450 65830
71710 65428 60965
69344 63949 66414
70047 66863 62689
60633 61879 70123
65483 70895 60869
74015 59147 59533
62141 68552 66981
70399 66412 62704
68172 69604 56773
72791 64363 57356
68939 61770 67279
63305 70906 63292
66680 70581 57423
63245 69661 65544
64609 60493 69637
67897 69512 60612
64174 67178 67650
72622 61843 62194
72376 65114 57699
65820 70124 62926
66343 64781 68112
71152 66823 58135
60366 72451 57204
71814 62455 63630
61935 72312 57563
62998 68854 66565
61040 69066 66532
70549 64435 64720
69358 62501 66856
65429 64919 68371
65914 70989 56761
70338 67752 57366
71169 63037 64532
60136 64915 69137
74198 60863 55879
58492 72663 53194
64981 61536 69409
62921 65246 68783
70410 63211 65638
63653 71896 58673
61822 72131 58998
62026 71011 63502
60035 70911 64069
64504 63970 68958
70604 66884 61143
71185 65842 61766
60926 58928 70496
68452 67986 63722
63857 69970 64892
74835 56768 53803
65972 67035 67172
68888 63074 67095
73789 60422 59913
65151 66004 68070
62963 61902 69818
60146 61759 70187
66087 70866 58200
60713 60412 70410
70139 64540 65254
63376 72084 56441
62932 67637 67609
66766 70045 61481
69032 64160 66588
70356 67238 61052
72786 63212 60933
70169 63092 65942
64015 70974 62701
61923 71876 60360
68399 63588 67289
65074 71153 60382
74460 59361 57910
66220 68303 65837
