82416 77584 8240
63751 82249 9796
73490 85510 9252
61106 95894 8959
86450 59550 7504
83735 74265 8188
68460 87540 9498
72959 77041 9548
48351 99649 8504
73721 77279 9506
51372 98628 8866
83239 70761 8752
57533 94467 9428
84794 69206 8345
65499 79501 9781
74645 85355 9126
83010 75990 8377
84606 67394 8494
86393 60607 7395
59071 96929 8875
66194 93806 8690
60233 83767 9800
82696 71304 8838
60533 96467 8802
85997 64003 7876
73703 86297 9148
55931 97069 9095
76942 77058 9302
71955 90045 8443
51862 99138 8674
85435 67565 8041
82891 73109 8714
66117 88883 9544
77983 80017 9121
48179 99821 8370
72711 89289 8713
71854 76146 9607
82768 74232 8672
57432 95568 9299
56323 97677 8913
64763 83237 9773
84645 71355 7980
68184 87816 9497
75658 79342 9346
57232 91768 9610
75173 85827 8998
56020 96980 9109
80107 78893 8898
66983 88017 9553
61808 96192 8616
74327 87673 8837
67754 85246 9635
83826 68174 8669
61932 96068 8677
60825 94175 9346
83447 73553 8523
54570 96430 9243
71179 87821 9275
81545 78455 8551
70160 87840 9363
74617 79383 9419
66476 86524 9648
53849 98151 8936
76943 79057 9251
73293 84707 9323
52541 98459 8899
54765 95235 9386
60334 96666 8735
85379 66621 8189
73435 80565 9471
55651 96349 9240
85036 64964 8381
65900 93100 9079
79006 73994 9187
64782 86218 9715
67743 91257 9216
55297 95703 9328
64505 94495 8846
65425 91575 9379
67429 82571 9714
63878 95122 8647
61482 95518 9031
64564 80436 9793
64330 87670 9681
58505 97495 8639
60951 90049 9655
70695 82305 9583
65781 83219 9752
80088 80912 8653
54671 97329 9087
86378 60622 7560
58464 94536 9398
57336 91664 9615
51636 98364 8928
82204 72796 8883
70169 77831 9668
67544 88456 9494
72155 86845 9275
73967 87033 9024
65120 89880 9533
65453 85547 9715
81270 79730 8256
55164 94836 9418
57622 93378 9516
59122 92878 9517
72070 88930 9019
78989 77011 9128
63646 85354 9761
79509 82491 8224
57643 96357 9152
73620 80380 9463
68837 88163 9437
62297 81703 9808
59832 92168 9549
60607 86393 9770
83180 74820 8501
62016 84984 9782
77925 73075 9270
73374 81626 9451
82452 77548 8157
68575 91425 9065
67122 91878 9185
85476 64524 8211
63670 86330 9739
80064 79936 8809
72590 87410 9162
86102 63898 7667
80802 74198 9021
83685 71315 8610
67659 87341 9554
86591 57409 7260
83970 70030 8600
72279 79721 9551
69530 84470 9580
81057 77943 8801
77598 78402 9214
58286 90714 9659
54603 95397 9367
50355 99645 8384
82686 75314 8607
72133 78867 9571
83164 73836 8593
70182 90818 8889
83157 69843 8783
78415 75585 9215
60085 96915 8541
59200 93800 9443
72974 89026 8743
76520 75480 9352
80971 80029 8421
72998 88002 9028
82250 75750 8698
63362 81638 9802
62818 87182 9732
81559 73441 8956
60753 96247 8874
73110 82890 9428
67865 78135 9731
75895 76105 9387
81672 75328 8866
58829 97171 8784
63983 87017 9712
85119 68881 8138
53810 97190 9143
76966 78034 9279
79987 75013 9086
55067 95933 9304
78919 81081 8911
52992 98008 8994
71987 85013 9416
62996 86004 9757
78214 77786 9178
80304 80696 8611
86058 61942 7884
61886 91114 9565
81217 78783 8638
67721 90279 9338
62503 91497 9523
67111 86889 9604
56893 98107 8480
61403 86597 9761
84486 67514 8528
76057 84943 8973
81823 76177 8772
73093 78907 9520
58943 96057 9148
65705 81295 9772
81744 70256 8962
65915 94085 8567
55482 98518 8485
82663 72337 8810
84862 69138 8313
68295 84705 9629
75140 81860 9307
62625 89375 9649
51583 99417 8338
65007 90993 9450
66265 92735 9116
56920 95080 9373
70080 90920 8878
57017 97983 8653
68863 86137 9551
59217 96783 8918
64468 79532 9794
84384 66616 8558
79402 81598 8737
61262 91738 9543
68561 83439 9652
52803 98197 8957
76632 77368 9318
63508 82492 9797
67464 92536 8944
56046 97954 8838
63688 95312 8513
72357 75643 9585
66741 87259 9604
68184 89816 9345
80805 71195 9049
57995 88005 9746
83182 75818 8167
80613 78387 8852
83142 75858 8292
83923 73077 8347
84140 68860 8589
70325 89675 9154
83250 71750 8704
68942 90058 9257
65725 80275 9777
65337 88663 9593
59082 94918 9330
83744 74256 8163
67291 79709 9744
64718 84282 9759
82214 76786 8593
71198 82802 9545
61430 81570 9813
63534 93466 9273
65948 90052 9474
64429 88571 9638
77905 84095 8706
85383 67617 8116
59545 90455 9656
60359 95641 9121
56601 91399 9633
81624 74376 8919
71654 89346 9008
49313 99687 8446
81741 74259 8903
55530 98470 8592
79356 77644 9065
71639 88361 9169
80674 79326 8742
58764 89236 9717
57370 97630 8825
84894 70106 8098
67007 90993 9325
72691 83309 9441
84859 68141 8379
66906 93094 8843
70253 88747 9272
62129 87871 9722
72146 81854 9519
65984 94016 8601
64012 94988 8711
85950 65050 7736
51526 98474 8903
83823 73177 8393
59381 92619 9529
67220 92780 8905
60972 82028 9811
83465 69535 8728
70501 78499 9650
71995 77005 9595
52864 99136 8499
82692 76308 8468
68111 90889 9233
62684 84316 9785
56936 98064 8584
72477 78523 9558
83178 75822 8209
83878 73122 8369
84634 71366 8033
80731 72269 9053
69161 89839 9261
70933 90067 8958
71707 83293 9502
85674 66326 8004
81545 74455 8927
52905 98095 8977
84461 71539 8228
81407 77593 8749
77038 74962 9321
69401 82599 9637
54143 97857 8991
86144 60856 7820
76196 81804 9215
62283 94717 9148
65857 84143 9735
86615 56385 7152
64212 94788 8772
83653 71347 8618
68839 85161 9590
71488 86512 9362
69142 85858 9549
69409 78591 9689
86224 62776 7655
55631 97369 9040
66260 87740 9602
55579 98421 8632
74017 77983 9481
74388 83612 9286
47156 99844 8325
60027 96973 8444
52879 99121 8520
65422 82578 9766
86068 63932 7776
62343 95657 8829
58115 96885 9005
64182 91818 9425
65378 87622 9648
56779 94221 9461
69152 86848 9498
76983 76017 9314
58492 88508 9736
83519 74481 8381
69276 91724 8749
63234 89766 9609
57690 97310 8907
85965 63035 7952
76730 85270 8777
52144 98856 8786
81330 79670 8211
64495 86505 9714
83724 73276 8435
80690 79310 8739
77865 83135 8870
85193 68807 8055
70353 80647 9632
59396 88604 9731
85304 67696 8175
70252 81748 9616
48445 99555 8567
62826 93174 9360
45107 99893 8124
69381 80619 9670
70835 88165 9274
60572 93428 9435
63935 93065 9304
67480 84520 9668
68106 79894 9723
84214 69786 8532
77642 77358 9239
68083 91917 9020
54319 98681 8684
67166 88834 9491
55723 97277 9058
85595 66405 8063
55958 95042 9394
77841 81159 9066
79029 82971 8589
71432 81568 9561
85435 64565 8233
84057 69943 8577
69441 87559 9436
59977 96023 9062
84739 70261 8223
61364 95636 9011
82141 70859 8923
57100 96900 9071
58307 96693 9047
75252 81748 9302
79496 82504 8340
81090 74910 8967
73538 76462 9522
61640 93360 9398
55822 92178 9592
71323 84677 9473
77509 84491 8730
69791 89209 9270
55711 94289 9459
64867 83133 9772
85678 64322 8101
50496 99504 8518
66679 93321 8796
54224 98776 8608
83753 74247 8094
80949 78051 8814
62282 90718 9578
72438 89562 8678
81393 76607 8838
83287 72713 8635
73976 81024 9424
58469 97531 8594
84229 67771 8583
78247 78753 9144
75149 76851 9425
64337 93663 9170
74444 75556 9478
71962 90038 8537
62317 86683 9752
84452 68548 8509
55496 95504 9348
85149 67851 8251
60548 85452 9784
74359 82641 9341
60584 87416 9751
80244 71756 9099
85153 66847 8293
78227 73773 9245
53170 98830 8738
60558 82442 9809
68562 92438 8565
59347 86653 9769
85886 63114 8011
61787 96213 8442
76272 82728 9147
75998 74002 9391
58440 97560 8523
52634 98366 8923
70370 85630 9493
79387 82613 8489
75383 82617 9249
73692 79308 9480
68540 80460 9703
67241 89759 9417
56905 90095 9689
66791 78209 9756
83792 70208 8642
60194 93806 9413
75401 81599 9295
61998 94002 9304
85129 65871 8346
75985 81015 9267
65613 86387 9683
49259 99741 8325
82655 73345 8760
80566 78434 8857
51610 99390 8457
84102 72898 8251
71855 80145 9567
78793 83207 8635
75593 75407 9412
60219 86781 9765
79485 82515 8415
68430 90570 9244
60824 96176 8893
62959 89041 9658
75658 78342 9368
86195 62805 7744
85513 67487 7905
63473 83527 9786
75205 82795 9256
54395 97605 9037
81695 72305 8958
77963 78037 9193
63503 94497 9050
86492 58508 7448
68113 85887 9597
61257 95743 8990
70753 79247 9632
60661 91339 9585
86629 55371 7076
59892 87108 9760
82950 70050 8819
71469 89531 8998
65084 86916 9684
68895 79105 9703
78040 78960 9156
83657 72343 8548
81238 72762 9004
83603 72397 8561
54701 98299 8825
66217 79783 9769
64508 82492 9785
58859 88141 9743
59805 88195 9738
74024 81976 9395
66030 92970 9093
85755 63245 8083
64466 85534 9743
70668 87332 9364
62251 85749 9768
86461 59539 7460
73812 88188 8812
69212 90788 9109
59515 85485 9784
60150 88850 9719
57040 96960 9061
84548 66452 8525
66707 85293 9678
64792 79208 9791
59880 95120 9264
83370 74630 8434
75607 82393 9240
85691 65309 8052
51590 99410 8384
54369 96631 9217
58547 97453 8675
80480 77520 8940
77634 75366 9276
65209 83791 9756
74262 76738 9481
73484 88516 8786
66778 90222 9410
49960 99040 8764
50843 99157 8730
61146 83854 9798
64819 94181 8908
84210 71790 8361
63065 91935 9469
84722 66278 8476
86223 60777 7761
67659 91341 9212
76500 81500 9201
86309 60691 7688
67819 92181 8992
62874 94126 9221
74853 78147 9425
61732 85268 9780
71485 77515 9615
61285 90715 9607
65862 92138 9278
57794 97206 8933
80554 79446 8758
60290 96710 8718
69098 81902 9664
76304 83696 9069
69017 91983 8699
59635 91365 9604
60131 84869 9790
66049 93951 8631
70594 90406 8931
62338 94662 9155
64824 92176 9358
52982 99018 8642
72026 77974 9586
59767 94233 9383
57086 97914 8704
57190 92810 9553
75665 80335 9318
74428 86572 9016
81814 73186 8932
74755 87245 8833
82473 74527 8730
56692 96308 9205
76520 80480 9240
58788 92212 9571
72641 88359 9028
75654 77346 9386
84904 66096 8422
86308 61692 7584
80961 79039 8688
83964 71036 8537
77210 82790 9023
68248 86752 9553
72522 81478 9505
83036 70964 8790
86606 56394 7212
68629 81371 9689
63598 92402 9402
79450 82550 8446
80979 76021 8940
69469 77531 9690
86355 60645 7616
86320 61680 7542
56224 97776 8887
54120 98880 8472
73165 83835 9385
62299 88701 9689
78465 80535 9027
59314 95686 9201
84702 67298 8465
59428 89572 9699
60054 96946 8500
79823 76177 9068
65815 94185 8501
58588 89412 9712
84316 68684 8547
68257 88743 9432
64103 94897 8740
57291 95709 9285
72063 89937 8574
46118 99882 8205
69539 80461 9666
66951 92049 9173
51971 98029 8997
72377 84623 9406
79006 78994 9047
75549 83451 9179
50245 98755 8837
75968 86032 8812
64780 93220 9207
57892 92108 9586
80115 76885 9010
69739 91261 8834
66392 92608 9127
62448 92552 9440
69066 91934 8709
71484 78516 9607
70499 89501 9159
69335 83665 9613
57253 97747 8782
68462 92538 8499
77337 82663 9016
84218 72782 8117
80746 80254 8501
67427 81573 9725
53568 98432 8866
67602 87398 9554
84228 70772 8460
84060 71940 8417
84968 70032 7970
83598 74402 8322
51605 99395 8446
69798 86202 9497
83762 74238 7987
86636 54364 6981
63453 91547 9484
79003 75997 9157
58873 97127 8801
83754 74246 8086
82252 73748 8830
55126 97874 8935
59207 87793 9749
61995 95005 9106
73586 86414 9150
73842 83158 9361
71169 85831 9432
81713 78287 8505
81979 78021 8426
58472 96528 9077
84621 69379 8413
68788 90212 9254
61134 87866 9735
80579 76421 8973
63607 83393 9786
54205 98795 8590
71504 80496 9578
64528 81472 9790
61647 90353 9619
55923 93077 9540
63783 95217 8590
46132 99868 8271
65824 82176 9761
85231 68769 7991
55690 98310 8708
59353 90647 9649
65438 93562 9015
64572 93428 9193
79765 81235 8699
85754 64246 8057
74233 78767 9455
64032 88968 9631
52237 98763 8815
56023 95977 9282
72364 85636 9347
59735 93265 9474
68901 89099 9355
83717 74283 8220
66885 84115 9700
72291 88709 9023
85539 67461 7788
56470 95530 9330
72355 89645 8661
75959 77041 9370
83147 71853 8725
70385 84615 9532
77303 79697 9198
72103 80897 9540
62850 95150 8937
81003 76997 8886
73454 74546 9529
60280 92720 9501
57708 90292 9680
70416 90584 8913
83401 68599 8748
85500 65500 8173
61086 94914 9215
62724 88276 9697
75272 84728 9106
68707 92293 8624
84949 69051 8269
56563 93437 9517
72657 80343 9520
60729 93271 9444
65725 88275 9598
64163 89837 9575
50580 99420 8580
84257 72743 8013
58421 95579 9264
63966 94034 9117
62886 81114 9807
81193 77807 8782
69822 79178 9672
85904 64096 7962
79821 73179 9130
51653 99347 8522
61701 92299 9490
54434 98566 8735
52842 99158 8391
68828 89172 9354
56841 97159 9027
82216 74784 8776
66615 84385 9704
82226 77774 8341
64888 80112 9790
72872 82128 9468
84606 70394 8316
86442 58558 7515
81008 79992 8405
84656 70344 8283
55229 96771 9183
54966 96034 9292
78333 78667 9139
66520 81480 9751
49485 99515 8580
84304 71696 8312
63218 87782 9704
85752 66248 7868
85891 65109 7917
78805 82195 8797
79548 79452 8947
85918 65082 7860
75379 83621 9186
60240 88760 9721
75146 78854 9394
63005 94995 8966
56357 94643 9431
68730 78270 9710
80324 80676 8607
81463 71537 8988
74723 84277 9210
61688 94312 9277
81789 75211 8850
81723 77277 8695
