32863 29137 3626
35623 27377 3468
29674 29326 3728
34355 27645 3571
29604 32396 3417
38804 24196 2874
39252 21748 2848
32811 31189 3309
36788 25212 3345
35872 27128 3446
29207 31793 3563
31728 31272 3459
30736 32264 3276
28825 32175 3523
29371 29629 3724
37926 25074 3183
27731 32269 3558
38405 25595 2969
31129 31871 3381
30724 32276 3267
27402 32598 3518
30849 32151 3321
38136 25864 3096
36843 27157 3289
34284 27716 3576
33255 30745 3383
28281 29719 3722
28427 30573 3699
35066 27934 3506
27375 31625 3629
35303 28697 3422
37821 26179 3166
39458 19542 2687
31399 30601 3596
30157 29843 3703
34275 28725 3543
30054 31946 3492
30434 30566 3651
25865 33135 3424
30510 29490 3708
38857 23143 2990
36373 26627 3393
32237 30763 3497
27156 32844 3466
35801 26199 3453
26849 33151 3392
33070 30930 3365
28112 31888 3596
25553 33447 3264
31268 31732 3404
26698 33302 3326
32676 31324 3240
30971 30029 3676
29422 32578 3360
32209 28791 3677
36229 26771 3409
37306 26694 3231
33649 30351 3414
31509 31491 3440
30672 31328 3544
31274 29726 3680
26663 32337 3560
33922 29078 3545
27477 31523 3637
34729 29271 3438
37089 25911 3309
29163 32837 3253
28958 31042 3662
27592 31408 3645
32906 31094 3343
30049 30951 3628
39126 22874 2851
30009 31991 3487
35177 26823 3507
30663 32337 3213
28442 32558 3475
35487 28513 3416
31554 31446 3445
37742 25258 3223
38721 24279 2945
28977 32023 3540
36062 27938 3375
29022 31978 3545
26891 32109 3591
27873 33127 3284
38561 24439 3021
38426 24574 3066
33335 29665 3536
30455 31545 3528
32943 28057 3654
29143 32857 3234
26658 33342 3271
32635 31365 3214
27974 33026 3350
29204 32796 3288
29490 31510 3585
30906 31094 3561
31162 28838 3709
32852 31148 3326
32724 30276 3521
28761 28239 3733
28299 32701 3456
31948 31052 3476
