34202 24798 2880
27938 27062 3200
32515 29485 2824
29145 32855 2891
35372 21628 2649
35776 19224 2404
26583 33417 3009
32324 27676 3031
30374 31626 2897
33775 27225 2839
28876 33124 2822
27375 31625 3120
35076 24924 2594
34709 24291 2783
30866 28134 3126
26808 34192 2747
35723 20277 2453
27157 27843 3197
22903 35097 2704
34547 26453 2601
28149 31851 3075
35239 21761 2697
28298 29702 3169
21792 35208 2641
31395 28605 3063
26116 32884 3061
30549 27451 3156
29089 31911 3007
29752 31248 3010
33017 28983 2771
33429 25571 2982
35307 23693 2575
28546 28454 3188
29298 30702 3091
32862 28138 2922
27178 33822 2899
21705 35295 2528
34200 25800 2841
34277 23723 2884
26813 32187 3094
34424 25576 2803
31584 29416 2982
34863 25137 2691
35047 23953 2683
21766 35234 2626
28001 28999 3185
32220 28780 2957
29373 28627 3166
31772 30228 2863
33493 27507 2868
30459 30541 3005
35705 21295 2440
30514 29486 3084
26387 33613 2990
22868 35132 2639
27681 33319 2957
33236 28764 2734
34663 23337 2819
22984 35016 2751
24030 34970 2588
35295 22705 2651
31222 30778 2889
33766 25234 2944
25620 34380 2880
24112 34888 2787
35416 23584 2477
29298 32702 2902
33297 26703 2966
31484 25516 3130
32275 24725 3090
26889 31111 3150
25720 34280 2910
25373 34627 2779
33338 27662 2883
22824 35176 2533
31333 26667 3134
24796 34204 2958
33835 27165 2831
31502 27498 3101
30669 25331 3164
35852 19148 2295
25833 31167 3158
30668 26332 3160
33753 24247 2956
35571 21429 2565
35396 22604 2611
24477 34523 2906
33987 25013 2915
35219 24781 2501
35567 22433 2527
24293 34707 2864
33982 23018 2926
28208 32792 2991
33016 24984 3039
28964 33036 2849
26877 34123 2832
26490 31510 3141
32151 26849 3070
29001 31999 3006
33163 27837 2898
29852 26148 3190
25172 33828 3008
26951 30049 3178
33855 26145 2899
28806 30194 3145
32575 26425 3045
26715 33285 3018
31152 28848 3071
27361 32639 3051
34924 24076 2728
29571 29429 3140
27247 30753 3157
25533 34467 2850
35593 22407 2514
33362 28638 2681
34516 26484 2710
32686 27314 3016
24031 34969 2740
25437 34563 2813
27753 30247 3166
26035 33965 2949
28261 30739 3142
26612 28388 3194
32050 27950 3041
27837 31163 3132
35093 22907 2722
33077 28923 2763
25753 32247 3110
27460 33540 2933
29834 30166 3090
28505 26495 3199
