77921 93079 7890
100972 74028 8207
104329 68671 7708
84507 77493 9397
94491 72509 9103
77696 88304 8982
89131 75869 9314
98930 67070 8834
78495 91505 8542
102030 68970 8382
103317 62683 8325
84459 78541 9382
95843 80157 8497
79866 92134 8037
73529 89471 8915
67965 95035 8126
87750 82250 9122
81705 89295 8713
81837 77163 9412
106142 63858 7481
91873 77127 9165
83428 72572 9427
102238 64762 8463
73009 89991 8868
89727 79273 9202
84615 76385 9406
102073 66927 8439
83173 80827 9336
82336 80664 9349
84248 72752 9422
90839 70161 9297
99997 65003 8734
74256 93744 8275
89363 86637 8233
78278 88722 8933
105794 65206 7335
86489 86511 8753
77793 92207 8437
88879 87121 8040
86262 78738 9349
107421 56579 7256
79949 87051 9056
94942 68058 9108
88111 71889 9372
104078 69922 7417
73900 93100 8457
102369 71631 8104
105894 63106 7733
71453 91547 8716
92884 84116 8176
104313 63687 8138
93063 68937 9203
82990 87010 8963
76257 90743 8753
103989 68011 7987
90451 75549 9268
91653 70347 9264
93040 79960 8893
91295 77705 9180
106707 57293 7637
79843 84157 9228
101189 66811 8570
78203 85797 9155
93830 75170 9096
107501 54499 7199
91986 81014 8892
85679 78321 9370
79226 83774 9246
90763 70237 9300
74852 94148 8060
85742 87258 8694
78557 92443 8245
78797 92203 8309
77027 89973 8826
77953 93047 7947
76820 93180 8219
92287 83713 8496
102182 69818 8316
91858 73142 9238
74118 92882 8495
84490 79510 9362
82146 88854 8755
84902 83098 9206
98008 78992 8129
84813 87187 8805
70907 95093 7957
103849 70151 7648
99791 68209 8719
93937 83063 8269
98596 70404 8809
100123 63877 8722
87165 77835 9344
96890 76110 8765
97697 76303 8633
74771 93229 8387
81995 77005 9413
75028 93972 8116
91577 70423 9267
96423 77577 8708
72396 94604 8110
95504 74496 8982
87668 76332 9352
86180 76820 9383
81334 81666 9320
98628 74372 8639
104613 66387 7933
70708 95292 7777
62018 95982 7378
107517 54483 7157
107164 58836 7250
91485 83515 8655
80813 76187 9421
78639 86361 9123
104711 63289 8065
98062 74938 8686
85521 88479 8438
83345 85655 9086
79321 86679 9097
99382 77618 7917
105916 64084 7624
101259 63741 8599
89246 85754 8542
95330 81670 8286
76274 93726 7928
92551 84449 8110
104377 67623 7879
83591 89409 8489
82880 73120 9429
64074 95926 7519
106850 60150 7488
82105 86895 9017
93346 83654 8226
88717 73283 9352
94793 80207 8666
79324 89676 8798
104727 68273 7389
84950 89050 8361
82546 78454 9395
100599 74401 8256
84449 86551 8930
106742 60258 7543
76566 93434 8136
102898 63102 8385
104717 68283 7414
85565 75435 9404
84812 85188 9050
104492 61508 8140
82158 75842 9421
94771 70229 9114
107450 55550 7264
67753 95247 8044
74672 89328 8923
104572 67428 7821
93209 81791 8678
80864 90136 8626
82737 86263 9055
92536 70464 9227
98059 70941 8851
105822 64178 7672
95310 68690 9087
88279 84721 8846
80950 75050 9427
106419 62581 7486
71169 92831 8570
88456 80544 9199
70526 94474 8242
105161 66839 7583
86740 88260 8254
90155 77845 9235
88809 87191 8005
91756 80244 8986
95762 69238 9057
89824 71176 9332
101020 62980 8627
106609 58391 7666
100624 73376 8366
106289 62711 7578
86663 85337 8907
105149 65851 7788
99986 72014 8569
101359 68641 8501
101892 71108 8290
99622 74378 8472
69688 94312 8296
91272 72728 9267
85947 75053 9402
106902 57098 7571
95694 78306 8741
107256 56744 7414
91234 83766 8648
86557 75443 9389
83109 89891 8414
86629 81371 9241
74507 90493 8810
81201 79799 9377
98953 70047 8778
82979 85021 9139
88951 73049 9347
96264 72736 8968
105372 64628 7828
84273 89727 8217
94202 73798 9102
82993 76007 9418
105413 60587 7967
85831 84169 9079
94679 74321 9055
85807 80193 9322
90491 79509 9138
87606 71394 9383
87752 73248 9377
104140 66860 8042
69558 95442 7794
105543 63457 7848
67328 95672 7818
96112 68888 9036
75279 91721 8650
69324 94676 8208
103402 65598 8257
104695 68305 7449
96618 73382 8918
86078 77922 9370
80252 82748 9283
101723 72277 8225
83735 88265 8715
105284 66716 7420
105640 65360 7565
92998 75002 9151
74690 94310 7792
62021 95979 7413
81256 75744 9423
97887 73113 8801
82143 90857 8198
76344 92656 8434
71001 94999 8003
105986 61014 7824
89202 81798 9063
77422 90578 8744
94399 81601 8528
73276 94724 7875
97685 75315 8712
90472 74528 9281
92881 79119 8975
74332 93668 8294
81088 84912 9176
80687 86313 9097
94308 76692 8998
106335 60665 7707
99605 77395 7764
71535 93465 8450
93562 79438 8882
101793 66207 8496
70367 94633 8193
86075 88925 7916
73403 93597 8364
101498 70502 8406
79682 92318 7845
104594 68406 7577
103998 63002 8210
89224 79776 9201
86216 88784 8059
70946 92054 8659
101800 69200 8411
66303 95697 7843
86455 82545 9173
85369 86631 8848
72281 92719 8566
90703 83297 8772
75912 87088 9084
94863 82137 8287
84732 81268 9299
98596 78404 8070
81758 91242 8030
74780 92220 8591
72684 94316 8197
99602 65398 8774
101366 64634 8581
67331 94669 8230
78040 91960 8476
104291 62709 8161
92985 81015 8788
104939 66061 7853
86753 77247 9364
78163 83837 9244
98013 73987 8744
76772 87228 9074
90195 70805 9321
107348 56652 7335
83602 86398 9000
100334 66666 8680
96258 70742 9009
92441 74559 9190
85434 78566 9369
79891 88109 8960
72114 90886 8785
68393 95607 7748
71802 94198 8273
99886 72114 8579
86049 84951 8996
66702 95298 8031
94806 73194 9073
72165 94835 7984
93577 74423 9129
96993 70007 8963
88642 83358 8960
107334 54666 7369
95426 75574 8945
83245 88755 8671
86561 76439 9379
70735 95265 7844
99252 77748 7962
103126 67874 8235
75442 93558 8234
98247 67753 8890
85830 82170 9228
84146 80854 9325
93871 71129 9155
92148 81852 8785
84105 73895 9422
86385 77615 9368
90742 78258 9193
106237 63763 7370
107518 53482 7123
71625 91375 8735
82926 78074 9399
82173 87827 8904
102299 67701 8381
70116 94884 8114
79979 92021 8095
101097 67903 8557
76300 89700 8867
89965 76035 9282
84451 89549 8270
75178 87822 9037
86859 73141 9396
85710 80290 9321
77009 85991 9147
76271 91729 8627
65208 95792 7786
83794 80206 9349
103348 61652 8325
102474 72526 7887
83890 90110 8071
93850 77150 9016
106505 61495 7581
103400 64600 8280
106389 59611 7725
76240 88760 8959
107496 53504 7219
67372 95628 7854
102827 70173 8155
68700 94300 8315
76911 89089 8919
95516 71484 9051
69592 95408 7848
105758 59242 7899
99277 74723 8503
91859 76141 9192
94377 77623 8939
105346 59654 7985
77624 92376 8403
98526 66474 8876
100095 74905 8313
83224 87776 8845
97926 67074 8919
104948 61052 8055
92312 84688 8028
89730 86270 8293
86257 85743 8892
86439 88561 8173
92773 83227 8511
87963 75037 9357
91809 79191 9060
103968 70032 7585
89396 74604 9322
97060 68940 8972
69331 93669 8440
81498 87502 8976
92441 79559 8980
99881 68119 8710
97043 66957 8984
97134 79866 8207
77593 87407 9060
98694 71306 8777
107296 56704 7386
73607 94393 8087
80920 88080 8932
98775 75225 8547
82806 90194 8361
85842 76158 9395
81172 86828 9053
79121 88879 8900
84735 76265 9406
101205 70795 8439
88649 78351 9283
80245 84755 9195
106679 59321 7619
82636 80364 9356
86055 76945 9384
105990 59010 7846
96540 80460 8251
85540 73460 9412
104512 68488 7629
81093 78907 9391
94496 70504 9128
98960 69040 8802
82424 74576 9427
67785 94215 8338
100420 68580 8631
75081 90919 8753
97199 70801 8931
87091 74909 9381
73766 91234 8738
92401 71599 9225
73556 90444 8822
90090 83910 8761
103430 62570 8308
86686 79314 9325
88531 81469 9132
96007 80993 8277
96392 73608 8932
88483 82517 9051
85717 76283 9396
84823 84177 9135
72185 93815 8355
87079 86921 8596
102917 69083 8213
94502 82498 8290
105966 63034 7707
80169 89831 8731
100458 64542 8687
95624 72376 9027
92115 77885 9120
88028 76972 9334
81697 90303 8506
77940 85060 9192
93572 82428 8524
87372 78628 9321
76355 93645 8055
89068 71932 9349
83809 90191 8007
92152 84848 7914
91416 84584 8443
90431 84569 8618
63036 95964 7433
85316 73684 9414
88440 78560 9286
69056 94944 8128
83495 79505 9371
103386 67614 8194
77756 89244 8890
75460 89540 8895
76049 92951 8378
70488 93512 8458
91679 74321 9230
101189 69811 8487
87505 71495 9385
94678 79322 8774
92451 84549 8078
74727 94273 7878
85916 74084 9406
78977 87023 9075
96225 67775 9034
82142 82858 9264
89480 76520 9294
107009 59991 7287
105582 64418 7763
84182 74818 9419
89060 84940 8730
81648 91352 7894
98602 68398 8850
89273 77727 9274
86324 88676 8121
82391 89609 8581
82639 79361 9381
97299 73701 8840
105787 65213 7441
91114 78886 9133
104637 62363 8102
98529 76471 8462
97901 77099 8511
82068 84932 9162
90974 76026 9238
90651 85349 8387
92703 73297 9195
106090 62910 7658
97572 79428 8171
88645 71355 9360
86944 85056 8917
105960 62040 7783
92986 71014 9201
85227 87773 8652
98094 72906 8787
105549 65451 7626
67571 95429 7962
82909 84091 9194
83024 85976 9071
98853 72147 8726
106449 62551 7462
85234 74766 9410
107486 54514 7236
87145 81855 9186
76304 87696 9044
97339 76661 8657
88364 84636 8848
97128 77872 8569
89466 84534 8745
107449 56551 7191
87539 79461 9292
105389 65611 7697
87569 75431 9364
84684 74316 9417
95974 72026 9006
100958 75042 8007
75776 90224 8819
100374 69626 8614
77803 88197 8990
87150 75850 9371
65177 95823 7758
78084 92916 8071
101247 71753 8372
102145 63855 8485
80752 89248 8783
87522 87478 8373
106337 59663 7744
85866 81134 9279
77336 88664 8954
101847 74153 7761
85192 83808 9144
106756 61244 7426
101147 72853 8308
75356 92644 8499
98793 73207 8680
107104 56896 7488
70909 94091 8324
68402 95598 7783
92648 81352 8787
94976 71024 9093
90666 76334 9246
65134 95866 7607
79242 81758 9321
92351 80649 8894
86569 80431 9287
75945 92055 8582
81476 80524 9359
78646 91354 8562
99767 76233 8183
106066 59934 7828
104401 64599 8096
74362 92638 8533
103653 70347 7723
90322 80678 9072
97994 70006 8878
72089 94911 7940
84218 84782 9116
104488 66512 7962
72853 94147 8240
88797 87203 7914
105213 63787 7931
80979 91021 8403
91850 84150 8473
78871 85129 9186
86114 80886 9283
94496 69504 9132
83849 83151 9227
92857 70143 9212
104812 67188 7730
86740 78260 9347
93876 81124 8676
81680 91320 7981
104068 69932 7474
97413 78587 8407
92676 77324 9106
70698 95302 7717
77375 84625 9211
73861 94139 8173
78525 83475 9259
83508 82492 9264
101579 67421 8499
103176 69824 8067
103231 71769 7495
81915 91085 8128
79817 87183 9047
87848 80152 9252
101951 72049 8188
81803 79197 9387
99288 67712 8786
76624 89376 8895
89662 85338 8572
84934 81066 9304
107080 58920 7446
103274 70726 7863
80583 91417 8300
94818 76182 8975
99235 65765 8810
70530 93470 8465
106257 58743 7783
84989 78011 9384
86305 72695 9403
95859 77141 8815
91783 82217 8783
97349 72651 8872
86286 79714 9324
75851 90149 8826
87339 85661 8808
88754 85246 8714
79644 91356 8483
106973 60027 7365
75692 92308 8547
80821 84179 9217
86790 83210 9103
77443 92557 8364
103734 68266 8049
78806 88194 8976
79885 83115 9270
106901 58099 7552
96242 69758 9022
89313 72687 9339
95379 79621 8652
99626 73374 8545
104744 65256 7978
95731 73269 8999
100439 72561 8464
104516 67484 7840
61005 95995 7360
106248 57752 7786
89910 86090 8315
89675 80325 9142
100012 70988 8614
103345 68655 8132
83968 90032 8114
69876 95124 8010
71848 92152 8646
69182 93818 8415
105955 59045 7854
92176 84824 7964
99573 69427 8720
96268 75732 8856
75109 88891 8957
73409 94591 7966
95406 74594 8987
107469 54531 7273
102777 65223 8369
80328 87672 8994
97071 78929 8431
106228 59772 7780
73443 91557 8704
84130 78870 9380
99523 67477 8763
101714 71286 8314
100064 75936 8147
103692 69308 7933
80048 91952 8126
68322 94678 8226
77038 86962 9091
68533 95467 7912
67163 94837 8184
90185 81815 8984
93322 76678 9081
89784 75216 9300
97788 69212 8910
106572 62428 7339
93946 78054 8952
74790 94210 8009
88017 78983 9290
99570 72430 8610
91356 76644 9205
95271 76729 8906
105581 60419 7934
73604 92396 8591
86617 88383 8221
75382 88618 8978
66223 95777 7773
90358 72642 9305
92524 74476 9187
83764 90236 7905
106562 56438 7685
87429 84571 8930
81501 77499 9409
83649 75351 9420
103508 66492 8217
107322 57678 7138
104754 62246 8082
97245 71755 8909
104596 68404 7575
87493 79507 9292
84231 80769 9327
105223 66777 7507
75868 93132 8339
69305 94695 8203
105726 61274 7896
105674 65326 7539
101411 74589 7906
82730 75270 9423
95345 73655 9020
83815 76185 9414
93023 71977 9191
71949 95051 7776
102799 62201 8404
98552 77448 8314
90134 82866 8880
95033 74967 9005
101152 64848 8607
86868 80132 9289
96579 75421 8838
88456 86544 8475
82251 90749 8227
102967 72033 7703
73479 94521 8009
80075 81925 9315
79760 81240 9337
89255 78745 9246
78629 90371 8735
99266 70734 8723
93795 73205 9135
84178 77822 9395
90165 76835 9258
80339 91661 8235
84966 82034 9264
82878 79122 9384
84592 88408 8597
71369 94631 8153
73015 91985 8657
82700 76300 9417
84121 86879 8911
82639 83361 9235
77947 90053 8795
93742 80258 8787
76288 93712 7956
101831 73169 8058
77051 92949 8275
88349 83651 8954
93144 72856 9177
90161 84839 8606
85324 82676 9218
78608 84392 9221
86347 78653 9349
66202 95798 7698
82404 85596 9114
73267 94733 7840
75124 89876 8867
94972 81028 8516
72545 91455 8723
105779 63221 7773
89169 86831 8175
104146 61854 8199
89173 78827 9247
91407 79593 9065
72683 90317 8838
101376 73624 8140
91904 70096 9254
79397 91603 8444
88992 77008 9302
84042 81958 9280
104603 63397 8086
82347 73653 9430
101109 65891 8598
66511 95489 7953
103019 70981 7954
105261 66739 7458
84354 83646 9190
93319 75681 9118
67732 95268 8035
94327 75673 9039
101896 64104 8516
83242 84758 9150
87152 87848 8319
68408 94592 8248
89624 72376 9332
103940 65060 8176
69681 95319 7910
84406 85594 9035
81646 91354 7865
80420 87580 9001
69997 95003 8063
81499 84501 9192
90875 75125 9255
96557 74443 8882
79606 85394 9167
85158 84842 9060
99890 66110 8742
80504 91496 8279
93348 80652 8788
82647 90353 8330
94221 69779 9146
94927 78073 8853
101823 63177 8533
91352 78648 9131
77264 92736 8324
89407 77593 9272
96902 77098 8686
76257 93743 7831
79632 83368 9261
74350 91650 8678
74103 91897 8650
79185 90815 8630
90463 83537 8768
74941 92059 8613
88405 85595 8694
91815 71185 9254
85571 79429 9349
87365 83635 9027
98005 71995 8827
93736 83264 8257
86459 83541 9095
76810 92190 8518
82999 80001 9363
85020 85980 8955
101959 74041 7674
92325 71675 9228
72845 93155 8485
77776 91224 8641
77428 91572 8601
92881 78119 9045
103219 63781 8326
104089 68911 7799
79817 92183 8006
81227 83773 9232
80220 90780 8554
93374 70626 9184
93579 72421 9158
96115 75885 8864
100732 72268 8431
100896 70104 8520
64081 95919 7664
99964 75036 8327
85661 77339 9384
83533 81467 9308
86318 87682 8529
70082 93918 8385
92284 82716 8668
82324 76676 9415
80249 83751 9243
77057 91943 8557
78348 91652 8522
103676 63324 8260
98074 75926 8607
73301 93699 8342
82299 71701 9431
105616 63384 7826
93908 74092 9116
80282 89718 8742
103205 71795 7555
105470 59530 7961
87165 71835 9391
93218 69782 9195
83648 84352 9165
80335 88665 8884
75596 93404 8276
96520 78480 8605
63046 95954 7564
89572 73428 9327
106829 59171 7557
87146 73854 9387
99264 75736 8396
106626 61374 7518
88625 77375 9308
81757 85243 9150
106816 61184 7292
