66294 75483 68981
66374 68927 77148
70655 73218 71121
67266 61755 79530
77179 67992 67991
68223 71323 75150
77199 62000 72540
72768 72813 68512
73495 63237 76476
65468 70259 76506
65533 66500 78424
63407 62763 79889
67200 75298 68968
78691 65080 66613
70701 74190 67620
75996 67257 72479
66539 76216 65136
61787 77023 63115
74426 71803 66480
77180 62079 72561
78428 65820 66293
79510 62620 64911
65412 76236 66623
64824 76099 67613
69694 72327 73410
67727 72734 73719
76335 67745 71317
71959 60503 77621
69640 59421 78885
65709 73674 72852
74200 67121 74709
71724 64518 77248
72560 62685 77123
78736 63572 68454
66472 74225 71716
72286 66920 76208
73001 69157 74485
63428 75958 68065
79898 59654 63459
78260 61977 70432
72891 61771 76999
68370 73093 72996
75346 70409 68515
64013 73623 73167
66648 60737 79798
69617 74060 70144
73526 61074 76570
70207 74064 69119
71094 74356 64975
63917 74187 72250
71486 68561 75769
67289 60382 79666
76582 68082 70280
74128 70662 71364
79207 60613 67623
63703 66546 78567
78247 65618 68080
65545 74072 72230
66404 67037 78034
75295 70152 69507
72118 73718 65897
67365 66866 77907
71330 71348 73613
61549 76512 65941
76021 64266 73903
73857 68138 74446
78153 64037 70185
63004 59976 80290
73115 68164 74996
74217 69898 72352
75874 69985 67766
74658 62856 75480
73345 66795 75517
65195 73832 72704
79404 62813 65749
78452 65640 66682
70954 72416 72451
70699 74301 67106
77861 67094 65144
67861 68353 77112
78361 65492 67698
63401 58230 80365
66136 62671 79609
68546 75556 64218
70959 73656 69213
79625 60171 65583
75750 69152 70372
77259 64168 72004
72278 60776 77418
78295 62888 70196
78034 61050 70969
68010 71801 74758
68437 74860 69212
66386 61351 79804
63608 65498 79005
64163 61146 80088
76393 69233 68182
73167 68610 74696
66359 64363 79104
79487 62491 65516
70510 74483 66532
68297 59877 79383
60949 76630 65377
75488 70637 66572
74248 65229 75382
66497 63693 79280
67094 63168 79283
70564 71689 73734
76007 69958 65665
66400 70578 76226
70652 63534 77960
78181 66468 65633
78754 65161 65671
78273 63837 69989
79307 63403 65540
72888 73068 67143
69903 70010 75613
74231 71931 67190
64838 75259 70020
76736 68619 68377
62963 74550 71597
65401 74491 71550
78278 65706 67727
66614 69584 76764
71418 62424 77783
73977 64592 75827
69302 61592 78857
67606 75672 66856
69198 66645 77530
79831 60567 63208
67231 73923 72029
63044 75700 68841
79740 61203 63401
77597 65813 70391
64614 74843 71013
64962 66733 78400
68761 75328 66122
65120 72554 74462
71736 71631 72906
73628 69808 73233
63242 76524 65878
69781 64619 78070
72386 65825 76538
79509 59804 66269
76205 65512 73192
75487 66160 73768
80001 58032 63030
66745 65127 78745
67797 72047 74552
70799 64738 77616
66831 75016 69960
74433 71812 65084
75498 69042 71238
77430 66908 69321
67064 76111 64694
62483 76978 63325
78461 62614 69829
72889 68500 74973
65139 73492 73230
74613 71561 67007
78755 61334 69167
64118 76520 65718
64641 58319 80226
77248 64607 71883
75930 68051 71833
79980 58714 62604
75469 60825 74725
65073 65266 79016
68066 61601 79297
78548 64690 68083
79548 62335 64971
72598 61820 77170
70883 69422 75535
76179 69543 68115
79339 59872 67057
68743 63720 78659
73281 71640 70839
67874 75787 65016
71836 70003 74612
61070 76764 64722
72676 73343 64961
78167 62912 70492
77477 62946 71923
77601 66438 69487
71357 74087 66282
79228 63780 65392
66146 67636 77806
63941 67378 78213
73368 72630 67368
67650 73666 72320
67559 73317 72934
76538 66737 72094
72728 66992 75873
75134 68089 73007
72814 69821 74022
62299 77076 62500
67480 65588 78414
66495 76207 65316
74032 71363 69873
74162 63388 75907
63683 75039 70621
65821 75757 68326
69047 63314 78656
70097 70686 75025
73114 70674 72841
73550 71430 70809
71149 71241 73898
67420 72556 74033
63879 59989 80262
78122 66052 67767
77467 67495 67833
66758 74623 70845
60736 77149 61985
66986 68351 77323
75873 68901 70542
72583 73122 67695
72715 71666 71676
70017 64463 78030
63563 76878 63917
64371 69657 76926
64967 75796 68545
68344 72659 73605
77702 65641 70231
69759 65091 77919
58889 77271 60325
78675 65296 65965
74831 61699 75377
72411 71083 73034
64817 72939 74043
69519 74114 70104
72641 68352 75234
73846 66480 75279
78069 63425 70632
79348 62802 66254
67352 59453 79694
76763 63156 73109
66995 73041 73551
72446 69690 74480
79462 62365 65818
69971 74639 67262
70521 62229 78260
69272 72765 73053
66003 60390 79958
65065 60867 80040
69889 73757 70667
63210 66673 78533
65283 76577 64469
71002 74386 65292
69304 75036 66633
65113 76614 63629
78141 66510 65943
71250 68717 75809
78446 62107 69931
77279 68088 66349
69897 72442 73127
70479 74617 65606
66722 76171 65126
65228 59825 80124
64318 76777 63073
77600 61399 71913
63926 76852 62625
77044 68270 67770
68805 73861 71422
68964 71715 74512
65372 60478 80044
76360 65032 73187
64383 76743 64421
71210 63212 77760
75146 62128 75042
70316 61244 78465
71806 72449 71349
71942 73057 69526
69662 72613 73042
74929 70259 70325
78794 64235 67513
64628 68183 77761
74011 61098 76136
76724 68904 66902
79912 59825 63037
63540 75398 69674
68065 73842 71841
76352 63154 73705
75201 70989 65154
75301 70879 66045
77038 68444 66571
65056 62606 79816
66447 73611 72803
71104 59957 78137
79475 62835 64866
71214 73395 69682
74390 68164 73821
74034 71644 68998
65591 76344 65802
71851 69114 75223
68683 75205 67338
64905 64732 79231
68054 72646 73725
73327 72390 68565
73513 66008 75712
71484 70970 73946
75717 65569 73751
70631 64017 77874
71944 70841 73711
62182 58650 80389
63771 62022 80003
66644 75258 69433
66051 76355 64951
76697 68048 69936
74315 66193 74974
76037 61374 74142
66736 60577 79791
69517 61070 78855
75726 63218 74395
79816 58313 64492
68509 74311 70629
72013 68683 75423
78892 61407 68756
78541 63538 69313
65356 61323 79949
68389 74049 71342
67081 75131 69518
77367 66404 70408
67807 59288 79551
69083 73444 72095
67278 69332 76766
66544 66746 78136
65483 76460 65220
67502 61599 79490
70993 66384 76991
73760 64253 76074
68140 75497 66827
68587 67378 77390
67865 75528 67133
70509 74688 64461
67740 64528 78723
76751 67627 70470
69539 60312 78890
74939 71267 66347
67336 76018 63732
80018 57215 61420
68439 64819 78434
77620 62613 71695
73476 67471 75095
67863 62411 79250
63980 73826 72842
63860 63320 79715
66443 74988 70176
74322 62392 75835
77436 67215 68636
69942 73125 72038
79433 61190 66498
70245 71314 74367
71722 67073 76398
79295 63692 64832
68951 72579 73451
64181 65808 78850
66183 72297 74641
79000 64516 64787
65914 72989 73821
71131 65714 77167
66195 72844 73952
69681 73802 70785
73481 72704 66349
69047 71294 74879
79583 61917 65166
70445 59444 78474
76345 66230 72643
63223 76238 67170
69621 65761 77743
65672 75995 67520
73324 67666 75115
69228 64332 78354
72424 66250 76384
79000 61624 68359
78072 66604 66284
64517 69661 76921
61743 76948 63607
62182 59495 80347
72880 67468 75529
72995 71165 72177
67379 73506 72696
71849 61034 77666
64455 66295 78631
66951 75646 67774
69069 75325 63904
67826 65050 78523
70005 60032 78697
77227 65391 71596
73344 71226 71592
69907 69270 76045
76398 69409 65195
75394 65245 74268
79103 62375 67711
74606 71397 68149
75467 64745 74373
73582 68786 74217
68747 73284 72520
69496 63901 78366
77905 65227 70006
72518 72156 70983
74152 63793 75861
61101 56369 80443
63601 67861 77969
79476 62848 64610
68535 65958 78007
67878 63858 78899
74131 72098 66597
75875 66977 72881
71246 67273 76511
77331 68022 65452
67647 70395 76119
63590 58028 80349
71717 65323 77028
69068 65474 78027
67906 74750 70013
74492 64815 75290
77168 66662 70706
77210 60936 72665
78721 62028 69185
68565 74470 70180
74962 69660 71429
74199 69194 73210
66039 75170 69885
65767 63977 79346
74346 68582 73550
77826 66066 69131
78830 64681 66682
78200 64337 69884
67429 60713 79614
71493 67724 76210
72969 67281 75561
64982 76451 65696
76031 65625 73359
70993 70511 74728
66582 68946 77100
71202 70867 74261
69857 74594 67718
79795 60827 63868
72246 69837 74490
67882 71016 75566
77693 66813 68357
65091 61359 79977
66619 71404 75485
69952 63565 78257
74064 71066 70541
64303 58665 80264
72878 70830 72881
71088 69148 75609
72051 68967 75213
73175 72300 69275
64994 76312 66460
68821 75414 65095
69770 73590 71217
61992 77113 61645
67571 60080 79601
65720 65706 78726
62693 76829 64303
77008 68500 66450
63698 74599 71496
71170 63774 77681
78777 65133 65367
66918 74939 70093
77237 66548 70665
78711 65066 66502
74229 72027 65388
76189 63811 73815
65603 67681 77884
68737 72536 73602
74412 69409 72699
68657 60446 79258
79916 58997 63709
79278 60701 67301
67043 75316 69014
77857 67027 66327
79357 63470 64622
73333 69297 74057
76624 67436 71040
69477 74513 68761
76663 61310 73452
69160 60518 79040
70897 69943 75175
68105 75604 65998
70605 67557 76654
75661 66386 73442
75438 68468 72223
64257 61183 80075
71429 73852 67464
63128 61658 80105
61969 57409 80425
78472 61715 69911
67823 66098 78133
79131 61668 67830
70375 60838 78475
65014 75984 67944
60952 77160 61732
73843 68864 73873
65632 73204 73567
68844 59609 79199
74942 65966 74464
75560 70544 64982
78158 65906 67923
66642 64147 79117
69687 72941 72574
73729 63312 76295
66552 71835 75047
67253 75956 65721
78455 64353 68830
70003 74697 66781
68764 59404 79232
78767 63001 68877
77965 63821 70741
72000 67599 76020
71119 72424 72251
68420 68614 76852
63724 57067 80343
68562 62702 78961
74715 71514 65841
74966 68558 72786
79601 62048 64658
74806 70608 69794
69872 72114 73595
79407 60956 66673
64782 63879 79519
64624 75216 70171
79315 63260 65839
71131 70018 74994
79262 61213 67347
71361 72259 72300
77379 65519 71135
75607 68013 72413
76836 68787 65491
63199 61150 80159
74823 65641 74722
70767 68902 75933
65585 75301 69716
67177 71477 75282
66078 63259 79483
65922 71560 75463
74048 72191 66159
74390 66697 74725
66498 72459 74371
75708 65301 73876
64493 65531 78944
75678 63833 74371
75126 71025 66874
69088 66245 77723
69917 73289 71755
67509 75741 66666
74410 71384 68783
73484 69432 73761
65699 74666 71128
70042 60384 78672
73257 64583 76336
79397 63195 64968
65407 74184 72070
68712 69595 76295
79621 61098 65486
69959 66906 77158
70287 74162 68630
67108 75675 67471
73329 72457 68275
63826 64555 79341
70462 64337 77874
63666 76484 66028
66727 75572 68313
64423 75083 70499
78457 60879 69968
67448 74911 69894
71089 61458 78077
74186 71734 68288
66560 76218 65045
76847 65107 72430
79026 64266 66006
72465 72826 69212
77728 67125 67232
75265 67190 73494
63210 58877 80342
63350 62493 79950
71612 72570 71333
66584 65792 78515
75504 70288 68310
72581 73055 67985
69457 68410 76649
65205 75205 70056
69215 72321 73657
75255 70736 67812
67473 59608 79652
67443 73159 73219
76344 64590 73386
70929 72088 72919
64563 70332 76479
72169 72916 69509
78048 64209 70345
78174 66140 67241
72974 72236 69878
78610 64296 68241
77726 66894 67957
77048 68444 66261
71558 65246 77129
67949 75265 68252
69482 72266 73606
77117 66402 71132
79506 62549 65229
62876 58026 80386
72411 71675 72100
76275 68149 70903
78740 64738 67063
73633 70150 72876
73677 72324 67622
66046 76205 66143
62651 60373 80262
77606 67363 67212
66667 75929 66762
64816 72440 74578
75886 70057 67178
68979 63564 78619
69487 74381 69222
65045 64441 79333
77791 67211 65765
69684 74980 65712
76724 64478 72859
77318 67860 67370
76096 65780 73207
78500 63009 69647
66574 60126 79849
76656 68949 67621
66400 74072 72029
69782 74821 66688
70605 69333 75733
73043 72086 70159
79537 62520 64549
67028 64911 78758
75984 69986 65969
69441 65221 77993
79552 62406 64653
79579 61312 65744
65674 61426 79895
64281 74311 72008
73292 60999 76751
70056 73832 70177
74805 66873 74246
74061 61571 76085
80006 57893 62043
63987 76838 64067
77930 62812 71057
73176 63744 76592
75145 69004 72088
77825 67098 66230
80012 57631 62276
64641 68830 77449
70343 64740 77818
72994 73090 65714
69982 62472 78453
70819 73495 70007
64073 73309 73572
79014 63352 67393
69939 67487 76906
64496 62411 79890
69158 71968 74122
78165 65354 68806
68577 64149 78610
63349 57203 80369
61766 76719 64932
63042 59770 80304
75576 66476 73501
66187 76354 64414
66815 73230 73313
73463 71393 71042
74738 63840 75283
65755 59277 80070
65656 61635 79870
79795 60691 64176
72854 64510 76628
69353 70321 75586
78190 60812 70629
70635 72295 72843
73565 62103 76512
78499 63300 69553
77115 67812 68756
77775 63392 71266
79232 62566 67120
69161 74990 67393
73566 71673 70131
66658 76100 65898
60306 77215 61073
66312 75606 68538
