101207 80796 80432
98931 78568 86790
97713 87969 81884
95116 80904 91072
96381 82340 89152
83998 84107 94362
83811 93685 84954
87751 84825 93437
97917 84118 85933
84021 78278 95957
96490 83895 88035
91434 91073 85740
88577 87123 91745
100489 82878 81345
96045 80501 90381
89655 83481 93349
87383 92314 86532
89636 84969 92661
84967 93569 84895
87267 89129 90455
82718 94549 82819
84602 89646 90580
90312 88846 89179
82756 76648 96194
96018 85940 86990
81646 91932 88040
87125 90730 88736
92876 85687 90303
93735 92257 79126
95279 84659 88878
94391 79763 92115
93679 91825 81494
98862 87222 78265
94136 86005 89019
88744 90287 88472
93887 90428 84501
100419 83702 79917
80148 95468 79582
89552 76650 94933
85310 77267 95898
87599 91334 87754
93393 79029 92965
81725 87029 93108
94729 91571 79460
99438 80739 85298
98522 86026 82990
84306 85499 93729
96748 83232 88167
90753 80195 94036
83012 74468 96307
91473 92906 81613
101237 81073 79905
99316 82246 84913
99723 85503 79285
89191 85254 92714
90626 92083 84688
87442 76402 95592
85692 87317 92528
87924 82054 94494
101305 79304 80661
87151 94791 78245
85638 95054 78614
86168 89257 90676
77978 96100 74404
89608 89211 89217
90013 89184 89005
83953 79409 95745
101305 81421 76690
87825 89977 89356
79336 95737 78181
91797 82068 92955
93594 90964 83864
83818 76521 96123
101310 78121 80816
100185 84632 78439
92708 78586 93492
85074 83042 94647
81673 75294 96374
86315 94895 78840
90494 93925 76118
80844 81276 95400
99887 84704 80810
99431 84522 82611
84840 81550 95128
92903 91104 84360
81928 94242 83941
99447 83981 83291
96113 77614 90940
90440 83085 93155
98644 78962 87246
82579 75108 96319
91036 88135 89443
94025 86785 88497
94967 89896 84045
83815 86151 93468
94684 87812 86946
80115 91758 88299
81176 84586 94307
83016 77462 96100
88226 78311 95246
84157 95108 79774
90263 78187 94645
84471 88047 92166
87953 92807 85208
98747 85839 82637
86097 84178 94080
87080 87166 92320
92039 91772 83963
87042 95005 76233
94180 91972 79073
96726 77476 90184
95183 76734 91881
86530 93356 84811
97070 84841 86539
81396 94717 82432
81008 95120 80959
100947 80938 81580
92777 87676 88712
87328 84950 93499
86860 93152 85103
79370 95570 79105
95818 89618 83187
94045 79929 92325
85993 95144 77220
80558 83768 94645
89131 78761 94928
80577 85359 93973
93325 80406 92698
84849 91746 88042
80634 86082 93617
95165 88997 85118
101417 78980 80211
92741 83112 91970
82641 93478 85568
89720 93297 82426
82730 95515 78253
82480 95511 78479
84836 75901 96053
81026 82802 94959
96096 81655 89799
98433 87117 81314
98759 85860 82573
83162 86671 93248
98855 77652 87052
101556 80275 78706
93301 92240 80690
96472 85642 86651
98605 85310 83790
82559 87731 92555
86199 94042 82931
90380 93397 81165
87309 77577 95561
97080 88237 83085
100292 81713 83182
85260 81862 94989
97209 82634 87971
88607 94613 76116
83621 95224 79557
101945 77128 76173
96950 88676 82584
98080 85944 84126
101472 80695 77814
95174 87315 86841
95106 90919 81207
85795 76050 95924
80766 95892 75638
99381 77080 86068
94805 79940 91720
85115 95014 79432
90062 93556 80929
96682 84270 87523
82826 83705 94586
100662 82030 81811
100738 80966 82308
92065 93155 78973
90186 91385 86175
88930 86695 91904
98013 87025 82786
87287 86146 92885
99435 79522 85608
92029 93182 78736
97041 88967 81740
89008 86232 92195
100522 82312 82053
90601 79536 94271
96731 79199 90002
100620 82750 80774
93579 83221 91308
93044 88639 87542
84234 82342 94956
86803 95025 76821
98907 86713 80336
100967 78853 82039
90722 86546 91029
84699 75947 96068
82898 95233 79999
86222 88881 91050
86003 76613 95852
80359 84745 94254
96522 79488 90181
98171 79283 87998
85147 80893 95277
98582 84274 84775
91749 93212 79622
84410 93066 86083
94267 87857 87322
100994 82359 78314
95158 90414 82833
94913 77767 92066
83161 77072 96128
92379 92965 79470
87824 94874 75389
95940 82713 89421
97548 87407 83370
100625 77097 83134
95998 83047 89161
100346 84104 79385
93532 87849 87956
96285 90254 79911
77695 96150 73426
94076 81474 91736
92671 80461 93040
87947 80278 94957
88942 79130 94920
80957 95556 79036
88995 82902 93844
89788 93449 81741
101570 78053 79549
96926 88115 83639
89947 92844 83608
99228 78008 86304
91340 82240 93105
98315 87633 80429
78393 96117 72813
83560 95497 77278
100135 84140 80740
88575 79913 94864
89507 94254 77198
93727 86295 89137
101718 78425 78673
87916 81116 94752
94288 82800 90915
92195 93110 78484
84061 92705 86733
94508 88246 86741
85828 83919 94222
89295 92226 85503
88206 91685 86977
88860 79501 94869
94564 81450 91326
93637 88375 87374
101288 80241 80456
85139 80031 95504
82885 88661 91738
99929 81605 83998
98912 78361 86864
92039 92732 81381
94948 78125 91997
91190 86370 90882
82593 85690 93745
96695 89780 80736
90537 93868 77553
98871 80088 86560
88241 92561 85547
86513 93255 85047
82101 88103 92243
99024 81641 85766
99799 82942 83492
80808 95746 77738
83862 83078 94745
86296 90415 89394
84798 95297 77624
100309 78463 83958
94226 90390 84191
96603 78077 90293
84974 94543 82034
95048 86186 87939
98635 84537 84489
85011 85915 93474
89996 93894 79083
89865 90863 87102
98246 87415 81361
101843 78177 77739
99343 80232 85622
96590 79334 90137
94059 87983 87389
80203 86400 93454
82098 95617 77843
81485 94786 82172
81875 81059 95439
86867 94507 80524
84736 74487 96098
95165 91284 79362
93656 78704 92855
84906 87955 92185
98132 78345 88184
89145 88484 90253
82182 78599 95973
98037 88200 79870
88351 86016 92609
81251 90617 89679
84810 87393 92635
84605 95399 76842
79907 94981 81566
96948 85924 85782
88071 93386 83626
97911 80938 87899
81379 83703 94663
91683 92154 83539
84406 95529 74062
88354 83732 93754
91067 84138 92376
93737 91701 81812
96252 90392 78192
89228 88978 89695
100032 82409 83369
88677 76847 95223
96237 78572 90711
84291 74772 96151
93689 80088 92539
97782 78121 88717
79667 95961 75829
83156 94423 83120
87454 87175 92196
80179 95203 80707
101334 79081 80577
92771 92269 81665
95254 89177 84739
96416 90233 77702
84127 76501 96100
86125 81791 94870
82856 90200 90119
88909 78697 95010
81757 85339 93949
92460 92939 79210
98320 83923 85458
91018 93670 77600
92297 85390 90938
101783 78962 77841
95392 82285 90224
85882 76713 95866
96887 87188 84737
90562 93788 78440
99615 85650 79681
81940 86210 93525
86325 92609 86345
83751 74946 96210
83192 82250 95059
100563 81719 82596
83808 85642 93712
96931 78280 89863
90332 92988 82809
82173 95791 75040
88412 93939 81381
85790 93495 84781
95913 90025 82286
87591 88657 90812
84036 90057 90205
94644 86652 88010
94038 88222 87175
85313 88720 91460
88070 93943 81785
95616 90842 79833
80992 73846 96491
87817 84998 93332
88361 80831 94699
88468 89370 89683
93978 79693 92431
85089 88179 91979
82353 82668 94966
78790 74214 96570
88678 77582 95179
92005 93012 80251
88865 87844 90974
81345 94907 81750
94138 76906 92679
87330 93505 83814
82693 92622 86992
79667 74227 96537
96908 80583 89367
98067 85268 84752
91961 88611 88370
89204 86985 91550
100572 83753 77193
82048 95187 80500
88928 92601 85032
83371 95220 79783
92456 92271 82172
85140 90530 89564
92847 90762 85015
91682 90400 86493
98585 87421 79811
98111 87343 81964
93811 77913 92878
98876 83106 85207
79163 95763 78022
83409 95421 78327
78394 96066 74787
96001 77169 91109
101258 77297 81013
86843 93051 85339
100787 77821 82691
98335 86324 83037
86652 95110 75901
82442 95795 72751
95780 88846 84425
83927 92996 86264
85567 81281 95107
93048 82378 92115
98827 82312 85729
101934 76730 76581
97651 88326 81231
99336 85736 80951
96030 88082 85078
94575 88758 86076
94526 90988 82506
97152 85790 85609
96857 89172 81825
102004 75924 74543
85718 78551 95699
87100 86518 92722
85712 95305 75817
97256 79194 89335
85620 95206 77314
99100 81120 85853
85278 85179 93779
80977 95385 79834
89676 91194 86781
89309 89465 89107
97802 87512 82544
96569 86833 85509
83179 75500 96242
95675 80978 90538
92539 86478 89939
89670 78451 94813
85547 85438 93637
101065 82257 77531
98187 87349 81713
82297 93030 86375
79019 95516 79390
94250 79347 92306
87064 91392 87931
88073 90688 88352
85136 93274 85473
89646 83842 93192
80558 95742 77964
95430 80195 91090
83128 76194 96199
91324 89980 87291
93679 84117 90701
84625 95189 78813
81659 87698 92606
91093 91666 85012
83467 92360 87312
90071 85885 91937
86765 88255 91514
97417 77449 89253
92466 92953 78933
94746 78360 92125
89413 88910 89657
99080 85157 82700
76123 96158 72055
83404 93523 85416
88357 81673 94483
91784 93309 78136
100715 83086 79229
93126 76474 93331
81340 95855 75361
90371 86874 90960
80969 95623 78658
95962 83274 89059
97228 89379 78440
82296 85024 94066
87103 94187 81675
79185 72613 96560
98374 87051 81666
85107 75350 96031
87617 82635 94376
96850 89807 78590
83342 95176 80053
101372 79493 80308
93306 77356 93219
92683 81438 92702
82577 95673 76398
89905 90424 87652
94864 91541 78890
99912 81231 84202
100810 81374 81875
82858 95332 79443
90949 86895 90599
97996 88400 79084
86046 84642 93905
95691 84432 88573
102016 74643 74454
87729 77889 95422
90271 93156 82250
87093 95044 74739
85951 78617 95651
81860 73947 96422
98536 81173 86802
97850 85336 85008
86496 86682 92764
82259 95494 78763
96742 81329 89245
100457 82749 81690
89179 90019 88542
85559 80343 95365
95302 83300 89727
101133 81864 78447
84460 94209 83404
83294 95595 76358
99746 82056 84144
80464 91397 88767
86864 77862 95614
82682 94895 81497
91302 92785 82229
81194 74802 96437
99626 85441 80251
80257 95896 76251
80898 85025 94126
90890 92579 83322
94146 87745 87531
87083 92711 85902
101950 77354 75791
94929 89124 85283
94207 79654 92277
80325 95658 78626
88423 84928 93161
97326 80638 88823
88987 79445 94840
94421 86739 88169
80331 92603 87131
92177 80704 93216
94131 89046 86171
89631 79613 94588
89204 89905 88660
95423 90960 80097
81265 89309 91126
80063 80287 95651
82924 95561 77453
88634 80323 94746
97421 89141 79109
97775 88418 80421
98202 83125 86248
96917 83447 87811
93731 84917 90155
92426 92985 78065
91347 87416 89902
81803 91422 88701
94009 92027 79550
96883 83900 87541
87700 94649 78336
87781 85225 93230
101184 78899 81264
82629 94480 83079
90956 93452 79827
96235 85392 87170
83462 84584 94199
87077 91077 88332
91279 79830 93903
91449 79237 93966
77704 96071 74950
86461 94419 81276
100801 81612 81688
80465 94561 83006
92126 79516 93578
88573 78251 95165
92195 86671 90023
83571 88668 91700
81515 95878 73992
78810 95991 75837
97961 84556 85530
96262 87414 85391
95055 77226 91989
87699 80517 94947
94933 76730 92107
86173 88165 91765
100095 84086 81073
99913 77083 84902
91819 87040 89943
100017 84780 79723
85255 91867 87832
96441 88711 83539
84278 95147 79418
93512 89041 86752
84923 88521 91701
79700 73953 96546
93472 80223 92651
95349 78977 91495
84656 91250 88718
100173 80108 83934
88435 87005 91896
98410 86399 82743
80639 78615 95994
95653 79660 91048
76828 96091 74879
91255 93124 81064
100178 83848 81136
99648 85876 78129
92696 76971 93579
80161 73316 96534
100559 83157 80288
88777 84812 93084
90570 91741 85343
92465 89986 86420
97824 88651 78323
87003 93416 84319
95845 86416 86800
89221 92715 84525
82815 82880 94873
91255 90708 86410
83428 95482 77640
80865 77793 96117
83569 87454 92727
93887 88379 87148
89186 93293 83066
82077 84272 94407
100505 83885 78250
78130 95940 76670
89405 80435 94465
86164 94533 81041
87271 93237 84623
87141 80007 95184
101560 79623 79216
85200 95402 74332
78887 75095 96479
96784 83005 88269
86909 81032 94961
90160 80459 94204
88530 93976 81056
87609 81850 94607
94754 81144 91294
81185 95927 72747
83101 95704 74234
97472 88907 80225
86104 93613 84303
85372 80097 95456
86906 80707 95047
96113 80078 90457
89283 83707 93412
83049 74780 96291
80076 95060 81257
81374 73092 96464
93556 90152 85271
86918 89915 89770
83404 78703 95933
85094 79716 95584
78665 95599 78959
80495 77037 96236
95538 86997 86682
83063 74122 96310
90598 83871 92731
81243 94986 81465
93045 90000 85953
88036 84609 93447
89229 91471 86693
86698 90841 88769
93440 90498 84847
90143 86509 91399
92899 79375 93210
101366 81112 77775
90988 88539 89080
86625 93785 83439
95978 78328 91054
79541 96006 75098
84778 76889 96009
85312 87251 92645
88365 80064 94888
88393 86736 92111
89317 94290 77476
83091 87728 92542
96569 79837 90040
91207 93494 79055
83245 94492 82860
84664 93822 84407
81447 94131 84268
97772 88035 81532
99485 85813 79934
89269 91032 87243
82261 90235 90103
85369 76493 95960
87620 92549 85930
97164 86496 84964
97714 79058 88733
87314 83361 94177
84984 93670 84659
82287 81976 95186
96724 78929 90055
92864 87438 88854
89998 93306 82038
92310 84224 91665
99678 84732 81538
83733 81694 95200
84407 95480 75989
86767 92058 87117
92462 79602 93381
83591 91474 88556
85350 76335 95977
80079 75644 96409
87085 85362 93355
86618 94880 78448
96126 82222 89495
83676 85265 93894
101116 81756 79202
92440 90118 86273
86516 86034 93166
83157 95321 79347
97186 89191 80557
85026 84020 94309
93176 79164 93077
94936 91239 80487
99863 79210 84832
86165 91675 87851
86399 85556 93425
84727 80581 95416
88173 79456 95080
80709 73506 96518
89211 79389 94778
89765 82871 93567
82475 90961 89250
91498 83026 92681
80332 79349 95849
93292 84078 91038
78662 95937 76657
92108 86909 89881
101011 80446 81614
93147 91445 83339
98406 80618 87230
90214 89792 88209
83889 95020 80553
85351 90907 89075
88591 79242 95011
90719 89057 88712
84829 89269 90955
83781 94303 83330
100337 82541 82473
96339 81816 89458
84885 86507 93183
91139 93631 76733
91099 89290 88234
87722 86230 92699
84345 86380 93301
88184 94201 80476
86063 86774 92795
93955 91912 80540
86624 92302 86785
92919 89305 86920
99539 84855 81798
96896 89712 79332
91139 89331 88160
87691 92954 85050
100788 82684 79761
88875 94548 75210
101871 77549 77843
97139 89032 81206
93978 78790 92613
82738 92374 87352
84544 92775 86552
96703 89950 78663
101316 81271 78073
80354 95983 73225
89890 89723 88483
100384 80847 83272
101082 79079 81614
82096 93281 85963
99619 82584 84130
93294 90692 84669
86747 84647 93766
89206 89019 89664
99073 79446 86331
97410 80058 88927
98856 85914 82213
97398 88804 80887
92208 91419 84435
83193 94132 84032
94915 84977 89037
82404 87521 92739
94648 85410 89007
93812 91369 82683
99930 85087 79147
92335 92808 80543
80024 95993 74379
101061 81470 80540
87814 84508 93564
83790 89100 91261
88216 80537 94815
79075 75175 96470
88235 94757 75713
83664 81137 95353
97584 81332 88212
97973 80171 88125
82502 90615 89665
84082 86944 93003
85973 93112 85562
94210 89609 85396
81727 90999 89239
97281 78832 89338
95864 85031 87906
98436 87314 80843
99010 83858 84364
87087 93875 82829
84207 95553 74469
99562 81640 84717
95157 88062 86189
95691 82341 89911
84654 82654 94817
89178 92605 84806
99069 86472 80213
81064 83870 94599
84640 87612 92498
86500 83597 94227
95578 77944 91510
100096 84879 77569
90375 80358 94148
80054 94615 82857
79465 95855 77367
95814 81632 90106
86748 87689 91998
85708 77985 95764
101878 78289 75922
92374 90702 85507
94904 82309 90634
101018 81762 80144
85477 92173 87329
96973 89656 79017
90091 77722 94751
87265 84497 93728
88955 91938 86202
94267 91829 79781
88309 85493 92932
92198 85763 90740
82363 92826 86700
92855 88875 87440
76610 96153 73022
90312 90586 87190
99045 86902 78669
93165 92499 79938
85174 89386 90783
100104 83108 82486
86119 83097 94463
81849 93863 84866
94930 78469 91963
101899 77867 76727
93356 77676 93170
100033 83823 81896
96729 82524 88636
95501 91091 78866
90953 77717 94441
82160 94969 81379
90651 88273 89544
99112 86669 79338
88116 91304 87535
83115 84547 94236
88516 93102 84092
83813 91916 87910
87284 78174 95475
83187 79955 95700
100130 84399 80038
96176 88240 84652
88865 83921 93481
98558 78212 87538
92262 89139 87608
88252 94261 80020
91398 93308 79814
81456 95590 78590
87886 82894 94234
85560 91448 88308
81113 94083 84407
81859 88669 91750
81784 90283 90062
89649 91865 85857
97389 88883 80683
89452 94345 76072
99534 84531 82307
96389 82976 88773
81744 95737 76719
86341 78759 95560
87583 83620 94035
87478 92006 86929
82125 95807 74510
82307 89401 91023
101649 79070 78907
85412 88436 91707
95666 85181 88017
98362 81691 86838
89398 89281 89266
88814 78985 94988
85064 84351 94170
93166 77170 93307
94667 84125 89843
78843 95198 80808
90532 78446 94503
98267 88087 78064
99777 78460 85124
90003 81088 94098
81667 93220 86100
82408 77777 96096
88233 87946 91229
93094 92572 79663
95626 83777 89111
82536 83703 94604
85072 94752 80938
87453 94888 76557
84822 94748 81164
94010 79025 92550
92033 78372 93904
93165 91917 82126
100260 83208 81855
94224 91916 79336
82627 74103 96353
82021 95339 79794
83616 90582 89656
88616 87418 91482
83016 92031 87823
94409 80347 91937
87601 93033 84915
82059 94163 84142
81324 93041 86450
86863 79626 95312
97224 77774 89502
85752 94912 79401
85661 95123 78134
83593 95341 78763
94731 79505 91907
83974 93869 84484
100198 84619 78105
101571 78377 79543
97926 86621 83622
84038 84671 94122
100962 81159 81325
93420 81648 92165
87400 94418 80321
82638 84990 94065
83092 90065 90261
85818 82372 94752
81375 76174 96315
92900 85145 90683
100681 83488 77615
89178 86420 91987
90665 82026 93517
87696 87284 92007
100619 79361 83060
79810 82501 95081
97177 88543 82282
97473 84139 86583
84344 85165 93875
91502 80490 93628
98454 80167 87308
93496 90840 84192
85854 93609 84436
95589 82806 89747
88305 92118 86339
94170 90048 84846
81517 87639 92658
88319 82513 94223
85269 87664 92373
93497 92401 78080
92797 92751 79401
101993 76396 75368
79734 94598 82927
96416 89197 82751
88116 94688 76849
95875 90623 79844
90099 87528 90568
96360 76077 90666
95480 78274 91535
83228 75222 96252
85370 77876 95824
98649 87169 80266
80353 80784 95530
97849 77561 88647
85908 87573 92293
86722 84433 93867
101524 79405 79506
101741 78895 78343
85546 89757 90300
