46130 51011 42862
51523 42354 39344
50701 45512 42195
42449 42596 50139
48628 49388 41940
51269 44023 40336
49084 48753 42099
43931 48895 46344
42962 50670 44370
45499 48960 45994
43031 51444 43233
43029 45565 48955
42347 41194 50225
49447 45809 45699
48942 47715 45051
43861 51749 42550
44335 45902 48612
46821 50973 41676
47621 41502 47796
42848 49170 46131
50718 43499 43808
48316 46698 46435
50879 45261 40041
46039 48281 46502
43783 44446 49390
43368 49510 45792
43134 42383 50022
45909 47956 46819
49182 48485 42988
46391 50302 43853
42860 52479 39942
43634 44253 49484
50679 45770 40867
50687 44141 43837
47362 49906 43700
45678 41666 48994
48735 49174 42518
42246 52138 41796
47874 49987 42574
44150 51858 42153
43006 51182 43639
47926 50050 41963
47153 49192 44894
48752 48646 43884
45112 46566 48013
48827 45893 46351
47505 47720 46354
49882 46069 44773
50472 46279 41345
43196 51067 43795
43825 45691 48794
48000 46149 47039
51555 41966 39540
41662 41407 50342
45868 46438 47864
42327 51253 43588
46328 44022 48513
49057 48753 42573
43082 41759 50080
45751 51643 41386
47497 49459 44247
47813 46991 46618
46660 46791 47414
47209 50653 41910
43366 40982 50009
44904 41395 49406
48017 42395 47463
44258 49589 45602
50163 46877 41923
43563 41237 49938
50079 46818 43445
45580 50569 43918
46939 45175 47952
42649 50431 44704
50300 45694 44031
51367 43494 39398
45750 44217 48769
43480 42654 49884
46312 49355 45223
43434 48483 46756
45944 50023 44572
50258 46601 42738
51106 43700 42268
49078 44127 46472
42593 45782 48879
49373 43467 46114
46679 45960 47845
42704 52208 41471
40812 52543 38874
44632 45025 48948
44106 48411 46766
49937 45794 44801
44019 47335 47676
44040 49438 45802
43875 50996 43846
42271 47612 47505
42802 48528 46721
50067 43047 45160
50575 44151 44209
41266 42049 50281
41362 52532 39802
44269 40780 49674
45560 51517 42231
44082 52009 41679
48860 48906 42933
45038 41189 49336
48187 47948 45659
45220 50287 44460
44725 43491 49326
46984 50926 41049
50524 46157 39844
50032 43657 45214
41705 50633 44439
44603 48823 46354
44002 42182 49754
44394 43619 49440
41206 52261 41331
49607 47140 44673
45827 51593 41486
44841 49391 45692
42906 51712 42818
41686 51101 43811
49955 47214 42443
44245 43426 49534
48257 47431 45978
44246 44826 49150
43811 52347 40118
45022 45640 48564
42335 48887 46394
47655 49863 43342
50657 44866 43583
46289 45345 48229
50384 45931 43534
51449 42983 39305
47749 50346 41117
49275 46855 45433
49550 47395 44345
45078 51984 40649
46826 42582 48353
41991 52497 40186
50685 44619 43708
49528 48219 40791
45088 46368 48138
48065 50003 41388
50838 43451 43353
50913 44893 42143
45120 43086 49199
46098 48946 45770
42823 46328 48494
45148 45485 48582
47084 43651 48110
42704 49636 45692
41344 40718 50363
42623 50682 44368
43210 50144 45024
50495 45729 43376
45896 51587 40766
44089 48869 46356
51404 43269 40450
48312 49731 41669
46251 51346 41884
50984 43604 42769
48008 47427 46171
42899 52338 40955
49041 45458 46239
46393 49769 44670
46944 41628 48278
50933 42930 43014
46595 45295 48119
50946 44868 41675
50254 45962 43959
49874 43354 45491
47503 42456 47871
50225 43350 44883
46652 44876 48201
51288 42178 41587
42062 51384 43374
42053 43238 50078
51385 42502 41098
50995 44504 42443
47564 48385 45622
43899 46481 48342
51419 43030 40806
51143 44425 39911
44448 46895 48013
50573 44629 44080
42155 50034 45210
42441 52268 41280
47990 48843 44702
48518 45597 46725
45114 49718 45255
43339 48770 46501
51540 42205 39184
44249 50095 44998
50265 46735 39575
48619 45819 46571
44549 51493 42825
47237 50174 43285
44796 51988 41315
47530 50131 42927
49709 47882 40745
50878 45136 41340
42678 51556 43082
43117 46676 48244
50451 44275 44459
43650 50414 44645
42181 44966 49336
44191 52178 41052
47692 46878 46775
50285 46601 42264
42963 47272 47788
47650 50317 41785
44504 52178 40198
44698 52153 39715
46191 47130 47321
44235 51278 43304
45440 48295 46726
48495 47219 45923
44755 51668 42416
46329 49265 45311
47341 42780 47976
43121 44497 49512
42524 46351 48483
44641 44319 49201
48432 44924 46948
51126 44251 41985
51538 42115 39700
45956 43202 48778
42630 50899 44076
