67220 53989 72759
68259 62567 66529
71928 54040 67331
69864 53674 70220
64547 61347 70706
73756 55746 59578
69985 63775 58134
70572 59441 66766
72636 52037 65930
74017 53575 57705
72585 59983 57701
59009 66276 64831
69070 58517 69598
63624 58169 73096
64054 66950 61687
62073 51693 74946
67821 57208 71616
61881 57453 73675
69025 60495 67927
69032 63755 62609
73252 52992 63722
68286 59192 69966
58874 65835 65743
71462 60090 64101
62068 56966 73865
65004 67649 56387
72380 58217 63643
66850 66543 57183
65153 53039 74054
64742 67730 56834
63276 60972 71420
71979 59943 62697
70573 53639 69339
62920 60334 71988
69894 57450 69135
68057 60669 68906
71459 53254 68138
66575 59138 71381
73332 55060 62638
73540 53987 62158
59950 65092 66979
65901 67216 56218
61287 65490 66171
72266 55924 65844
63744 56463 73733
61897 63098 69555
67535 63459 65918
63325 55462 74111
61302 63393 69248
64821 56961 73315
67338 66236 56494
71343 52368 68311
72635 57222 63704
66758 61899 68902
63375 61259 71161
72178 55635 66204
74027 52233 59002
63145 65181 66350
72799 59443 59398
63871 52539 74454
71984 55980 66514
60236 66558 64174
65408 66739 61091
66839 64065 65676
72401 54279 66117
68139 58809 70401
69045 52950 71178
62893 67814 59888
70877 57113 67978
65389 55386 73650
73869 55351 57560
60080 67266 62589
72079 60684 60204
71423 58249 66249
62991 66165 64289
61398 68305 59156
59029 67372 62451
71673 61548 58686
72715 52991 65538
65284 64407 66638
60887 59988 72443
61730 67253 62156
62192 63889 68606
63666 62155 70329
64639 60314 71544
66648 53510 73175
65776 67268 56416
71016 57262 67659
66053 55237 73340
59995 67623 61758
68306 65443 57039
68953 62595 65387
64377 52917 74305
61232 68879 54511
67019 57697 71945
62468 64799 67238
61018 59035 73044
63424 66276 63846
72191 60363 60729
71409 61032 62738
59640 59159 73025
65764 64974 65084
74056 52638 58280
71803 60593 62244
64053 64970 66318
62971 68232 57616
73054 55589 63377
58802 69009 53616
60902 62762 69946
61863 53340 74805
73459 57590 57658
65493 63258 68202
69119 63493 63115
68647 62835 65430
66309 54384 73320
71938 61017 59749
68658 55693 71251
66502 60840 70110
71331 55763 67918
65392 61666 70015
65805 67142 58096
67703 65908 57735
71881 56693 66387
73410 56488 61069
72138 53724 66989
69384 63503 62370
67846 54141 72245
71677 58386 65655
68663 64238 62126
71729 61364 59523
70796 61967 62326
62618 67730 60424
59516 66609 64124
66804 60513 70177
66126 58546 72000
66684 59966 70718
70540 55963 68960
62761 68109 58724
61612 64970 67111
65478 66331 62089
73446 56921 60258
64208 53053 74332
68974 59817 68645
72556 59058 61839
66371 63330 67373
72373 55528 65742
69295 53357 70896
71541 60254 63709
71390 61999 58489
60741 54412 74683
72180 59971 61863
67981 64234 63529
68791 54232 71359
61763 61755 70954
66315 61807 69373
68000 64457 62925
62775 65790 65193
68884 64948 57140
67353 56814 72112
68132 55184 71867
68032 65411 59763
72007 52639 67281
66244 59795 71123
63018 68319 56953
61597 54515 74619
69113 55554 70767
66164 65880 62460
70978 58729 66707
60942 56195 74220
62858 66194 64274
68279 58876 70214
61445 66901 63116
68845 58672 69770
65675 67348 55653
62029 68136 59321
72394 58749 62956
69924 53998 70125
70209 56499 69212
63352 59586 72440
71268 55098 68170
64237 65921 64235
67577 66052 56148
59225 66935 63418
67677 62087 67861
67786 61444 68447
61901 60221 72239
59605 68972 54853
69616 58365 68994
63582 68188 56464
68664 58158 70286
67785 55891 72064
63555 65298 65903
69589 63938 60022
64468 61733 70400
60340 64085 68478
59815 58317 73427
62200 53854 74683
65218 67153 59815
62676 66611 63345
63716 57015 73550
60619 68589 57904
74090 51397 58129
62694 56453 73942
60794 61424 71288
62973 58212 73207
65306 64991 65509
62497 54210 74552
73343 53012 63262
61798 68727 54767
72831 59404 58203
67077 62544 67924
63420 67887 59111
71830 59188 64252
64219 53435 74281
60509 67980 60602
64411 64287 67424
67605 54736 72373
67273 66209 57844
67345 66204 57182
70092 54169 69903
72883 54116 64692
59219 68940 55716
67770 63898 64694
73087 58722 58427
71692 61251 60606
63746 68154 55780
68539 62966 65346
72273 60556 58012
61816 51708 74991
61404 67308 62132
68089 64799 61785
66455 64693 64910
72231 60498 59749
62667 68300 57642
60853 66402 64416
66627 65805 61906
72620 53127 65786
70565 63226 55963
67302 57431 71913
71202 60551 64067
67417 65125 62320
70013 63618 59353
66273 66559 59792
61978 51933 74955
67891 65785 56780
59711 67785 61394
60883 54097 74744
73180 57010 61619
74074 52317 57158
66689 66430 59212
62637 55301 74285
69500 56534 70093
69630 64161 58283
64205 60901 71212
73178 58209 59493
72488 59839 60678
73060 58789 58831
66249 52983 73418
61257 68753 56225
70810 54691 68915
72594 55918 64906
70497 61433 64318
62484 62321 70354
71570 60242 63638
71669 60319 63166
61141 68003 60244
68313 64814 61186
65669 54057 73723
71978 58221 64924
60074 68982 54379
70912 60481 64835
60794 68646 57510
69814 64051 57288
66774 54747 72983
68408 61345 67835
61445 54172 74703
65059 67448 58676
64729 58003 72910
64565 63404 68530
59915 66561 64216
61221 52346 75029
59038 66575 64204
67525 65168 61966
67112 54198 72819
73763 54174 61028
61863 56319 74108
71756 56389 66796
63492 55202 74142
64694 52162 74206
67749 64475 63381
69176 60827 67385
66178 58935 71746
62976 67970 59172
65851 57464 72674
67388 58474 71285
65771 65969 62692
62782 67037 62221
64386 67095 60924
61635 62389 70339
68760 53471 71454
63241 67305 61298
70633 53963 69244
61272 68702 56589
65482 65986 62964
66640 66625 58089
65548 66763 60740
71666 58794 65235
65859 60650 70701
73417 57685 58333
62370 63026 69620
68377 62003 67145
66725 57255 72333
68484 57655 70779
59188 68658 57669
69776 52827 70332
61427 58052 73457
67164 61076 69375
64058 67611 59445
66485 66871 55942
67542 65795 59764
71748 53591 67665
64096 68046 54762
69818 60171 67182
71645 57632 66299
65305 61322 70376
61843 68647 56132
70810 62151 61665
64628 64820 66304
71382 57077 67171
60734 57153 73872
69814 60963 66287
70327 63414 57796
70160 52677 69865
68727 57897 70368
64157 60164 71797
62082 65920 65161
70159 58666 68085
72492 59398 61552
63299 63389 69025
68110 65610 55880
64092 56301 73716
60760 58173 73463
60170 68053 60471
60088 51257 75143
66772 56817 72486
67408 61585 68648
70476 57619 68267
72116 56626 65855
67779 63684 65141
65365 60209 71361
61409 65829 65468
63947 67948 57926
60410 66842 63506
67148 65763 60905
61243 55152 74486
64697 67177 60364
73631 53377 61746
68981 56368 70690
67093 63126 66981
59669 66031 65316
62440 57948 73405
59888 68043 60580
63134 52495 74670
68930 64577 60007
62211 53178 74788
70129 59183 67726
69841 63183 62033
69714 56947 69628
66733 66105 60646
60061 68842 56382
63595 68197 56127
65156 65211 65148
59392 68105 60352
70879 58107 67299
66439 55863 73032
62530 56875 73821
68076 53223 72101
61477 61241 71446
62189 66098 64734
73328 57385 60167
65987 66411 61226
66254 65155 64207
67752 65749 58937
62608 61711 70946
64943 67327 59474
63328 53148 74534
67002 53327 72928
72262 58788 63375
73050 58609 59510
62673 64088 68305
68973 62992 64545
68907 58400 69875
72328 52906 66610
70364 60455 65936
63849 57840 73204
66713 60837 69953
62391 51770 74866
59823 68333 59470
65025 67649 54782
66980 66532 55941
73334 58010 57742
59870 65875 65606
62859 57408 73569
64180 67983 56090
61554 64625 67682
65103 67123 60110
69593 62099 65176
73008 58419 60335
70192 62631 62648
64629 61589 70465
59744 65249 66735
59754 66066 65235
68241 52688 71956
60813 54162 74735
71862 61245 58869
60714 68955 55067
59962 57006 73947
71140 53254 68595
61789 59864 72488
64228 59214 72437
69639 54519 70401
63553 68248 53604
71771 59899 63512
67825 60574 69220
63661 63053 69332
66657 60130 70612
73517 56092 60967
73996 51761 59334
69306 64554 57016
69459 63851 60998
66144 53854 73466
65958 64355 66060
66005 56205 73163
65008 65341 64967
72487 60016 59709
62890 61668 70954
71930 57809 65477
67425 53135 72610
68957 60753 67762
66875 65430 62513
60328 57319 73819
73932 54632 58355
60720 51267 75111
61749 51452 75000
67052 64213 65117
68555 64822 60354
61353 68752 56056
63802 54450 74242
66433 64109 66039
72902 57539 62358
60391 67160 62780
60158 55842 74336
65578 58746 72191
66442 57521 72365
74098 51735 57969
68226 63600 64599
65911 53875 73609
68211 63173 65455
60225 52856 74952
60446 58199 73461
73900 51940 60140
73135 53153 64137
71690 59265 64599
73338 54270 63023
64167 66329 63237
73305 56123 61902
72290 57369 64776
69526 63641 61498
69779 58482 68717
73653 56873 58628
63703 68188 55098
67845 58912 70583
72019 56944 65924
73044 54065 64202
64637 53610 74156
61147 56842 73977
70367 53654 69611
66214 67003 56672
64881 62068 69889
65842 61677 69758
71782 61377 57433
60608 68785 56546
70189 55711 69454
73994 53290 59306
67773 57558 71502
67708 65526 60322
60076 68791 56746
66937 66379 58466
69170 64592 58549
61859 54610 74564
66697 65397 62904
69086 61968 66264
62959 62588 70029
69896 63459 60817
69955 61279 65687
70389 57002 68719
68317 54268 71834
65331 57866 72732
69608 62526 64320
67848 64860 62159
59890 63625 68996
72979 54993 64065
63247 64540 67429
63597 66553 63089
71548 53856 67963
63382 62945 69542
70183 63154 60770
73050 56529 62650
62345 68139 59007
61988 68427 57857
70588 61957 63091
65292 67483 56840
60912 67535 61738
71491 59219 65141
73805 54642 60184
67387 59669 70425
68706 64956 59187
73449 54899 62223
65953 66875 59185
64948 61592 70309
63362 65568 65445
63313 56217 73900
69619 62900 63503
68560 63365 64530
71658 55231 67494
67182 61484 68962
63912 68006 57363
65742 64390 66213
72743 59217 60393
67092 64367 64723
71059 61712 62057
69117 61310 66954
61939 59159 72932
63572 68140 57155
62067 65493 66017
62386 64731 67364
66850 65768 61541
61863 67576 61209
70447 60280 65994
70053 63234 61040
62032 68625 55841
58735 67078 63106
68420 65312 57778
62357 66544 63641
73297 56849 61204
67096 55288 72675
72440 57487 64155
65037 59347 72040
59425 66909 63473
66651 66032 61084
72281 59577 62190
65501 53907 73831
60193 68677 57433
62051 59516 72683
64699 62717 69360
72257 56942 65255
61890 55036 74464
71243 56928 67490
71690 59565 64197
69685 59434 68129
65072 66142 62987
70879 62384 60439
69811 63020 62605
61820 52451 74931
73270 58198 57049
60690 68431 58752
73071 52209 64418
66686 65951 61284
70671 62754 60057
60763 67848 60900
69399 60857 67041
67872 65328 60605
63578 63497 68815
62362 64970 66963
60406 56569 74105
61771 66846 63140
67111 66006 60115
66860 55924 72759
62756 64557 67546
63849 60579 71565
65482 62976 68608
67664 58398 71099
72735 56497 63964
64654 67673 58163
72327 58250 63786
68268 64904 61010
60658 64656 67650
69357 62544 64776
63052 68399 54969
73061 57846 61099
66221 62937 68149
66731 65237 63239
62108 62317 70404
