102908 88333 91589
90530 89964 103321
86726 102758 89477
102520 91089 89112
85270 102167 92052
100679 92206 95204
93047 97672 98368
97163 99000 88891
89421 98884 98238
87613 99124 98253
95125 94769 99386
96001 94644 98744
92256 100036 95520
91200 87402 103451
87274 90745 103691
100616 92009 95456
103260 87542 88950
83426 103352 86810
93376 92993 101423
88577 100944 94799
96499 99045 92864
101305 93690 91975
92912 101346 87663
99576 92889 96197
88852 88038 103992
90855 94910 101514
86162 88674 104136
89073 102036 91351
100184 88849 97166
102710 88087 92660
89038 95549 101524
98514 97214 93040
98406 95003 96139
94761 100128 92130
88745 86282 104095
87319 95097 102004
87084 96115 101375
101950 90151 93945
88695 101229 94052
92550 101472 89390
94732 99735 94199
88462 101948 92032
81951 103529 84687
102069 89522 93984
97842 91696 98644
95477 96366 98065
91385 86765 103393
87176 103071 84831
87283 94688 102225
92962 98531 97388
98512 97689 91415
100145 95299 92790
94077 95729 99584
87277 102932 88055
95498 99010 94896
101010 87237 96193
93305 100064 94745
88307 100613 95601
92134 86012 103141
87947 102540 89923
103493 85356 87280
91477 94662 101473
97102 96071 96764
99947 96152 91055
97781 98499 90060
90528 102262 87264
99220 95565 94442
101026 93466 93226
97574 98695 89599
100328 94365 93732
100252 94854 93266
102381 91507 90012
90135 93541 102384
87644 100353 96240
90438 101736 91632
98374 94695 96407
95845 91377 100423
92013 92933 102051
89911 99116 97796
89730 91580 103142
95639 92284 100222
91555 90477 102888
94540 86972 102110
85008 102666 90249
100540 91465 95865
99153 96944 91518
95529 100041 89225
85088 101029 94873
102947 89436 88416
95942 94633 98801
80740 103567 83190
85996 85829 104391
95030 91725 100866
97144 95617 97060
102801 86096 92686
94108 94085 100486
91238 98129 98571
90879 100776 94440
93920 86967 102389
88422 86549 104140
93509 100863 91187
103275 87488 88456
95967 99652 91031
99162 96822 91938
92038 86765 103167
87099 87205 104233
89023 92403 103042
98745 96195 94451
84468 85379 104444
89379 102566 87186
103391 86500 87861
85839 102701 90049
103151 85648 91117
96597 99342 90104
98499 97201 93111
90063 93831 102284
89568 100540 95492
100701 94861 91645
100845 94872 90508
93221 101122 90153
96044 93870 99155
93707 91889 101662
100448 95392 91045
93704 98250 97342
94139 97587 97864
99087 95572 94648
101753 90961 93845
95563 93972 99486
90376 91188 103107
89966 102384 88731
96279 94968 98316
89996 90542 103358
86658 97456 100187
92669 91976 102107
84759 86893 104352
96618 99157 91684
101967 92809 89270
86030 103044 88231
90589 102112 89559
92284 97360 98987
78193 103620 81980
99633 89725 97584
89210 100120 96401
86864 103130 85467
87534 89971 103864
90677 101981 90173
95128 95206 99129
90775 97327 99602
95182 100226 89597
95583 84683 101540
99510 87990 98114
97170 88051 100313
87858 95920 101464
94153 85930 102338
86979 101484 93706
99658 95399 93757
88467 100266 96280
103445 84984 88596
86376 102325 91440
98034 94459 96975
89272 98309 99046
87208 100031 96869
98546 90118 98627
102848 89300 90853
99816 93679 95329
97773 90508 99232
91085 99405 96991
100082 94472 94143
98239 95684 95734
95660 85483 101487
96039 85268 101234
96240 87499 101050
87633 92149 103237
101933 91821 92263
90060 99691 96988
89214 95874 101262
88872 99753 97111
91822 99320 96827
100938 90450 95844
90610 98806 97976
100638 88169 96667
95847 91248 100465
98073 98227 90427
100798 87890 96468
96337 98716 94175
103510 84862 87331
88740 89739 103737
99485 86226 98203
87274 93355 102793
95002 89532 101493
95072 100155 90943
98885 96521 93679
87851 96789 100770
93178 93758 101202
94156 98739 96438
94007 89340 102102
96594 92016 99608
94183 87917 102200
89543 96281 100873
93766 90012 102084
103473 85228 88142
90266 91070 103164
100489 94935 92371
91624 92051 102497
103306 86950 89292
97455 98674 91404
85526 103061 88356
86053 87909 104234
95013 99219 95043
100535 93847 93930
101460 87918 95504
102005 88848 94554
88839 89511 103770
97116 92179 99101
97878 89428 99486
88297 102715 88615
87902 98822 98621
86148 101449 93906
103014 86115 91698
101631 92816 92066
83764 102923 89253
84110 103339 86787
91181 101638 91430
102134 92022 90762
97450 98750 90330
94194 96378 99048
102813 88631 91822
94040 100827 88975
95253 98699 95816
88318 100422 96016
95042 100318 87957
95230 94443 99483
92200 101133 92298
86860 103127 85679
85369 103281 86782
101069 94067 92269
83358 103493 84177
85698 85416 104422
102138 90568 92956
102585 86538 93288
90125 95639 101211
84611 86005 104441
89676 102305 89638
98775 97020 92765
86565 95550 101729
93812 90809 101916
89100 94500 102167
89520 92937 102782
96884 94241 98220
88823 99421 97670
103185 86215 90715
87335 98059 99546
94646 99354 95117
92630 89138 102722
93859 94711 100368
87841 102498 90237
95749 99285 93680
92972 94641 100827
94096 100433 92134
94190 99173 95849
103103 87899 90374
86747 90955 103651
96321 96855 96944
87077 96984 100681
90348 92551 102724
95306 100171 88866
102173 89802 93449
98547 95612 95381
89952 97994 99171
91037 93992 101956
92828 99249 96478
99776 96105 92035
93552 95106 100296
89529 100718 95069
86349 103224 85154
100815 88715 96374
100725 87225 96596
93477 94038 100905
89903 87797 103832
88767 102707 87397
99436 92599 96541
97820 95538 96385
95638 95691 98419
96188 98001 95904
95233 96001 98526
89440 102142 90664
95178 90698 101090
91467 94379 101640
87368 90865 103655
87233 85612 104321
92901 96331 99735
101155 94442 89221
101214 90269 95498
85119 88703 104149
92434 101324 91006
89723 101956 91242
87817 102688 89245
90872 98580 98186
88396 102617 89096
84712 88043 104232
101454 93957 88527
102118 89387 93913
81469 103512 85044
93974 97934 97572
91853 101005 93199
99883 94820 94093
94468 100501 90481
98020 95798 95916
87321 98639 98927
101431 89336 95495
96887 99181 89237
102750 90246 88316
87022 96625 101012
91173 96499 100218
98942 93706 96418
89868 90701 103352
83426 103466 85660
98025 97761 92867
89274 98090 99278
100897 93257 93852
96868 95584 97346
91546 101234 92702
80207 103574 83679
101125 88274 95982
100287 87140 97201
89390 95595 101417
94833 97031 98068
98747 97672 89674
89878 101858 91533
100265 92553 95571
98492 96894 93786
97595 97237 94914
92038 98176 98210
87267 99188 98180
100991 90727 95622
99776 87735 97826
95893 90157 100776
92743 100621 93591
87843 102918 86946
95746 99910 89273
101837 92025 92429
90421 96711 100288
103083 87033 91040
93121 93618 101301
88584 97582 99910
93888 86052 102457
101198 91138 95039
100251 94198 94128
98905 88594 98718
87476 100578 95801
99031 86906 98702
93726 100448 93000
86573 99666 97500
103192 84558 90940
102774 89917 90023
88051 99397 97813
100656 87333 96689
93606 99142 96256
103330 86908 88671
87576 97767 99848
92033 101699 88820
86654 100162 96645
100259 94028 94276
88835 93137 102832
94350 100433 91422
97755 97524 94086
95885 96775 97382
102368 91633 89635
94537 100577 88027
90945 101133 93521
90249 100856 94497
86435 102336 91383
86655 101071 94778
94888 97446 97604
103449 85854 87316
89168 90928 103416
98878 96188 94245
88984 101217 93992
99742 96552 89552
94564 100526 89721
91661 101243 92550
91498 88152 103294
98285 97650 92401
81182 103493 85443
92522 101193 91620
96971 96540 96499
100734 92621 94740
102867 89572 89838
87735 101100 94584
98477 91829 97990
87357 99875 97133
88161 101719 92829
97791 97833 93317
87917 86438 104205
89965 94920 101731
96052 88170 101125
97624 88016 99943
93009 89978 102422
102853 87918 92053
96838 97686 95459
100922 91319 95385
100257 88324 97149
96151 87256 101118
97152 97033 95864
88336 102825 86358
90698 95917 100835
93665 95918 99700
91802 89079 103063
97652 97109 95008
89567 102119 90664
92300 100439 94505
83835 103194 87752
91930 101667 89749
103028 86618 91504
93430 96791 99083
98522 86565 99272
81030 103559 82294
101615 93419 90292
84276 87561 104288
97174 98931 90676
102009 91939 91707
86399 103178 87141
85624 101617 93492
84522 103277 87219
93485 97206 98619
98829 94912 95679
91145 102064 87533
97842 87487 99842
101288 92104 94030
102464 91380 88252
102129 92398 88691
87319 101875 92614
91046 92796 102423
97011 97752 95069
97484 98303 92813
92761 99831 95580
92642 88274 102831
97821 89288 99585
90399 91965 102884
92163 95431 100733
87159 99699 97428
89916 102430 86744
90780 102184 87555
90853 89467 103328
89620 86623 103908
97434 96333 96162
89568 89353 103679
96608 97937 95448
100480 87458 96926
102074 92557 89124
98039 88759 99484
102599 90858 88330
96763 99236 89968
93102 98087 97904
91512 101929 87459
103112 88565 88102
101831 91176 93376
87740 98167 99421
94102 99288 95691
81771 103407 86307
101459 92624 93090
85602 103352 85544
97731 98493 91058
97009 88693 100317
87171 97659 99973
92650 91432 102302
102765 88502 92196
90587 98359 98540
97842 93329 97848
90201 88547 103675
103256 87650 88527
102238 88764 93937
86500 92011 103321
85816 84861 104418
89440 96939 100335
91945 97434 99045
92306 101175 91984
102330 90966 91488
96103 93881 99098
95167 99816 92802
90277 91416 103074
91596 101537 91416
96755 99162 91048
90830 97742 99138
85895 89838 103927
82428 103332 86946
95079 100205 90451
100877 94686 91073
94576 92624 100831
97192 98608 92655
90743 86992 103600
90777 97108 99834
100860 92228 94827
101536 92791 92694
92352 94459 101215
95383 100127 88394
90443 87010 103688
90097 97423 99709
92509 98643 97448
102625 87695 93100
88421 102763 87910
99241 92970 96556
96922 97284 95853
98665 96884 93413
88576 95058 101960
96009 98712 94786
92965 87498 102755
95816 99791 90664
103241 87790 88465
96241 90358 100481
85621 103316 86139
100484 95508 89497
91232 90974 102881
88948 102684 86147
86682 97719 99909
92889 101058 91546
86784 98960 98495
85574 103201 87354
88705 96895 100541
94996 100342 87980
102711 90307 89401
94756 95359 99322
103146 88366 89189
88760 97254 100210
91821 87376 103218
87805 87895 104125
92501 100030 95383
99659 90195 97396
99570 88330 97983
95589 98776 95242
89683 94120 102246
102527 90156 91588
92295 94319 101314
95190 91932 100680
88500 98285 99189
85847 102345 91479
88455 92491 103083
98948 94316 96009
84821 84690 104440
91752 93099 102080
89925 100443 95569
95730 97525 96881
88105 98848 98560
90278 96325 100667
102183 88349 94401
88129 99899 96990
102578 90697 90112
92672 85187 102951
89818 92102 102971
102673 89640 91488
90735 102169 88748
102640 90175 90792
96243 90229 100523
90012 95148 101575
101044 94614 89722
87575 94359 102363
97140 86290 100428
99807 94284 94817
95159 93212 100152
97280 88951 100065
87157 98239 99354
102199 92183 89299
88674 98846 98478
89638 102503 86205
94414 95931 99240
103372 85742 89629
103534 84820 86710
91988 96878 99589
93054 101129 90647
95267 84848 101732
86033 103280 84785
93159 86320 102750
93974 100692 90809
101966 89282 94404
88450 101707 92769
99785 95983 92455
101445 90047 95123
87547 88498 104086
98496 89452 98895
88765 96484 100868
90045 100194 96066
101407 92145 93709
85605 101961 92613
99017 89104 98463
102281 91400 91005
92265 98767 97395
97487 86604 100140
