15970 13767 12392
16413 14971 11812
14828 17539 10217
15564 15364 12338
16857 12999 9513
13826 14165 13403
15384 14909 12598
15061 17344 10919
14119 15439 13047
16236 15962 11057
14778 16103 12436
16627 14576 10711
14912 15272 12760
15536 16852 11294
15561 17254 10200
13080 12635 13856
16073 16486 10981
15124 14089 12968
11900 11138 14152
15188 12539 13037
14060 17594 10479
16583 13718 11589
16152 15927 11696
16093 13468 12290
13886 12383 13628
13610 13714 13547
13727 12194 13694
14749 15796 12684
11344 10826 14201
14285 17309 11546
15818 14843 12357
14440 12701 13388
15524 15139 12449
16394 14213 11927
14826 12864 13225
16298 15605 11432
16315 15403 11772
15792 13192 12571
13105 13623 13695
16764 13206 10523
13165 11841 13920
16559 14649 11548
16069 14399 12249
13382 17088 11815
14331 14256 13255
13894 16320 12596
15270 15660 12430
15594 13648 12695
13585 12726 13708
14524 16304 12423
10514 10184 14228
15465 16517 11635
14863 15045 12852
15727 14840 12414
16725 14144 10751
13006 11652 13986
14775 17559 10845
