40653 34703 36257
36650 39135 36252
35011 34130 40846
39406 35968 38494
38037 37181 38795
40800 33925 35717
39539 36932 36298
39061 37611 35181
36917 37684 38799
36710 38655 37533
36360 39509 33882
35467 36790 39725
38202 37097 38726
40586 33317 37610
40653 34437 36735
35154 39146 36845
34362 39667 35676
39773 33893 38957
39886 36283 36828
37863 38604 36231
37073 35779 40128
37505 35292 40243
40785 33393 36765
39782 35030 38700
36460 34730 40573
34280 39582 35890
37770 37584 38611
36348 38426 37971
38364 38279 35852
38178 38371 36280
39327 33843 39470
39266 35000 39383
41127 30636 33751
36756 35600 40247
40779 32893 37048
35744 32892 40954
37290 39141 34930
40450 33001 38074
40912 32984 35733
40509 34975 36558
36940 38260 37997
33876 40204 33548
40049 35140 38105
36670 38336 38000
37997 38617 35352
39045 37174 37442
41038 32643 34633
40266 34469 38099
38917 35969 39117
36465 39473 33937
37127 36466 39767
35789 39598 35214
35619 37280 39324
37410 33600 40631
36169 32588 40873
40608 34860 36205
40597 34161 37370
33370 40113 34032
38068 37581 38325
37698 38123 37877
35088 39881 33062
36042 39234 36651
37559 35979 39882
39602 34481 39144
34931 35587 40408
37810 37903 38144
35523 33507 40928
38658 35072 39858
37340 38457 37419
40113 35561 37479
35804 36829 39659
39835 35612 38077
40352 33601 38228
36308 38107 38438
34365 39744 35475
40100 35811 36856
35164 38568 37805
34953 32285 41054
39437 36368 38024
37976 36561 39387
40370 35604 35594
40327 35089 37507
40188 36169 34995
40711 34625 35454
41112 31541 35039
38535 33600 40126
37794 36860 39266
35910 39629 34844
34444 32677 41042
37709 36964 39203
34984 33602 40971
39448 37097 35481
37650 38769 36102
38125 35726 39773
38833 37604 36927
36747 36471 39833
36836 34143 40685
