73787 69213 8129
79348 65652 7631
70086 67914 8316
55996 81004 7335
66017 67983 8378
61960 75040 8264
83442 57558 6994
67734 74266 8195
83515 55485 6994
59157 74843 8285
84175 53825 6743
65714 77286 7963
56865 81135 7097
75230 65770 8095
63160 77840 7993
68942 69058 8333
78054 68946 7394
84605 53395 6343
72155 66845 8249
62974 75026 8254
63593 77407 8041
61812 70188 8389
67498 71502 8327
68828 77172 7536
84845 50155 6284
80101 65899 7368
66014 69986 8366
75637 67363 8034
59771 78229 7984
63404 69596 8390
63846 79154 7712
63272 79728 7497
58685 80315 7603
83777 57223 6762
79932 61068 7666
71776 68224 8259
62095 73905 8324
65293 77707 7922
71148 67852 8283
77416 69584 7465
62692 69308 8394
63873 75127 8236
75417 63583 8085
69690 76310 7722
82328 60672 7299
70781 72219 8192
65663 68337 8381
72458 70542 8166
66705 75295 8146
78829 61171 7792
84935 49065 6154
54823 81177 7214
58541 77459 8079
72601 67399 8226
61548 77452 8073
68465 72535 8278
62089 67911 8401
63086 75914 8190
60363 74637 8298
63820 76180 8153
77494 63506 7924
72485 73515 7891
69999 70001 8293
64512 77488 7991
64768 75232 8208
82463 61537 7008
65947 67053 8380
84351 53649 6638
62723 77277 8078
82444 61556 7028
78680 67320 7581
80393 61607 7609
83724 57276 6823
74928 71072 7844
66359 70641 8355
66236 68764 8374
60259 75741 8222
84096 55904 6653
66539 78461 7531
81614 63386 7265
73475 70525 8093
61989 71011 8382
84909 49091 6235
65508 77492 7944
67113 70887 8342
71889 66111 8262
83009 59991 6865
62824 72176 8368
65717 75283 8181
60995 78005 8012
67004 73996 8239
79020 66980 7540
63695 67305 8401
72316 66684 8243
59299 79701 7753
55875 81125 7245
75999 64001 8044
63805 73195 8336
70964 75036 7830
82018 60982 7370
82621 59379 7248
59749 79251 7834
67595 72405 8308
60412 73588 8339
75057 68943 8026
78088 63912 7863
65741 74259 8258
65868 74132 8263
74228 64772 8158
82995 60005 6899
82383 61617 7092
82184 61816 7232
62068 72932 8353
64027 69973 8385
83420 58580 6860
68803 77197 7424
83796 56204 6879
80149 64851 7537
84439 52561 6592
74295 72705 7609
80672 65328 7148
67695 76305 7972
71299 71701 8191
73980 67020 8163
81935 60065 7390
76555 69445 7759
67242 74758 8172
63205 77795 7998
65269 69731 8376
78252 68748 7366
63610 79390 7641
75634 70366 7811
79156 64844 7706
84743 52257 6320
61583 74417 8304
80648 64352 7463
83882 56118 6839
78601 63399 7810
69092 70908 8305
59231 80769 7269
61916 80084 7482
83597 57403 6915
63191 79809 7352
81947 61053 7381
70824 71176 8238
63621 74379 8290
78745 61255 7801
63048 73952 8317
77703 69297 7434
66265 72735 8322
64662 73338 8327
80748 60252 7570
82298 61702 7163
68139 72861 8273
79868 64132 7625
70015 75985 7757
79905 60095 7670
68364 71636 8308
64078 73922 8309
66442 78558 7398
79070 65930 7663
77464 68536 7695
64617 76383 8114
78887 67113 7558
69336 72664 8236
62530 73470 8335
75057 63943 8108
78482 65518 7777
60548 80452 7460
77492 62508 7925
65006 74994 8221
63384 68616 8397
54905 81095 7273
84387 54613 6526
65638 71362 8355
76903 67097 7912
59356 80644 7449
82167 57833 7349
60359 77641 8058
83528 57472 6954
61072 78928 7874
73318 67682 8189
83628 56372 6952
56870 81130 7126
64503 78497 7829
80361 65639 7302
83464 58536 6754
62840 71160 8379
78575 68425 7226
84237 53763 6707
68850 70150 8321
84475 53525 6549
60714 76286 8180
84824 51176 6245
84405 54595 6500
83784 55216 6906
62394 79606 7680
60169 79831 7716
63977 79023 7740
83994 54006 6823
84684 51316 6449
59444 79556 7780
84746 52254 6247
82472 59528 7289
62170 77830 8017
59207 77793 8039
66385 73615 8281
61628 79372 7783
69538 75462 7937
67914 68086 8354
72186 74814 7573
56862 81138 7069
69768 72232 8240
66514 76486 8027
61791 79209 7808
81925 59075 7393
65223 68777 8384
80407 65593 7289
69375 70625 8302
81998 62002 7309
84273 54727 6660
66680 78320 7600
76068 68932 7910
73264 66736 8199
81601 60399 7444
78511 68489 7301
68475 67525 8348
71572 70428 8228
84307 54693 6629
64619 72381 8353
80539 62461 7578
73784 72216 7883
77007 69993 7497
68769 73231 8228
78103 65897 7812
66033 68967 8375
70987 69013 8276
62410 79590 7685
84590 53410 6452
77950 68050 7652
66820 78180 7636
64730 79270 7414
76278 65722 8020
63212 74788 8268
84754 51246 6368
67205 76795 7936
54842 81158 7229
55766 81234 7077
75043 71957 7587
61472 77528 8065
62038 71962 8371
73155 64845 8209
79108 63892 7741
83809 57191 6685
63335 70665 8382
81044 61956 7515
61099 73901 8328
67142 77858 7710
61197 74803 8284
65893 72107 8341
81769 63231 7169
84570 52430 6513
69146 76854 7641
59218 80782 7188
79271 62729 7738
65602 78398 7768
68844 77156 7542
59364 76636 8159
71333 72667 8127
80189 62811 7619
79826 63174 7660
68149 73851 8210
59753 80247 7604
66759 71241 8342
81802 63198 7131
61784 80216 7312
62712 70288 8387
69705 69295 8312
71967 72033 8122
56921 81079 7261
70950 74050 8018
60994 76006 8200
63294 71706 8371
58004 80996 7274
64905 79095 7574
84012 55988 6776
68032 70968 8326
60805 74195 8319
59034 78966 7877
83253 57747 7068
56405 80595 7530
69289 74711 8068
76723 62277 7989
62603 78397 7925
60431 77569 8067
69534 76466 7700
83177 58823 7057
76747 64253 7987
54680 81320 6976
62234 76766 8130
81112 62888 7467
61024 70976 8383
64303 73697 8317
76991 68009 7854
61143 79857 7681
67663 73337 8260
73594 68406 8161
77877 63123 7890
71760 75240 7391
82943 60057 6988
66613 74387 8223
69906 71094 8278
58159 80841 7386
64407 75593 8188
60737 72263 8368
66204 77796 7841
83811 57189 6567
72640 71360 8115
72981 72019 8031
73755 71245 8025
75477 66523 8068
53674 81326 7000
84142 54858 6743
67253 66747 8364
75056 66944 8093
74488 68512 8094
72083 68917 8231
73422 65578 8197
71896 75104 7494
58447 80553 7537
83371 57629 7022
65140 78860 7658
77914 67086 7778
78006 64994 7853
60319 79681 7751
67443 77557 7747
61397 68603 8398
64409 70591 8376
72772 68228 8208
75499 65501 8078
82350 61650 7124
63817 75183 8233
66665 67335 8371
59841 73159 8352
73632 72368 7886
81403 58597 7477
70220 70780 8274
67128 69872 8353
76130 66870 8004
58229 79771 7741
83642 57358 6885
66919 67081 8368
71289 74711 7845
68763 67237 8343
60216 75784 8219
69204 71796 8279
68221 67779 8351
78512 68488 7300
72949 74051 7605
70474 70526 8270
67863 75137 8119
81326 63674 7345
74643 72357 7599
71205 69795 8258
69388 76612 7679
70640 68360 8294
63765 77235 8054
77636 64364 7908
65921 75079 8192
77586 66414 7857
62981 79019 7799
82904 59096 7169
55764 81236 7046
71622 69378 8246
73458 71542 8031
70282 65718 8312
77444 65556 7909
64826 74174 8287
82858 60142 7059
60263 69737 8392
58062 78938 7882
84080 54920 6779
54703 81297 7043
81198 60802 7507
68057 75943 7996
62800 79200 7767
81557 59443 7453
75889 71111 7550
77109 62891 7959
61713 75287 8248
70074 71926 8242
70130 68870 8304
68554 75446 8028
61887 80113 7456
53690 81310 7040
82516 61484 6861
59984 77016 8126
84124 52876 6772
79192 61808 7752
75856 68144 7979
71991 69009 8234
74244 70756 8007
64466 68534 8391
80586 63414 7537
68385 76615 7854
81750 63250 7189
64686 79314 7373
63832 79168 7708
78627 68373 7161
64378 72622 8348
64848 71152 8366
81834 63166 7079
83019 57981 7149
69854 74146 8095
63513 79487 7607
81492 62508 7414
84113 55887 6540
84479 52521 6568
57628 80372 7599
80577 64423 7474
64460 67540 8394
82640 60360 7197
65280 78720 7694
74784 69216 8041
69647 73353 8174
67744 77256 7783
71832 73168 8027
60774 80226 7591
67022 72978 8296
72827 69173 8187
83318 58682 6954
71489 73511 8024
70196 72804 8189
65925 76075 8098
67020 71980 8327
64134 78866 7772
84351 51649 6643
79210 66790 7512
79861 66139 7413
71250 66750 8286
71750 67250 8264
59248 80752 7315
80292 63708 7575
58149 80851 7379
65638 73362 8313
54740 81260 7136
69813 70187 8296
63575 76425 8138
75587 68413 7996
83401 58599 6880
68848 74152 8151
69912 67088 8320
63691 78309 7901
74371 69629 8059
69106 69894 8319
73640 73360 7616
71726 71274 8184
57070 80930 7378
74902 70098 7973
80604 65396 7204
74559 67441 8122
60479 80521 7233
78400 66600 7735
61281 76719 8142
