33442 32829 30268
28120 35261 27724
30704 34063 30883
26573 35317 26835
28117 33991 31171
32009 33882 30722
31034 32860 31894
34234 29630 30065
34016 32570 28869
32965 33971 28378
35007 28267 26298
30259 32653 32135
32981 33901 29409
32397 31535 32002
29188 32073 32505
30500 35101 28432
31374 30913 32754
32235 34360 28918
33717 32840 29799
33910 30804 30621
32233 31407 32140
34218 31005 29866
32899 32769 31082
32332 33017 31351
32701 34134 28712
34551 31234 27678
34657 29375 29061
31528 33285 31545
29584 34925 29416
33687 32068 30524
31861 34526 28058
34729 30280 28349
35030 27133 27098
33371 32053 31137
31956 33050 31632
34303 31852 28444
30632 34601 29827
32970 33545 30213
34753 29669 28675
35018 28094 27674
29571 31325 32926
30308 32747 32068
33211 31408 31413
33477 33601 28924
27798 35291 27029
32172 30468 32273
34845 30081 27247
29136 35213 28120
29522 30255 33213
33779 33145 28755
32785 34086 28501
28935 31158 33007
31150 34788 29147
27971 34821 29766
33083 33895 28827
34680 30141 28743
29369 32978 31920
28813 32909 31974
29765 34294 30735
34777 30085 28135
32699 32124 31603
30818 30875 33002
32730 34004 29699
30005 34507 30244
34491 30117 29484
31984 34463 29208
32916 31927 31532
28378 34609 30162
34505 30287 29441
29859 35141 28610
33940 32527 29383
35005 27961 27958
30158 30422 33132
28356 33210 31752
34481 30898 29115
32201 32289 31888
34208 31786 29497
30275 34820 29452
31586 33760 30995
31561 31478 32606
29686 33621 31446
34199 32265 27813
33560 31455 31004
34740 30636 27545
28564 29497 33396
30606 33095 31807
33819 33136 28399
31740 31946 32303
34175 31603 29738
34005 32214 29673
29320 32884 31987
34004 32346 29434
28922 35201 28403
32219 29396 32287
29984 29673 33211
27805 35297 26622
34852 30087 26840
28400 35257 27663
31991 34469 28801
28934 35166 28894
30211 35019 28999
29082 29280 33375
33074 30053 31614
