33590 30921 35303
37061 33374 31682
38436 31123 30208
35072 31073 34812
38046 29260 32461
29895 31782 35549
31673 36624 29082
36456 30508 33971
38302 30879 31514
34554 33690 33622
33300 35877 31611
36889 32525 32991
30399 31514 35662
32324 36059 31869
35782 31851 34175
38425 31150 30225
37520 32502 31993
33742 34102 33603
34414 35620 30581
35772 34960 29788
28648 28441 36477
35520 34622 31926
32003 36315 31283
32642 32012 35184
27922 28306 36515
32918 27494 35947
34220 35628 31329
35166 35235 30764
33686 34530 33268
27820 26899 36641
32846 34008 33984
34052 29927 35413
36839 33106 32429
29926 32837 34938
31024 31416 35665
34983 32569 34207
33768 35879 30318
30694 36751 30066
33717 28433 35720
32132 30732 35722
31329 30236 35988
33476 33359 34243
34912 28606 35180
38017 31916 31287
34461 32385 34495
38061 31499 31965
33178 30511 35533
30833 30826 35893
38746 28824 30488
31432 34845 33575
33696 33646 33959
31645 31082 35697
31729 29251 36159
38209 31396 31409
37982 30182 32460
30694 33365 34602
34858 33132 33904
33574 35887 31066
34565 33397 33835
37537 32838 30989
34645 35248 31705
36422 34330 29821
32626 33721 34268
30265 28168 36430
31479 36632 29830
31766 27270 36235
30503 32154 35322
31843 35485 32984
38809 28875 30125
33877 35434 32116
37974 30891 32358
33695 31947 34971
32580 32756 34850
37277 29435 33422
33212 33924 33925
36239 33444 32922
32693 31470 35365
35656 32691 33890
34542 34970 32256
37577 32186 32251
38143 30728 32086
28625 26377 36620
36208 26552 34347
38222 31497 30989
31835 29740 36039
35453 34865 31591
29385 36912 29203
38731 29762 30233
33430 32394 34825
35286 34479 32361
38650 29882 30860
36041 33982 32418
37275 33088 31515
36533 32520 33313
35581 28560 34776
38710 30071 29288
29341 26537 36558
29301 31200 35832
31529 35993 32508
35578 34968 30536
36701 31054 33695
37495 29748 33198
30985 30102 36064
35951 34674 30564
38692 30242 29552
29835 36747 30420
35104 33457 33565
35548 29934 34738
34066 35014 32568
38242 30648 31922
35930 27729 34536
33156 34352 33590
31657 33652 34378
32368 36332 30441
28378 26963 36636
36472 29003 34119
29704 29782 36229
30772 26433 36376
34771 32533 34304
37209 32081 32880
28155 36919 28540
36157 31403 34018
29135 28091 36502
36384 30832 33973
31135 33953 34228
37817 32331 30866
29845 36905 29281
38850 27502 28028
34861 32124 34465
36502 27993 34120
37473 32550 32019
34721 34284 33026
30902 36722 30078
32713 35541 32658
35840 31181 34296
34264 32935 34281
36243 31892 33823
30888 36743 29318
33219 29657 35716
30506 36291 31836
29819 36861 29644
28996 29386 36326
36562 34191 29799
30617 30650 35968
34349 30919 35096
30844 36511 31252
30338 29244 36279
35868 32340 33980
34155 35720 30747
29089 30875 35958
31936 34310 33949
37743 31415 32470
32129 36161 31760
34550 28985 35367
38613 30448 30216
31282 31094 35747
29605 25684 36533
31368 31583 35552
30608 36623 30872
30409 26445 36426
36434 32563 33379
32570 34149 33933
38239 30828 31877
31309 31945 35383
31275 32543 35068
33160 35984 31269
37979 32090 29833
33286 35830 31746
35647 34857 30843
32384 36388 29741
37496 31367 32827
37608 30470 32951
37360 32177 32625
34996 35428 29482
38132 29749 32266
36128 32606 33603
38444 29055 31535
32437 35682 32607
37113 32129 32982
32119 35344 33035
33208 36075 30329
30879 29613 36184
38788 29184 29180
31678 36318 31606
29288 31675 35614
27861 26476 36641
37122 31473 33273
30301 26283 36441
32609 36086 31537
