30722 30110 31343
27695 32266 30574
32138 29488 29899
27647 31908 31003
30075 32051 30366
28892 33096 29294
26504 34166 26536
30624 32239 28532
32582 28814 28029
32005 30005 29546
29154 32429 30218
31145 31226 30056
28796 32391 30341
24979 34255 26219
31548 29875 30567
25075 27186 33150
28199 33259 29199
29553 32591 29857
30663 31525 30351
28493 32934 29655
31419 30775 30025
29542 32319 30255
31535 29572 30716
28997 32731 29843
28329 30671 32048
28639 32693 29966
24972 26650 33224
30615 31167 30780
29922 32967 28269
31193 30237 30784
29029 33546 28226
30559 32107 29491
28748 32033 30770
28209 29802 32460
32800 26528 27251
28044 30212 32405
27457 29283 32778
29965 29910 31827
30618 32177 29153
27210 28932 32862
32027 29058 30156
32287 28386 29771
25899 34151 27279
30961 29262 31349
32315 29849 28599
27171 33244 29269
29488 32589 29903
29165 33185 29080
31451 30885 29857
29169 28855 32266
30398 32364 29212
32608 27520 28794
28531 30421 32227
29242 30643 31876
30907 31978 27361
32756 27770 27810
31407 28360 30967
29646 30714 31691
27280 31363 31497
30566 30656 31187
31301 30280 30623
32474 29389 27585
31403 30527 30286
29694 32983 29076
28026 33742 28434
30739 30796 31005
27788 30865 31940
32136 30162 27945
29394 31122 31504
30878 29170 31428
31044 31453 29946
31321 29680 30930
31694 30887 27972
23834 34264 25373
31921 28766 30359
31666 28984 30670
32569 28427 28908
29935 31898 30695
32513 28974 28733
31415 29276 30949
32808 25745 26467
29368 29391 32174
31534 30933 29244
29270 31493 31279
30079 29613 31823
27470 33459 28928
29399 33328 27692
27880 32113 30746
31658 28068 30688
32405 29549 28289
28472 33348 28985
28515 31828 31027
30188 31408 30989
29702 31693 30952
31097 30868 30485
28135 32896 29778
32120 30163 28765
28211 33840 28054
30080 28661 31863
27255 34102 27761
32685 28276 28072
27655 33980 28040
31108 31657 28451
32398 28816 29514
27928 32471 30317
32767 28042 27412
31027 31651 29044
32792 27484 26840
27461 30751 32024
