58349 29651 3384
45613 42387 4877
55392 41608 4193
47609 48391 4672
55847 41153 4109
56327 38673 4112
56747 39253 3851
37378 54622 4175
51394 45606 4553
47071 45929 4795
56859 39141 3745
53300 43700 4425
47196 41804 4861
49208 45792 4714
46337 47663 4761
50108 48892 4263
44239 52761 4255
41695 53305 4354
58022 32978 3591
45241 41759 4882
48829 42171 4810
40588 54412 3980
36360 54640 4196
46086 51914 4239
45057 44943 4852
55506 40494 4220
47262 43738 4840
57103 37897 3798
40977 54023 4191
35075 54925 4137
48364 41636 4829
39773 54227 4217
40850 54150 4148
54171 41829 4387
57172 34828 3957
57614 32386 3830
45199 51801 4422
54667 42333 4299
37817 54183 4280
39912 53088 4449
54447 44553 4014
47232 50768 4377
46133 48867 4703
46855 51145 4351
52976 41024 4552
48249 46751 4730
46277 51723 4285
54989 38011 4374
39357 54643 4001
39062 52938 4480
49611 43389 4757
46553 51447 4324
47347 49653 4558
52933 44067 4458
56562 36438 4107
52480 40520 4607
39426 54574 4081
55768 38232 4253
36020 54980 4103
52646 46354 4210
50385 47615 4463
57000 38000 3868
56652 38348 4012
49757 46243 4660
40735 54265 4092
45672 51328 4462
34749 55251 3900
42994 51006 4626
54319 44681 4037
58303 30697 3335
41993 47007 4818
56341 40659 3900
42095 53905 3984
48156 45844 4766
55189 37811 4349
39835 51165 4651
56175 40825 3993
55623 41377 4153
40989 51011 4652
52806 39194 4586
55912 39088 4196
45530 49470 4683
47357 43643 4839
43234 49766 4708
46496 49504 4637
53713 45287 4127
55113 41887 4239
38456 53544 4400
44152 48848 4745
57769 35231 3564
50365 44635 4671
50537 46463 4583
52341 45659 4420
55091 38909 4351
56702 39298 3882
33740 55260 3939
47790 51210 3987
34916 55084 4067
48959 46041 4722
51072 43928 4638
42397 49603 4724
38109 54891 3980
50151 40849 4748
42875 52125 4518
54181 37819 4471
46178 51822 4270
55012 39988 4332
56289 35711 4178
33910 55090 4074
41112 51888 4580
44934 52066 4386
40623 52377 4533
39483 54517 4116
47237 48763 4667
58249 30751 3474
47288 42712 4852
49863 48137 4457
42164 52836 4434
47907 51093 4056
43864 45136 4861
58081 32919 3474
40309 51691 4604
39169 53831 4321
48224 47776 4680
42596 47404 4806
48132 48868 4582
45882 52118 4161
52143 46857 4238
43888 42112 4889
57179 37821 3744
49953 45047 4689
49118 49882 4228
57500 34500 3848
43610 52390 4432
45706 52294 4050
46285 44715 4839
48636 49364 4437
54924 40076 4342
45777 51223 4469
34412 54588 4238
56744 34256 4076
48326 50674 4161
52855 43145 4502
52263 40737 4621
50874 45126 4617
46440 46560 4793
57663 35337 3656
44875 46125 4828
35457 54543 4236
36685 53315 4449
40522 53478 4358
57835 32165 3742
49051 44949 4752
42637 53363 4274
55702 42298 3967
50256 48744 4266
43028 52972 4352
41971 53029 4402
47905 50095 4412
36036 53964 4357
57426 34574 3873
50181 46819 4591
30742 55258 3977
54703 44297 3903
45560 47440 4781
37840 53160 4465
40581 54419 3897
57446 35554 3813
56101 40899 4029
51784 42216 4625
46250 41750 4875
41437 53563 4305
38041 54959 3910
45935 41065 4880
53200 40800 4535
46756 44244 4840
48343 45657 4764
46299 50701 4503
46556 45444 4819
40492 50508 4688
44269 51731 4500
41764 49236 4745
37210 52790 4512
48679 50321 4191
44189 45811 4843
56540 34460 4124
42679 48321 4779
43427 46573 4829
57330 32670 3919
48785 43215 4798
44101 50899 4609
54551 44449 3976
55933 40067 4148
54054 38946 4481
45243 49757 4669
38786 53214 4447
57005 33995 4012
35179 54821 4173
58055 32945 3568
42163 53837 4054
55992 41008 4069
42835 53165 4320
41102 53898 4224
51194 47806 4265
57487 33513 3869
57785 34215 3672
52309 44691 4501
55598 39402 4250
55661 36339 4287
50846 47154 4462
56016 36984 4224
43939 53061 4133
38281 52719 4519
56816 39184 3788
43779 53221 3956
57390 36610 3745
57205 33795 3958
41335 51665 4598
58043 30957 3629
44810 43190 4879
53477 45523 4149
47040 44960 4821
35865 55135 3962
48470 48530 4591
57528 36472 3608
42375 53625 4174
49367 47633 4601
56986 36014 3991
55076 41924 4244
48763 47237 4683
53963 42037 4406
34066 54934 4147
53222 39778 4549
41328 53672 4280
45447 50553 4585
57864 34136 3615
56977 35023 4010
56351 40649 3890
46817 48183 4719
53776 38224 4510
57955 34045 3445
55168 40832 4274
43841 53159 4053
57246 37754 3588
43427 49573 4717
57890 33110 3674
34817 55183 3970
54169 43831 4270
43878 43122 4882
32626 55374 3861
52491 43509 4529
38432 54568 4154
47565 46435 4765
45043 50957 4557
55203 42797 4161
55890 38110 4233
47930 43070 4832
58134 31866 3553
31680 55320 3932
51488 47512 4261
56623 35377 4103
58160 29840 3550
56183 37817 4169
43324 47676 4797
49310 41690 4788
55462 42538 4096
42724 50276 4681
38972 52028 4580
57914 32086 3702
44438 47562 4796
58364 29636 3345
58035 31965 3629
51065 40935 4696
55388 42612 4121
44098 52902 4203
56393 40607 3843
36816 54184 4303
47311 47689 4725
38316 54684 4115
53904 45096 4108
57356 36644 3770
32694 55306 3931
57621 34379 3790
46131 44869 4838
35933 55067 4032
50336 41664 4731
52067 42933 4588
46762 43238 4859
49322 48678 4450
57231 35769 3913
52873 45127 4388
58214 31786 3352
58310 28690 3423
52103 44897 4515
54381 38619 4448
58384 27616 3272
44394 52606 4312
55241 40759 4263
56714 35286 4080
48848 43152 4796
38398 53602 4390
34173 54827 4180
58093 32907 3424
48992 48008 4597
41883 50117 4699
58211 31789 3484
52173 45827 4430
45436 51564 4444
51966 44034 4560
42560 43440 4883
55803 37197 4266
57872 33128 3685
39825 53175 4435
36586 54414 4252
39250 51750 4604
58099 32901 3322
55695 38305 4264
48181 44819 4794
46631 48369 4715
56169 39831 4095
43664 50336 4664
47943 44057 4819
53288 42712 4466
34155 54845 4175
53369 45631 4159
49311 44689 4746
45592 44408 4855
44924 49076 4721
31886 55114 4064
44742 51258 4535
55839 42161 3886
56401 39599 4040
45653 48347 4745
55128 42872 4171
57518 36482 3618
56987 37013 3951
56373 35627 4160
51855 46145 4442
48716 44284 4781
55730 37270 4277
49040 48960 4446
57112 35888 3951
56799 37201 4013
37467 54533 4197
52722 42278 4548
50663 43337 4683
41744 42256 4890
58053 31947 3618
52313 43687 4541
43930 44070 4874
44636 44364 4867
54263 40737 4417
47596 42404 4847
35227 54773 4185
42511 53489 4230
51027 44973 4610
55970 36030 4239
40866 52134 4557
47618 47382 4728
53633 40367 4499
54409 37591 4448
46670 51330 4338
