53814 61236 56590
58756 51776 46496
46917 54245 61035
47982 59118 60181
44775 56046 61041
57748 59121 48555
47617 65692 53727
58406 55855 49236
51969 64704 52608
55649 57149 56372
53958 63799 51779
54899 61177 55434
55933 61669 52322
54421 63213 52791
49884 56234 60297
52674 64171 53205
47257 63881 57114
52291 65118 48563
44389 53247 61267
46395 59105 60279
58006 57157 51561
48668 65329 54331
50032 65095 53853
51344 65037 52357
51389 65161 51596
52674 63673 54670
55495 59971 55422
48809 62274 58360
55200 58628 56482
47485 66309 50060
50411 61824 58283
53673 60005 57562
58286 55514 50712
52445 65019 49456
58415 54369 50418
55344 55860 56846
50698 65655 49327
54280 63778 50734
51989 59925 58759
55848 59979 54868
57372 57961 53163
50267 62650 57661
51075 56663 59864
46724 66205 52111
58245 57033 47953
50158 65805 49830
54445 61015 56088
56445 56435 55399
58400 56026 48353
44197 54286 61215
53963 60167 57224
47269 64475 56404
46226 58309 60557
56486 57497 55098
48502 58000 60342
47271 62530 58315
56259 59616 54364
46561 60089 59883
58267 56694 49334
58626 53758 48647
56221 61917 50908
57321 59451 51548
50122 60536 59172
57597 58613 51671
58055 56114 51990
51442 58480 59467
49510 65560 52877
45773 55931 61031
53417 63732 53169
48635 65953 52123
58030 57922 49766
58133 56943 50677
51814 62622 56820
57996 55069 52458
49181 59032 59953
46347 66386 49344
52777 56304 59011
54232 57248 57895
50286 61344 58680
56912 61184 49427
48700 63034 57755
52438 60857 57911
45916 63428 57536
58703 53041 46797
52360 65044 49671
47430 61475 59082
52476 64952 50254
56586 59726 53539
55403 62247 52704
53101 64619 50505
50497 65722 49003
48910 60335 59582
49461 63313 57307
51676 63606 55896
46119 58852 60372
45681 66426 49905
48959 57300 60398
45174 55186 61140
54581 57012 57613
48745 65707 53041
53038 59468 58312
51065 55885 59952
57884 58601 49113
56882 60253 51762
52955 60495 57838
45759 55608 61070
47974 60062 59805
45816 61463 59130
51727 57207 59541
56060 62264 49590
49603 61083 59055
52170 56832 59397
50889 56292 59981
45904 57768 60701
51726 58345 59390
54362 61336 55879
50326 63789 56503
45355 54201 61188
54815 56362 57477
58733 51671 47054
56467 60148 53366
57333 60260 49642
51986 65230 48935
50700 63299 56841
50638 61811 58206
50016 63081 57363
54561 60078 56700
56789 61369 49284
55026 62156 53729
51096 62398 57466
56622 56641 55100
56979 60805 50269
58420 54228 50416
49134 54584 60546
51364 65438 49376
55649 55748 56474
43934 53718 61256
54298 63091 53335
51102 59943 59097
55736 62324 51496
45919 59732 60050
58077 56839 51295
53957 60687 56867
48792 66057 51000
58771 50506 44775
51476 65418 49014
52145 64857 51672
53725 60445 57284
52261 65077 49797
48700 64412 56184
51673 64700 53090
54640 58782 57085
48754 66083 50768
58526 53053 49709
50093 61945 58303
50270 65785 49468
54784 57415 57347
49156 65804 52101
50504 65377 52130
57851 58164 51161
46944 57719 60642
55009 63282 49751
58650 53710 47841
53124 59667 58157
56681 61075 51060
49554 57186 60278
51780 65164 50622
48530 66168 50290
55479 61057 54483
51066 58810 59503
50529 63804 56340
52964 62223 56323
45723 66395 50752
52252 63648 55261
52183 64997 50787
51754 58994 59220
55991 56273 56053
45409 56704 60914
52570 58554 58882
50123 64813 54580
46979 64970 55652
49433 65182 54167
55879 56610 56168
58384 56194 47855
47551 58473 60415
50965 57178 59848
52041 60365 58481
57891 57717 51541
52298 62336 56739
53534 64360 50323
45719 56885 60878
58154 57125 50156
53465 63451 53958
52465 65007 49538
46824 66252 51775
48812 54790 60624
57250 60588 49007
58594 54530 47886
58316 54052 50930
53832 62248 55481
52801 64049 53363
57625 57248 52950
49805 65862 50316
58430 55807 48430
54226 63355 52771
43425 53227 61281
57416 59359 51344
47516 58793 60350
47917 55741 60808
50605 56427 60058
56830 59826 52675
48435 62764 58022
50810 65635 48965
48123 61850 58826
58559 54279 49185
53285 64575 49856
51604 65178 50997
46633 66065 52837
57815 56508 52857
48940 64101 56587
45914 63683 57300
48682 55594 60644
51425 64869 52862
49900 65653 51664
52994 57997 58783
51534 65093 51667
51303 61054 58416
51043 57496 59779
50754 65520 50751
54210 63540 52096
46564 61766 58905
44723 52180 61282
46769 65374 54802
58245 55434 51128
48839 63804 56937
45597 65834 53752
49328 65926 50881
46023 62614 58284
48711 66134 49670
42465 51847 61306
50505 64379 55345
58678 52878 48095
50161 57940 60051
49387 65438 53421
53309 63102 55091
55133 57179 57065
55448 62898 49283
47662 66164 51995
58211 55428 51326
54355 63760 50362
52732 61981 56740
53232 58731 58393
45929 66374 51187
48622 65585 53585
48237 66157 51022
50603 61478 58490
54978 63071 51385
53427 63646 53429
45844 60885 59474
58676 53511 46354
48257 63557 57298
57801 58929 48478
54093 58690 57711
58330 56352 49156
43094 52642 61292
52492 61119 57692
47307 66291 51227
53311 61116 57101
56045 58994 55156
55325 62964 50493
56705 57849 54514
56858 57771 54263
57203 56105 54335
51962 62031 57294
47435 63088 57838
57766 55313 53153
49435 61975 58495
58338 56472 47852
58708 52684 47364
49017 64466 55987
58199 57311 47950
58164 56182 51164
49644 64855 54862
55581 57741 56339
53640 64009 51793
58230 54291 51351
57441 58554 52297
57608 55953 53424
47822 54459 60877
55362 61692 53835
58484 54196 49863
48277 65232 54720
47488 65685 53810
48600 59730 59849
47343 57248 60707
55930 62405 49966
47512 61002 59367
48038 60501 59588
46937 65595 54203
47378 61035 59360
51275 61682 58035
46153 66289 51665
47257 60043 59897
54557 63611 50227
46147 66385 50529
56828 58461 53981
49779 59311 59744
48064 66232 49565
57680 55072 53359
46909 58039 60577
47777 66241 50948
57961 54789 52642
50458 55131 60179
50549 65501 51369
55448 62076 52910
50354 60147 59268
46852 66344 50696
57675 58906 50921
54629 62104 54562
58289 56257 50013
51925 59511 58950
49569 64633 55439
48317 64377 56342
55526 62369 52160
51794 64423 53858
47563 66276 50801
58679 53055 47905
53852 64001 51161
52816 62814 55849
53601 57469 58397
55334 55692 56859
48094 65003 55322
56730 59128 53786
56393 61854 50045
52463 64498 52510
56670 61484 49798
50949 64480 54744
51106 64916 53180
57182 59007 52720
46103 66401 49962
47598 64954 55569
53203 64636 48984
46598 60907 59458
58118 56919 50879
46712 53506 61081
48327 64835 55574
46349 59212 60240
54214 63960 49247
57674 57843 52211
57879 58353 50325
49379 65802 51686
46998 64915 55767
55249 59606 56024
49467 55158 60444
58766 50316 45683
47266 58947 60328
53439 56481 58522
47953 66135 51799
49505 65973 49765
46072 53524 61148
54814 59526 56606
54533 60729 56232
56564 58324 54538
48466 56780 60564
47694 66070 52437
46685 65929 53287
54503 62721 53655
46230 60337 59763
48879 65002 55026
47297 66118 52465
49986 65039 54069
58760 51815 45626
