38488 50512 4911
46396 42604 4593
43773 43227 4861
36387 48613 5014
40284 43716 4987
34082 54918 4429
49725 35275 4162
32746 54254 4719
49353 37647 4057
34155 53845 4754
37408 44592 5024
36507 53493 4712
36028 53972 4579
38661 47339 5003
40543 45457 4979
48249 40751 4181
41850 49150 4720
34004 54996 4323
43824 45176 4787
39779 46221 4993
49075 37925 4271
30546 55454 4439
40302 44698 4986
49987 34013 4047
45073 43927 4706
43605 44395 4843
38389 52611 4643
34486 52514 4870
49697 35303 4179
38173 48827 4988
47454 42546 4185
49705 34295 4204
33682 54318 4699
49331 35669 4291
36614 51386 4915
40388 47612 4952
35436 52564 4856
37557 51443 4887
45752 41248 4717
43262 44738 4861
48126 37874 4479
47942 41058 4352
50056 32944 3994
42038 45962 4917
36452 52548 4837
43474 44526 4850
44566 45434 4676
37365 46635 5024
48271 40729 4139
42165 49835 4428
49553 36447 4189
42933 46067 4838
41196 45804 4958
47143 42857 4347
40704 46296 4967
36697 49303 4997
48057 40943 4316
41608 48392 4832
33898 54102 4730
38899 45101 5015
48166 40834 4246
34273 54727 4554
32962 54038 4750
39494 48506 4961
49617 36383 4128
48230 40770 4198
47292 38708 4575
45957 45043 4331
43423 48577 4350
45594 45406 4410
32758 55242 4397
44472 43528 4789
46429 40571 4659
29484 55516 4360
46029 44971 4314
40960 50040 4746
38156 44844 5020
42256 45744 4909
31568 55432 4421
45801 45199 4367
49351 36649 4263
38128 49872 4958
50073 32927 3964
43489 47511 4645
40804 48196 4913
31721 55279 4481
38634 52366 4671
32816 55184 4444
46715 42285 4557
30485 55515 4360
47784 41216 4398
40702 44298 4977
47154 40846 4562
47071 38929 4599
49848 35152 4085
36365 50635 4962
43326 43674 4881
41818 44182 4943
36723 53277 4743
46927 40073 4609
30499 55501 4419
33684 53316 4811
42613 47387 4796
42725 49275 4445
35091 53909 4734
47393 42607 4230
49181 37819 4239
47035 42965 4369
32436 54564 4670
41709 47291 4894
38026 52974 4533
48992 37008 4361
35943 51057 4945
39280 49720 4919
48934 39066 4091
45486 45514 4432
46321 43679 4493
45358 42642 4732
43245 48755 4385
44141 41859 4835
47413 41587 4462
38305 46695 5014
37900 47100 5016
43514 46486 4744
45749 40251 4718
39260 47740 4986
37643 45357 5023
45171 41829 4761
48512 39488 4342
36923 46077 5026
44346 46654 4588
42098 43902 4932
32879 55121 4481
42742 43258 4906
32082 54918 4587
42828 46172 4844
36197 47803 5025
35815 54185 4466
36235 53765 4660
48572 38428 4406
45719 43281 4651
45623 44377 4588
50098 30902 3868
46035 41965 4674
50091 31909 3916
48762 39238 4273
34058 54942 4411
48905 39095 4169
49589 35411 4220
39143 48857 4961
49297 37703 4165
37842 52158 4801
44866 44134 4722
48464 38536 4428
42968 48032 4672
48096 40904 4297
38102 50898 4904
46398 43602 4480
45200 44800 4626
34897 52103 4894
49863 34137 4144
40582 49418 4846
44504 44496 4745
36001 52999 4809
38717 51283 4834
44866 46134 4528
36069 45931 5029
33020 54980 4534
48315 39685 4387
49242 36758 4295
48828 39172 4234
48207 39793 4409
48804 38196 4350
40682 49318 4846
35780 50220 4982
47473 40527 4526
40471 43529 4983
32750 55250 4388
42457 48543 4697
39193 51807 4715
41433 43567 4955
42053 42947 4934
49667 35333 4194
47489 39511 4548
49924 34076 4099
30573 55427 4448
40900 47100 4942
40960 49040 4843
46190 44810 4257
40489 44511 4982
36688 45312 5027
34971 53029 4822
40412 50588 4758
48395 37605 4443
36793 48207 5020
40418 48582 4916
39908 47092 4981
49623 36377 4117
43798 46202 4726
42163 47837 4814
42141 44859 4927
39509 50491 4842
50092 31908 3880
47676 41324 4420
