59045 59909 61955
60925 58366 62354
61246 54980 63653
62527 55336 62956
60261 50995 64622
69297 49832 52000
67337 57027 56280
62264 53726 63576
57103 56302 64371
57680 61803 60213
57064 52765 65163
68212 54632 56616
60597 62195 56905
64671 59301 58667
59939 62516 56555
56898 63040 57766
59548 61540 59852
61315 56306 63136
59925 57734 63065
68666 54011 54409
58966 62064 59139
60627 61189 59733
62417 50382 63871
62235 57246 62353
58127 53518 64809
67805 56457 55169
60106 62134 58006
56516 54221 65014
59493 62932 53709
63175 59414 60381
59576 59181 62384
63082 57944 61593
64061 58838 60187
60597 52225 64372
57037 62678 58675
64854 59251 58367
68614 52693 56336
64576 59810 57111
68770 53912 53103
63735 59945 58908
57309 54209 64863
64266 58807 60028
61929 61140 58605
56166 63804 53584
55489 59277 62985
54620 49307 65950
56165 63453 56615
52475 52022 65866
59544 62459 57501
56260 61165 61179
58936 56464 63911
54717 63924 53406
69145 51946 53210
68268 54021 56975
67624 56184 56685
60796 61737 58379
65950 58831 55351
63866 60628 54272
68601 54468 53977
56520 62838 58369
66738 57986 55276
60522 62443 55705
68645 54133 54368
62452 59965 60352
57536 60519 61807
65406 54929 61316
62254 58413 61712
57268 49559 65466
59458 62780 56092
63191 59867 59856
56236 61761 60399
65629 56872 60137
67817 54001 58274
57730 59344 62764
58083 55110 64510
66103 53269 61064
56745 63584 55300
55570 58142 63739
63294 61008 55571
65526 55922 60746
64734 55581 61573
53906 50845 65920
58564 52112 64936
62122 58319 61831
60819 54217 63989
62233 52845 63743
68518 53900 55820
58791 63172 54449
56942 63470 55836
59282 56194 63912
55230 51717 65631
57273 62675 58611
58424 63152 55694
68188 55293 55913
65753 55988 60518
52627 49071 66072
61545 58871 61742
66299 55649 60099
56509 62959 58041
59258 62609 57277
64553 58406 60100
67337 53640 59357
61873 60681 59690
63802 60207 57961
59229 61379 60294
63393 55266 62543
66303 58221 57235
61084 62118 56210
62561 51372 63784
61165 58695 62041
60634 59779 61436
58920 62297 58542
63560 50476 63278
55479 63875 53829
66222 56073 59964
66850 57827 56193
61753 57897 62235
63743 55748 62156
64429 58170 60422
57397 58300 63449
58999 62631 57473
66175 52238 61125
57149 47911 65501
68457 52937 56893
56141 63019 57910
58999 51555 64904
63971 59009 60119
53334 53418 65552
56667 63664 54817
68317 54489 56229
65612 57761 59483
57131 63326 56441
53235 51533 65876
60837 62056 57136
53844 51821 65776
65884 58185 58585
61024 51897 64284
65705 57028 59966
68076 55947 53769
57284 62554 58939
63819 54516 62547
68008 54499 57526
55828 52536 65417
61410 51656 64192
59203 62943 55710
53806 55853 64868
68004 54730 57348
68618 52223 56463
66365 55379 60115
69032 51625 54337
65950 56908 59788
64456 54616 62127
68941 53238 52556
66051 57043 59538
65872 58712 56875
58328 60074 62032
66464 55980 59748
58537 50248 65124
68190 53763 57445
59459 49250 64913
62121 61539 56725
56938 59789 62539
62764 59334 60720
66363 57378 58621
58996 50851 64969
66680 54374 60080
61382 60171 60751
65471 57715 59752
53503 49309 66044
56916 49371 65548
66711 55394 59687
53875 51176 65876
54269 55006 65100
53346 54567 65251
60261 62620 53754
58886 60914 60985
61098 50760 64373
67828 53466 58498
60197 61273 59872
68435 54975 53593
56791 48386 65582
61408 58359 62146
66791 56905 58247
62493 60927 58372
63139 60285 59113
60779 54865 63858
62403 56811 62499
67461 55116 58391
59246 49743 64955
58437 61824 60069
63822 60631 55364
69249 51080 52306
55857 63523 56410
65743 58139 58854
58442 50983 65099
56541 61688 60479
60216 58824 62384
57567 61468 60681
66503 56699 59107
57271 63532 55056
65778 53696 61292
68583 53702 55634
56581 63322 56951
57389 51638 65261
65803 58403 58181
56298 47773 65690
66011 58677 56319
63006 54529 62992
61971 61771 55388
65392 52686 61910
56992 63646 54374
66785 57926 55693
56504 63453 56357
55194 48167 65877
55948 57788 63895
64995 56396 60953
54015 56453 64618
54828 52486 65567
64183 60145 56910
66047 51582 61279
67282 54367 59213
69402 48968 49833
63706 52824 63043
57929 62837 57872
63459 59864 59572
62865 51500 63651
52587 50749 65977
65713 52722 61561
58227 56922 63941
54595 57612 64024
62682 59044 61017
59947 60408 61158
67500 55835 57750
69185 51205 53144
62473 54326 63326
66362 56653 59376
62980 60850 57677
55225 49658 65831
68461 52467 57020
64134 58372 60513
61994 55133 63290
67490 54922 58446
59303 52362 64717
56505 52470 65318
65147 54822 61550
61820 51749 64031
60112 55659 63826
60094 53139 64394
59424 62924 54597
64045 56473 61703
66500 57774 57694
66228 52519 61029
64600 55822 61568
63695 55991 62090
68776 52206 55716
59835 61634 59508
68369 54388 56059
59940 60849 60627
67221 55615 58588
55534 63370 56875
63508 52247 63272
63792 51475 63152
68818 51877 55573
55778 56161 64617
66689 53066 60373
64427 59579 58455
61765 53502 63827
55767 48913 65778
57637 63019 57499
62907 61021 57284
64502 57349 60846
67697 53922 58589
57952 63439 54334
58797 62741 57284
55613 49199 65796
61137 61585 58380
67769 51616 58663
54707 63507 56468
55276 55684 64850
59929 50588 64735
68276 55406 54577
54817 48827 65930
58816 62933 56513
63201 61096 55318
64916 59815 55269
65842 54773 60956
56897 60307 62038
59579 58982 62536
58835 53788 64613
55621 63827 54707
64423 59742 58007
68345 55049 55356
64883 57321 60566
58409 52813 64870
66302 54306 60567
61962 60756 59495
55304 56130 64672
68882 52669 54794
61156 61749 57851
60995 58721 62103
65551 59200 55856
69340 49988 51155
59095 49338 65012
68854 52719 54920
68699 54114 53646
63900 59409 59826
68282 53404 57363
55871 48101 65778
67794 56578 54841
66337 58421 55748
65150 57679 60101
59997 59568 61893
67523 56959 55194
61891 60494 59984
63053 54207 63057
55494 48761 65831
62269 61654 54270
61374 60541 60283
62040 59873 60712
69033 52758 52996
64199 57864 60785
64724 54347 62025
56404 57381 64058
67099 56270 58222
66307 58477 54916
55999 62814 58449
65074 52911 62201
63092 59028 60763
55353 51033 65694
58714 48992 65129
65244 58145 59599
67576 53347 58977
64349 55693 61800
65004 59634 56186
58188 62815 57676
61295 52528 64113
55297 49241 65851
67192 56931 57066
65792 58524 57853
54662 49547 65928
58110 50576 65212
55225 54169 65202
57805 63293 55885
61071 62266 54188
60592 61565 59096
57603 51132 65279
58659 58042 63319
62747 52287 63617
55528 52605 65454
67589 53759 58878
61432 59331 61486
68064 55552 56004
54448 56513 64578
59366 54546 64310
65235 59189 57316
60751 61962 57664
62184 53914 63573
54530 55229 65025
59278 62695 56910
64779 54919 61792
68767 53023 55191
65417 59324 55981
64169 53080 62723
56353 48409 65677
63084 57878 61626
68494 54561 55117
56527 62533 59083
66906 54552 59716
66652 52957 60444
51711 50511 66005
69023 52442 53812
59565 59493 62120
54883 50596 65803
62507 61444 55776
60766 52404 64295
60634 57276 63035
60809 53706 64097
67765 55023 57728
60541 50188 64568
60456 59153 62071
63013 53589 63222
61894 59464 61165
69052 51951 54025
68150 55748 54383
66634 55818 59552
69403 48728 50732
61757 54242 63661
67377 52099 59463
57481 49066 65424
69162 51883 52732
58055 62187 59465
57149 62230 59705
67307 54965 58802
55266 63765 55471
57416 50692 65360
67665 56345 56190
55612 53100 65353
54256 54509 65241
60220 59091 62220
61126 61706 58052
68402 55041 54677
56841 49887 65554
61577 60080 60754
62271 61308 57707
62914 56073 62507
