60271 40729 5074
47121 54879 5766
56602 46398 5607
56877 47123 5544
47994 57006 5412
54170 43830 5813
44727 54273 5850
51308 46692 5914
47146 52854 5883
45526 52474 5917
57802 48198 5166
39560 59440 5446
45509 58491 5339
59176 41824 5370
42046 59954 5207
45253 56747 5667
51836 54164 5489
54443 49557 5664
48217 50783 5933
46774 53226 5874
54723 48277 5699
48358 53642 5810
58522 41478 5474
55126 42874 5763
50512 55488 5396
46197 54803 5801
52733 48267 5820
56270 45730 5650
40266 58734 5530
58735 46265 5161
60994 36006 4871
53673 49327 5738
47234 49766 5976
57662 45338 5514
50143 53857 5683
49725 53275 5764
58202 43798 5481
51021 48979 5887
42441 59559 5336
39766 60234 5304
49205 53795 5750
49526 48474 5950
53372 52628 5515
59904 41096 5205
44995 54005 5861
43372 59628 5074
40481 60519 5096
60490 37510 5095
40895 60105 5260
42127 59873 5239
35995 61005 5143
43509 56491 5723
45320 55680 5754
52749 46251 5854
47795 57205 5384
47016 57984 5102
50637 51363 5826
50725 46275 5940
50973 54027 5600
60627 37373 5048
56017 48983 5542
46206 50794 5964
46090 53910 5855
61143 33857 4622
55110 49890 5585
61034 34966 4860
60833 38167 4909
54594 52406 5131
46083 52917 5897
53314 45686 5834
56795 42205 5652
45988 52012 5929
54446 42554 5801
50788 53212 5700
44914 57086 5641
48821 49179 5958
60471 40529 4943
59677 39323 5305
43428 59572 5159
45172 57828 5547
48134 55866 5601
43496 59504 5235
37270 60730 5205
49458 47542 5965
46838 47162 5998
51188 49812 5856
35660 61340 5021
45133 58867 5071
59176 43824 5284
45719 54281 5841
44706 52294 5923
42664 54336 5848
40468 59532 5424
59223 39777 5381
60491 40509 4862
54608 46392 5757
38066 59934 5373
50711 55289 5424
54719 45281 5769
61126 32874 4748
54576 50424 5604
47461 55539 5684
41922 58078 5601
44517 58483 5456
35578 61422 4968
56207 48793 5528
51209 54791 5467
60820 36180 4976
60458 39542 5046
53083 49917 5750
59323 43677 5244
57984 44016 5506
50643 52357 5775
43705 57295 5652
49923 46077 5967
48847 56153 5504
52949 51051 5707
42888 59112 5426
58709 44291 5375
59253 44747 5121
35792 61208 5081
57197 47803 5444
42650 59350 5386
35610 61390 4992
48689 47311 5986
54119 48881 5722
38583 60417 5272
50815 45185 5944
48320 49680 5960
53537 50463 5693
53476 47524 5797
56980 49020 5354
52374 44626 5891
54528 43472 5795
54837 51163 5486
38804 60196 5320
61071 35929 4789
40499 60501 5108
44494 55506 5785
41207 58793 5521
45093 54907 5815
45257 58743 5232
51312 52688 5708
43573 55427 5800
50260 50740 5869
55080 47920 5684
42520 56480 5728
59328 44672 5070
56631 41369 5667
58781 45219 5287
53848 45152 5815
42311 56689 5712
49708 56292 5280
52352 43648 5897
45820 58180 5403
48524 55476 5620
51256 50744 5821
57830 46170 5447
47487 52513 5891
34421 61579 4903
35513 61487 4904
61167 31833 4630
58393 40607 5503
39335 60665 5159
59823 40177 5256
57450 46550 5493
58084 45916 5407
43241 57759 5613
53385 49615 5744
41947 59053 5473
57635 40365 5579
52128 49872 5808
37864 61136 5057
53812 48188 5762
56235 49765 5427
53725 46275 5806
45085 55915 5741
43718 58282 5545
50324 49676 5900
57452 47548 5409
37832 61168 4992
59775 43225 5040
45911 55089 5786
47086 53914 5839
41904 60096 5034
59576 43424 5163
60902 38098 4837
58081 42919 5511
48522 54478 5729
56100 44900 5679
58599 40401 5477
60130 37870 5196
59654 41346 5263
58396 46604 5238
49349 45651 5981
46844 51156 5947
44957 55043 5809
47922 52078 5898
60260 38740 5155
38132 60868 5140
52124 45876 5888
49178 52822 5829
56165 46835 5634
60709 38291 4975
54779 44221 5776
60342 40658 5037
61157 32843 4664
55271 45729 5727
59754 42246 5193
60179 41821 4934
48465 49535 5960
60100 41900 5030
52635 52365 5628
57886 48114 5133
39187 59813 5393
59175 42825 5332
56835 45165 5613
50606 54394 5586
58242 45758 5381
53849 53151 5204
49387 55613 5534
34605 61395 5024
59646 42354 5222
47076 57924 5187
48682 46318 5990
57371 48629 5280
41441 59559 5397
58423 42577 5473
53232 44768 5850
61057 35943 4816
48772 51228 5904
51694 52306 5710
46349 56651 5628
59900 39100 5248
57893 48107 5103
52058 51942 5711
56069 47931 5596
50224 47776 5938
58422 44578 5421
60556 39444 4993
48863 50137 5937
47226 56774 5550
53237 50763 5701
46360 57640 5480
37534 60466 5264
42783 59217 5409
51785 45215 5909
41949 60051 5136
33406 61594 4906
59430 44570 4981
60782 35218 4991
61118 34882 4711
54889 49111 5648
44154 57846 5580
51944 51056 5769
52861 49139 5791
49231 49769 5933
60353 37647 5139
58228 46772 5274
43824 59176 5333
39186 60814 5086
41163 59837 5337
57242 46758 5517
48881 55119 5636
52665 51335 5709
60148 41852 4989
57239 44761 5579
52908 44092 5872
45352 53648 5874
56371 43629 5678
43155 54845 5826
51067 44933 5937
43514 58486 5522
42698 57302 5661
47874 54126 5798
37013 60987 5134
41574 59426 5420
51763 46237 5900
46692 55308 5746
40761 60239 5214
55761 43239 5727
59398 42602 5286
53207 51793 5627
57447 48553 5263
59939 42061 5114
46998 56002 5663
35593 61407 4982
32347 61653 4877
33273 61727 4799
40899 59101 5482
51799 44201 5915
59800 43200 4976
59698 43302 5098
41560 58440 5561
59130 44870 5189
58770 46230 5084
54692 44308 5780
57076 45924 5568
45186 51814 5937
54795 47205 5727
47759 46241 5997
45688 55312 5774
53248 48752 5780
59100 43900 5301
46561 49439 5982
59004 44996 5230
53583 43417 5842
52416 49584 5802
57508 43492 5570
53957 51043 5623
54346 47654 5743
58472 46528 5221
55628 45372 5707
60922 36078 4915
48562 48438 5975
60591 38409 5036
58709 45291 5301
45899 56101 5706
47281 53719 5844
42028 59972 5195
46169 55831 5721
60360 39640 5094
47320 51680 5926
50933 52067 5777
60651 39349 4939
36665 61335 4917
39142 60858 5011
59450 43550 5204
55327 42673 5752
48983 55017 5640
60309 39691 5118
56499 48501 5506
49196 56804 5151
60471 38529 5084
48198 52802 5867
41359 57641 5637
59047 40953 5399
60540 38460 5060
46295 52705 5903
52587 53413 5504
55496 47504 5665
43914 57086 5668
45213 58787 5178
52237 48763 5834
49350 54650 5654
44969 53031 5899
51694 53306 5617
48568 52432 5869
53191 46809 5825
57648 41352 5576
47198 50802 5953
47410 56590 5562
47764 51236 5930
43255 52745 5909
56978 43022 5629
60842 37158 4934
39236 60764 5115
47120 57880 5241
49280 50720 5907
50353 51647 5828
46627 54373 5822
53936 52064 5509
34355 61645 4811
52201 47799 5859
37741 60259 5307
61091 34909 4814
61140 33860 4693
60179 41821 4901
58297 44703 5441
59600 40400 5302
42490 58510 5539
