32021 30979 3984
36159 28841 3887
40890 23110 3124
40848 23152 3198
33778 29222 4002
35010 31990 3621
32863 30137 3996
41518 19482 3033
39038 26962 3514
40359 24641 3249
36265 27735 3912
39527 24473 3553
34079 28921 4000
27470 36530 3492
35091 31909 3620
28622 35378 3748
31753 29247 4018
27574 35426 3755
28933 36067 3458
39244 25756 3575
38884 27116 3539
30794 34206 3796
41577 19423 2899
38279 25721 3713
35999 31001 3596
27789 36211 3596
30156 31844 3963
38934 26066 3622
33531 33469 3454
31515 32485 3938
39468 26532 3417
38581 27419 3582
30881 35119 3494
28129 35871 3670
25414 36586 3580
36577 29423 3777
37257 28743 3722
34811 28189 3978
23664 37336 3411
23459 37541 3258
35855 30145 3810
31711 31289 3978
36561 27439 3892
33001 32999 3789
38000 27000 3731
38246 27754 3628
25961 37039 3425
38043 25957 3741
40293 22707 3409
31506 33494 3847
32333 29667 4012
26373 36627 3565
40526 23474 3338
41430 20570 3059
24884 37116 3474
31228 33772 3829
36560 30440 3579
30975 35025 3575
30893 35107 3511
32439 28561 4019
35683 28317 3951
31983 34017 3719
31843 30157 4003
29101 35899 3543
30811 33189 3912
31825 32175 3944
39760 25240 3482
33261 32739 3806
33676 33324 3497
37948 29052 3410
32307 32693 3879
29216 35784 3577
30837 33163 3913
30244 34756 3748
30685 32315 3949
41113 21887 3191
37749 27251 3760
27227 35773 3711
36322 30678 3361
41594 18406 2939
39921 25079 3440
29614 34386 3846
26156 36844 3512
41577 19423 2913
32693 28307 4018
41606 18394 2882
39158 26842 3492
28758 34242 3865
37935 29065 3441
26611 36389 3612
40673 23327 3294
30133 33867 3878
31411 34589 3652
25099 36901 3528
37546 28454 3698
40493 22507 3367
41257 21743 3083
37244 27756 3809
33718 32282 3814
31600 33400 3852
34553 32447 3613
40217 23783 3415
41160 20840 3196
36957 28043 3831
33049 30951 3962
37699 29301 3507
40319 24681 3320
39600 26400 3340
27417 36583 3448
31142 34858 3617
28922 34078 3876
34845 29155 3958
37144 29856 3549
28006 35994 3649
35093 29907 3903
33992 30008 3965
23508 37492 3344
33411 30589 3965
41440 20560 2938
28313 34687 3830
22370 37630 3265
32033 33967 3724
26877 36123 3655
35292 30708 3815
31591 34409 3674
22462 37538 3343
40876 22124 3265
33956 33044 3578
29618 32382 3948
27325 36675 3370
32593 30407 3994
21309 37691 3214
37130 26870 3845
32929 32071 3892
32519 29481 4012
41634 17366 2848
34205 30795 3909
29622 35378 3676
24667 37333 3385
31496 28504 4023
28916 36084 3409
37957 28043 3658
41605 17395 2914
20295 37705 3079
39560 25440 3524
31818 33182 3863
29802 35198 3698
29831 33169 3924
38728 25272 3658
