33692 45308 4714
31740 46260 4626
47234 36766 4476
41317 43683 4601
36824 44176 4752
48582 34418 4223
33453 46547 4557
43721 38279 4750
36927 46073 4479
39540 40460 4865
43153 39847 4752
48179 34821 4356
43226 37774 4779
39699 42301 4799
45222 38778 4653
30498 47502 4310
37553 44447 4707
46058 38942 4528
46833 38167 4357
45273 39727 4600
40994 40006 4844
40095 42905 4745
50176 28824 3957
37859 45141 4626
44895 40105 4627
38374 43626 4752
38799 41201 4862
37837 42163 4848
33407 44593 4771
44048 41952 4512
49344 31656 4177
43404 40596 4713
46630 38370 4441
48646 33354 4312
41886 39114 4824
35214 44786 4740
35615 46385 4481
30587 47413 4354
32904 47096 4375
43067 42933 4444
42195 41805 4722
29291 47709 4213
48668 33332 4307
43275 38725 4768
48304 33696 4382
47908 35092 4410
49235 30765 4247
50373 27627 3907
29840 47160 4464
31023 46977 4507
44095 37905 4734
39576 44424 4626
50257 28743 3800
34301 46699 4473
38378 45622 4370
40347 44653 4497
50140 28860 3974
41450 40550 4815
40252 41748 4805
32818 47182 4266
34061 46939 4325
30070 46930 4522
36819 46181 4407
33289 46711 4520
39839 42161 4801
49117 30883 4268
47575 35425 4469
35330 45670 4655
49566 30434 4171
48652 34348 4111
50526 26474 3831
37791 45209 4619
41793 41207 4775
35942 46058 4572
48675 34325 4073
45583 38417 4633
28579 47421 4388
49127 31873 4262
38586 44414 4675
40358 40642 4842
40244 43756 4665
50660 23340 3586
34783 45217 4710
33823 46177 4617
48871 33129 4258
26082 47918 4055
41324 38676 4854
44082 39918 4697
37164 41836 4870
42943 42057 4652
34240 46760 4451
40734 43266 4688
37172 45828 4537
49653 31347 3992
45858 37142 4636
32408 46592 4573
44257 36743 4736
44431 36569 4727
39036 44964 4580
50582 26418 3782
46595 36405 4587
36282 45718 4619
42950 37050 4795
50242 28758 3870
32869 47131 4343
32884 47116 4358
46524 38476 4464
43753 41247 4653
32963 46037 4652
36123 39877 4900
41701 41299 4776
42565 41435 4722
31631 47369 4254
39401 43599 4723
50470 27530 3796
40550 44450 4524
45760 38240 4622
46666 37334 4543
29609 47391 4394
36638 43362 4814
36453 44547 4732
49555 31445 4085
47814 36186 4345
28243 47757 4246
45497 37503 4656
25025 47975 3977
43184 40816 4716
39341 39659 4878
46366 38634 4489
48821 32179 4319
40523 40477 4843
38256 39744 4890
49166 32834 4104
42032 42968 4638
50641 25359 3627
35439 46561 4396
49089 32911 4197
38678 45322 4537
38127 42873 4806
36397 42603 4856
40485 39515 4863
33994 47006 4254
50592 26408 3763
48979 33021 4228
50640 25360 3729
49169 32831 4078
39126 44874 4589
34536 46464 4531
39287 41713 4835
42724 40276 4761
50225 27775 3965
30474 47526 4268
50429 27571 3858
49746 29254 4119
47173 34827 4542
43060 42940 4440
30433 47567 4158
49887 30113 4007
34352 44648 4763
50152 28848 3969
42918 40082 4758
47627 36373 4399
33144 46856 4487
39412 44588 4615
32788 47212 4219
31942 47058 4468
44586 39414 4679
46779 38221 4396
46749 38251 4410
44136 40864 4647
35703 43297 4834
45376 35624 4675
30835 47165 4455
47977 36023 4279
42930 38070 4791
47964 34036 4450
46263 38737 4504
36887 45113 4667
46390 34610 4602
32218 46782 4531
49943 30057 3946
43396 36604 4777
31657 47343 4295
36255 43745 4800
37438 45562 4582
40822 42178 4767
45142 40858 4498
44652 36348 4715
38515 45485 4489
37110 42890 4829
36650 41350 4886
37028 39972 4899
40180 38820 4869
27117 47883 4094
40242 44758 4476
28355 47645 4313
36246 40754 4894
34909 46091 4611
31106 46894 4529
41299 42701 4705
50213 28787 3934
37480 40520 4892
35171 43829 4808
50577 25423 3788
48446 34554 4298
37911 39089 4895
