78388 77697 86852
77499 86442 82348
88454 76679 80633
89480 78007 76762
84388 82341 82942
77962 71480 88039
85460 86709 75574
74887 83248 84949
90043 74318 74355
82935 83310 83096
84536 86942 77548
74639 72824 88504
73375 91025 69649
82382 81363 84437
84914 87388 74308
79254 90387 71940
72772 76270 87836
73509 80158 86445
87587 79062 81223
88286 76951 80878
83613 85795 80667
90216 76668 69836
82597 86205 81047
87892 83563 74235
80749 83481 83782
77788 90359 75028
82937 78231 85376
81374 82759 84027
90068 77671 72150
73497 83785 84669
81774 82049 84306
76962 89116 79122
83975 81774 83523
74474 83783 84651
80373 84311 83357
73645 76133 87865
83613 77607 85250
76516 76375 87518
87945 78327 80983
73993 90860 72949
86388 84766 77728
89853 78050 74268
84307 88008 73393
83475 86459 79879
87034 79064 81932
83556 88522 73749
86128 83898 79756
80234 75613 87064
84793 86395 78327
85981 84754 78834
88693 75401 80300
89571 76575 77045
76469 84669 83937
79108 90127 75207
74698 70042 88735
84295 87852 74890
80719 86013 82022
80392 87561 80514
72475 74811 88270
83585 74110 85611
84033 80720 83991
84598 87824 72258
88921 78697 78459
79857 83775 83857
85052 76970 84382
83628 88461 74055
82782 89031 72666
82364 84673 82410
80107 82453 84617
78080 72163 87956
78221 82087 85165
81279 89661 74314
79534 87618 80676
72306 79839 86569
74577 71452 88666
72941 76837 87649
73792 80884 86132
80571 89191 77341
82791 74026 86106
76537 90832 70600
83304 82251 83589
80465 89941 73833
89325 80596 72369
80387 90053 71223
74598 88410 80296
88456 79282 79535
72160 91017 70091
74765 90646 74442
85927 79232 83045
88824 80437 77089
89639 74245 77044
85489 86990 72514
80632 87472 80537
80874 88058 79618
89824 78943 72211
74185 75548 88011
74367 74503 88246
87988 77151 81284
83761 88441 72372
74115 71270 88745
74046 79163 86824
85138 80123 83434
83675 74834 85535
85103 81757 82713
77751 90661 70886
85226 78092 83992
75008 76587 87652
88985 77828 78834
77569 80434 86000
84793 85230 80168
88713 81486 75772
81462 83788 83365
84421 86880 77907
81919 86986 80493
82584 89144 72132
84059 87914 75802
86556 85444 75720
88170 74761 81347
88600 77253 80134
79813 76268 86979
87782 82561 77368
80139 88712 78959
88689 82161 72511
87323 84608 73651
82025 88432 77771
88599 81495 76311
79933 90200 72496
72519 75876 87955
89821 75175 75954
90296 75463 71301
78836 89987 75988
79432 89780 76365
85381 85701 78473
84032 86387 79381
86878 75531 82942
73116 78035 87253
75838 74580 88034
88607 82224 73374
87933 77778 81187
78612 78627 86516
90200 74670 72840
85766 74873 84007
86593 83632 79131
88281 82953 73254
83083 88690 75148
83865 86673 79116
81014 88179 79308
74942 87000 81981
75772 90691 73918
74886 90567 74886
89912 76550 75038
75804 90753 73367
81393 88273 78764
80800 85555 82374
74417 79917 86505
81456 80329 85215
79800 90209 72898
78905 90479 70462
76199 90459 75199
76310 88230 80474
70809 71560 88944
80380 88372 79418
77851 86900 81870
80712 86797 81280
75359 84386 84247
88950 81267 74464
74004 90976 71042
76849 73604 88038
86232 84342 78888
75270 81771 85659
77435 85504 83185
82020 79456 85354
74560 86323 82685
73757 74386 88325
73369 70769 88857
85380 78185 83843
82506 75851 86154
85679 79882 83075
77529 73886 87879
77297 82702 84989
72715 70066 88963
80025 77278 86671
79359 72911 87571
87563 82083 78826
84429 87873 73701
78313 88910 79170
88548 77296 80253
88809 79925 77825
86975 84854 75541
86862 82450 80019
75368 85304 83572
83487 82314 83455
89526 80002 72211
83428 83558 82693
74597 90969 69753
86688 82430 80428
86297 80432 82182
79400 86114 82298
80999 89494 75654
80697 88675 78606
85207 78857 83787
78659 80571 85758
81179 89152 76838
77235 90677 72975
83844 77106 85188
75163 73727 88286
80144 87002 81251
74848 75266 88011
74794 84423 84256
80049 86479 81798
79947 89560 76780
88256 82694 75104
68808 68996 89118
89304 75336 78250
81234 89749 72182
75867 72108 88407
81703 78061 85957
87044 85047 73408
77158 72707 88105
87050 75863 82728
82310 80005 85050
72131 72337 88799
80328 86225 81971
89772 79137 72744
89572 79551 73886
80422 88889 78294
89419 77144 77456
74819 90675 74263
89247 74605 78554
88348 78567 80238
83526 88175 76445
86406 84362 78479
84803 82665 82423
79956 72951 87389
84601 80395 83749
84101 79800 84279
81707 79811 85339
78504 84060 84012
87674 76065 81957
77516 83739 84412
83394 88665 72032
83976 88141 74542
69493 68976 89112
86125 86141 74916
85289 83739 81218
72841 73904 88484
81072 84367 83106
73971 83013 85111
88125 82550 76223
86743 77484 82764
74052 90676 74373
75370 90908 71059
76136 71513 88441
87186 83452 77801
71103 68853 89097
72965 70870 88891
89731 77863 75452
85286 86055 78042
79105 77083 86902
81733 81497 84605
77279 88972 79327
77367 90200 75932
89615 78862 75409
81062 84753 82845
88306 76269 81020
90281 74811 71842
85097 84886 80152
80349 89740 75550
76150 78018 87085
90289 75738 70781
76072 89716 77825
76296 88936 79502
84798 85724 79448
74829 85782 83200
73444 71996 88746
79695 74161 87383
85628 75929 84081
87068 81342 80674
77289 87680 81080
81857 85848 81697
80387 86090 82076
87034 80948 81057
86258 86121 73233
78656 87704 80766
80443 87338 80765
74006 90944 71670
72068 76650 87723
87575 77127 81846
85313 84372 80460
75872 79277 86679
74466 87540 81408
75825 75467 87848
84728 73937 84782
76155 80003 86366
79224 90328 73490
78375 75239 87498
78420 90552 71706
88333 78174 80431
81684 89576 72790
81424 87450 80213
84302 75965 85056
90219 76607 70121
84800 87340 75467
89213 75958 78480
83874 81009 83955
78500 82893 84707
71737 91049 67963
90101 77532 71571
83967 84951 81270
89747 74756 76462
88332 80082 79180
83792 79646 84519
74336 84831 83985
85727 78292 83523
74974 73191 88398
82868 85212 81734
86120 77537 83352
84215 84685 81317
88877 76593 79488
88502 82244 74787
72236 77247 87527
89993 76897 73883
76459 72872 88209
74707 72364 88551
88629 82357 71809
78396 87081 81575
85807 84734 79243
82730 84229 82574
78034 85362 83181
85287 86591 76917
74162 79107 86839
83358 87243 78733
86665 83154 79578
81296 89519 74995
82551 87426 79293
72724 73320 88600
75376 90391 75809
83782 76530 85320
88940 81370 74129
89795 78766 73401
80944 76716 86625
82174 77820 85860
86513 75871 83274
81627 84621 82737
83938 76275 85263
80648 79041 85946
76232 85613 83222
85512 81517 82461
83805 80585 84170
85874 77606 83562
89450 80173 72945
87340 74617 82534
82577 79054 85270
79113 87605 80789
85687 80969 82550
87089 82932 78875
72081 71489 88913
77911 87456 81242
70472 70229 89065
85815 82889 81240
75616 82782 85173
81774 88985 76442
74733 82801 85192
88586 78213 79822
70868 72025 88889
79445 84200 83684
82850 74767 86063
89153 80669 74803
87499 78109 81662
78091 84595 83714
84581 84172 81489
86930 84154 77358
90009 77325 73252
85688 86405 75987
76545 90606 74169
76366 90817 71730
73003 84099 84469
87094 84989 72780
75079 86267 82733
84352 83146 82440
89768 78659 74076
89054 76570 78953
88292 75902 81068
87731 75689 81958
80496 89497 76472
88141 83280 72901
87010 82806 79253
81685 87593 79796
85018 79808 83637
78068 75412 87527
80954 81372 84916
86861 78698 82270
90329 74391 70322
82700 83453 83110
78628 87313 81254
84363 87558 76331
89551 77257 76903
89315 79594 76057
78379 89210 78583
88177 76700 81122
84333 81278 83602
85332 85167 79478
86168 82995 80692
80558 82968 84160
87958 83198 75491
82553 82174 83995
87531 76330 82082
77568 87187 81611
77811 76680 87232
84653 77988 84485
77453 77822 86966
82199 82750 83766
77371 90598 73749
87771 77001 81622
77272 77312 87153
87775 84032 72392
71766 91036 69065
81086 74909 86885
89591 75117 77245
75362 86549 82435
82911 81678 84074
76533 86684 82218
84999 87112 75836
84342 83841 81954
72534 71631 88873
81254 75182 86792
80457 90026 72192
82337 88271 77836
86699 77921 82705
87025 76741 82595
83992 86118 79849
89796 79109 71754
82963 84305 82398
86416 85806 74653
74368 71976 88640
84535 87098 77185
72044 70792 88964
72522 74256 88416
79347 89557 77295
76769 87903 80850
79046 74513 87497
88563 78650 79671
76020 90778 73008
75131 77572 87319
80213 81363 85142
85362 82607 81964
82506 85495 81715
82765 88703 75756
79176 78791 86346
77243 72891 88066
83006 75606 85893
72877 83640 84763
75112 87588 81347
72000 73276 88643
75131 90707 73992
82641 87743 78603
79126 88400 79768
81598 75846 86588
88948 80750 76180
89432 80048 73883
88236 82423 75987
74276 90867 72801
74482 86868 82122
70432 69579 89098
87849 79219 80800
79269 74546 87442
83938 85872 80276
84802 87542 73790
75659 90573 74717
80621 73992 87123
76409 73617 88112
72463 79086 86859
74676 86766 82228
85731 84313 79916
79779 82843 84471
71223 70712 89020
90145 76433 72422
75193 84872 83911
89483 80034 73288
77133 87575 81223
81126 87158 80737
72995 73929 88469
82924 87920 77938
88818 79550 78108
73732 73067 88598
89968 75503 75026
83567 87559 77893
76835 90756 72134
84483 86882 77787
80139 86943 81317
89241 79345 76742
75520 69961 88580
76743 87374 81495
77937 86087 82599
77790 89696 77549
86481 74796 83374
83173 79716 84798
89962 77051 74113
81941 81040 84763
75424 90860 72497
72294 71596 88892
82444 89145 73988
76037 84027 84440
79338 79657 86015
85180 80585 83202
82585 75668 86128
84833 87377 75026
73925 81873 85671
75888 74139 88105
86341 75539 83488
71683 71597 88920
75416 90221 76410
72832 78841 86951
77651 88690 79672
88700 82246 71046
88529 77950 80089
87453 81784 79490
87964 82612 76668
88920 81629 72460
82411 85963 81348
88227 75234 81219
81825 87714 79486
77310 89250 78731
87519 83700 76082
76249 86095 82809
87173 78299 82027
88434 77361 80491
84306 79375 84287
89691 76104 76518
88185 77764 80818
74323 85176 83731
80917 80961 85136
84277 82149 83149
75092 89599 78095
77337 88464 80040
75005 80655 86167
88244 82948 73746
88616 75820 80425
76457 76079 87602
79289 81053 85450
87881 83764 73063
89340 80590 71392
77025 90332 75577
84614 85013 80648
76079 74886 87936
89463 79740 74601
73450 77569 87400
81503 78546 85861
79718 89277 77797
83601 87070 78742
76638 90054 76730
82411 87305 79603
82040 85128 82203
87772 80051 80445
79192 89289 78027
75178 74276 88185
88150 83311 72009
77224 88893 79447
87244 76634 82359
88431 82764 72301
74976 74268 88213
84152 83829 82102
80407 85305 82666
74384 77523 87398
89231 80642 74041
76241 86325 82592
85798 83945 80253
78792 90325 74571
88710 81104 76596
88503 80491 78197
83511 86753 79432
87692 82019 78557
86861 81888 80585
80029 89837 75588
83799 86557 79406
81883 89265 74968
87833 80734 79742
88570 79728 78764
87573 84243 73411
81758 86279 81357
81442 87982 79311
86123 81694 81706
89555 77857 76476
86759 79945 81919
79282 88518 79557
76571 85195 83535
74955 83523 84796
81014 85563 82298
77512 90696 70961
81848 89119 75744
89289 80402 74257
78955 88241 80017
85107 86371 77754
88015 75923 81557
84532 77535 84646
89387 80458 70817
80219 79637 85831
85390 86859 75088
81336 76673 86520
72669 72125 88805
75727 89501 78311
77508 81504 85549
74958 90788 73456
89147 81115 72139
80910 75157 86919
86175 76875 83436
79713 90035 74952
79198 85319 82978
82331 74367 86357
75061 89321 78691
79346 82741 84630
88153 81351 78249
88562 81232 76999
80930 87764 80013
74145 90714 74084
84661 79812 83918
88813 77520 79476
78027 89789 77116
82059 75815 86379
87250 74839 82629
87558 79593 81023
86491 80638 81885
87815 76564 81681
84400 87242 77092
80983 89547 75440
82631 77231 85821
79946 84484 83367
88055 80106 79810
85840 86506 74243
84666 79098 84146
89221 80745 73706
73561 69914 88886
87944 77588 81225
89702 78848 74445
88928 80108 77096
81342 78534 85912
75392 89882 77427
87693 83791 74892
85808 85767 77317
78807 73087 87704
87674 75216 82086
74969 71176 88631
82360 87835 78737
78092 88462 79925
74918 90932 71222
78336 83371 84464
90086 75891 73537
88326 79884 79356
83367 84325 82174
85381 86931 74701
76680 81182 85818
83889 86874 78716
72261 72956 88689
78967 72954 87676
75972 86866 82077
79123 86270 82232
87166 84286 76150
78690 77371 86898
86513 80215 82057
81621 86694 81017
78602 89815 76743
80022 89254 77649
85689 85710 77793
82178 85887 81524
85403 77451 84004
81424 73928 86775
88704 76052 80125
81696 81086 84825
76348 86627 82289
83179 80914 84312
85658 75974 84054
88172 78109 80722
88845 81779 72746
83471 75427 85636
77768 73584 87873
86390 77068 83195
87426 81533 79816
80931 89864 71463
83998 78571 84732
86412 85249 76615
80615 89512 76271
75215 86859 82124
78380 90525 72472
75180 83986 84514
89645 77093 76447
77343 79020 86597
78459 75718 87379
74166 73672 88433
89876 78716 71280
86105 83636 80113
81338 86286 81536
