26477 26111 29456
26624 25250 29871
28899 23726 28409
26705 24225 30192
26995 24761 29879
24185 26751 29384
26098 26321 29466
27120 26483 27624
27434 25909 28750
25612 27128 28352
29420 23772 26483
26030 22065 30646
28258 23919 29121
26352 22975 30467
25541 24407 30653
27743 26058 27307
28968 24248 27817
24763 26460 29735
29449 22379 27416
28493 23792 28919
26092 23380 30564
23503 22093 31389
24924 27040 28872
27497 23643 29745
29803 20271 24465
23377 21834 31394
26792 26522 28775
27241 22296 29964
29123 24473 26373
29518 22901 26824
23564 27467 26832
23144 22667 31318
26090 26882 28818
26653 22851 30323
27890 22281 29515
25505 25345 30379
26986 23615 30084
27176 22042 30011
28686 24340 28649
26263 25887 29778
27014 26550 27633
29783 20946 24598
26821 26603 28612
27361 24941 29562
29624 22461 26436
25574 22898 30824
29729 21475 24090
25650 27215 27795
23794 27400 27655
26136 26935 28499
24139 23971 31096
29186 24280 27038
27085 22492 30058
29420 23073 27502
29215 22887 27971
25716 25835 30080
24995 23123 30969
26372 23461 30431
28651 22557 28891
26381 26936 27589
26095 24221 30464
25390 26452 29670
25517 23771 30764
25026 24989 30575
24671 27244 28492
25866 24708 30472
25871 22705 30699
24809 21456 31177
23392 27483 27065
26275 23473 30474
24416 23182 31112
23953 22304 31304
23924 25890 30198
28084 25761 27854
23984 27045 29011
27000 25578 29469
28414 25415 26391
29671 21441 26186
