27154 28846 2630
25483 28517 2866
32286 21714 2608
29549 26451 2834
25615 29385 2741
32558 21442 2528
27789 28211 2735
28229 24771 2969
27386 25614 2975
32841 19159 2437
32950 19050 2388
28230 27770 2781
31487 23513 2741
28936 27064 2820
32159 22841 2607
31151 23849 2785
23663 30337 2604
21213 30787 2421
32625 21375 2477
23974 30026 2684
27041 28959 2604
29861 25139 2900
32732 20268 2476
27601 28399 2713
32808 20192 2445
27328 26672 2964
22605 30395 2606
22808 30192 2662
28604 26396 2944
28397 24603 2966
31589 24411 2714
33162 16838 2194
22390 30610 2529
32088 22912 2642
21198 30802 2397
30805 23195 2828
33152 17848 2198
29100 24900 2946
33151 17849 2209
25187 29813 2622
29948 26052 2827
26852 29148 2535
22335 30665 2478
30308 24692 2867
27075 28925 2612
30955 25045 2766
31698 24302 2665
28179 25821 2969
26479 27521 2938
32250 22750 2532
32568 20432 2533
31998 23002 2661
32382 21618 2582
24857 29143 2810
33211 15789 2068
31227 23773 2776
27826 27174 2931
33119 18881 2266
24388 29612 2750
27950 28050 2753
25063 29937 2584
31760 23240 2701
25412 29588 2685
28550 27450 2799
27824 25176 2972
24925 30075 2523
28578 25422 2962
21282 30718 2496
26262 28738 2842
23539 30461 2566
20213 30787 2472
31906 23094 2677
31773 22227 2699
26979 28021 2899
29715 25285 2909
29402 26598 2583
19121 30879 2389
26951 29049 2574
33177 16823 2151
32954 20046 2327
27258 27742 2914
