41241 34716 30274
38074 38669 32633
35581 35202 34964
32154 29767 35759
41428 33012 29233
38281 39492 30504
37530 33283 34707
41456 32362 28671
40623 35101 32263
37902 34312 34524
36536 39457 32127
35523 34435 35214
40053 37971 31319
41414 34216 28234
37555 39138 32290
37083 39793 31392
35135 36301 34455
40891 35908 31408
39880 37708 32136
39099 38544 32384
40038 38199 29923
41204 35097 30331
39677 36447 33126
37878 39686 30529
32016 31099 35749
40673 34689 32239
36905 39553 31959
34267 31431 35631
34654 40196 30220
40818 36529 30526
40914 34672 31677
33636 32155 35707
36223 33022 35298
35920 37901 33602
41382 33727 29513
36192 38903 32684
35628 32230 35443
40277 36207 32710
39714 37550 32464
31641 29946 35767
37152 39023 32568
41374 32725 29881
40220 37721 31366
37605 35536 34449
34274 34067 35360
38159 39439 31546
38249 39324 31777
36866 39809 31592
41338 34068 29772
39842 36171 33081
36763 39654 31852
38336 38765 32477
33516 32500 35673
35815 40093 30835
36762 38217 33269
41239 34828 30217
35234 40266 29411
36758 35232 34752
36903 34360 34946
40506 37413 29929
37175 38211 33213
36090 36243 34442
36311 39916 31541
40236 37607 31516
40996 32920 31533
40487 37353 30573
40254 37376 31876
39681 38091 32019
36500 40078 29911
37466 34825 34701
36405 37061 34029
38369 38224 32922
41006 36140 29196
37590 39456 31855
36567 40029 30372
37438 36652 34087
37019 37880 33501
40120 37941 31153
36081 33773 35252
36900 36108 34415
36786 33487 35053
40287 36835 32321
35080 34132 35322
35690 40213 29938
39297 38873 31023
41466 32136 28197
37687 39748 30185
37226 39897 30294
41479 32011 27400
41176 33903 31116
41351 34540 28905
38382 39092 32075
40621 37034 31036
41189 35240 30241
35157 34825 35103
39401 35824 33515
41395 34199 28646
38852 39074 31775
35507 33111 35418
36222 40051 30842
36751 37231 33912
36992 37405 33774
40304 37717 30376
34364 40306 29199
37837 38926 32464
39871 38449 29876
37516 39763 30891
34110 31283 35653
34903 34336 35273
30827 29777 35782
41470 32789 27753
38258 39437 31357
34100 32616 35638
35620 33922 35361
39126 38888 31729
35832 39740 31832
36456 34295 35077
38578 34307 34179
38710 39175 31668
41328 33440 30161
41208 35257 29829
39792 35021 33271
39871 38383 30714
38655 38460 32633
40316 34549 32726
38303 36024 34079
39244 37531 33045
40689 37049 30126
38164 35313 34331
38703 39236 30605
