82373 99181 86928
88811 86391 101114
91536 93903 94113
97478 90832 88844
80552 100317 80610
93295 85164 99138
90136 96545 90182
89105 86144 101063
86290 77019 103376
98819 86085 92856
99614 89618 80651
95662 77994 98334
87644 93978 96801
102997 81001 83658
85494 95080 95893
96129 80596 97803
86086 99366 81596
99751 86641 89768
82620 91619 99831
99763 88255 86189
86666 89913 100390
85195 98266 89341
82000 86996 102388
85349 81100 103479
103758 75003 83529
90581 79756 101542
102626 82294 83781
84666 86439 102266
84782 99016 86505
91446 91633 96756
82068 80548 104209
93476 95530 84673
88166 98124 87551
87362 80306 102906
98257 91186 82983
92485 95183 90140
88016 82922 102308
99997 78388 93327
91636 90365 97685
81546 99618 85271
102966 82490 80340
103787 76748 82928
93958 80599 99590
89255 87206 100604
101652 82998 87468
84186 92745 98757
89568 97848 83386
78921 100441 78917
94439 90643 95058
90251 96170 91030
84644 90607 100321
103337 79766 82998
99804 83777 92517
83267 99418 85667
97973 90259 88548
97329 91993 85078
85482 82032 103307
98879 90582 81091
84927 98745 87690
97346 84692 95871
101212 84421 87502
99828 88535 84902
85598 97893 90352
85831 99119 84772
94990 88827 96148
100530 80950 92093
92897 95884 85815
92285 96343 83021
95338 91939 92171
98829 85783 93105
92471 95150 90246
88056 95822 93892
92096 91526 96365
90690 97269 82381
87698 97574 90105
86281 88812 101022
98944 88971 88136
89841 97555 86342
87485 97583 90279
102898 78795 86142
98922 82178 94457
87922 91930 98654
95052 93996 86884
92898 87513 98484
87154 82323 102731
88709 78208 102467
86711 87333 101508
103127 80768 83119
98901 90446 82686
92840 89138 97740
84530 85978 102456
99771 84797 91713
90884 93747 94941
97320 89987 91269
93386 95037 88541
90052 95617 92547
88290 89267 100143
83047 87344 102143
92991 82968 99853
85562 95978 94538
102799 75190 87293
98449 89132 89584
89719 97722 84793
94414 91526 94139
92862 90507 96673
103819 78573 80390
100467 79869 92408
89895 95916 92083
87024 91565 99228
100928 79895 91560
79532 100414 79095
83012 93274 98267
86699 92515 98562
87865 98398 86311
92017 96473 85192
101652 85276 83077
103669 76838 83625
99755 79177 93633
80825 78159 104636
85541 85646 102379
97786 91308 85946
82208 85379 102994
98163 79169 95847
99209 89143 86363
101813 77831 89986
89286 90644 98955
91034 96587 88216
90885 97143 83983
98542 80913 95170
98319 88119 91741
96771 86814 95629
103020 81976 81643
101589 85077 84174
96117 92368 88960
97708 91677 84338
88612 97431 89616
85989 81290 103260
99088 89034 87359
91240 92275 96295
101315 85779 83915
90607 93092 95943
90269 89903 98862
86885 99073 82163
102915 75450 86926
89567 78764 102122
87874 98546 85228
94934 89226 95889
103750 78374 81598
93929 86209 98349
98678 86585 92705
91078 95231 92152
90337 85155 100774
92280 94445 92276
87415 98044 88607
97943 91009 86410
93443 95150 87925
86866 89196 100691
103490 77421 84242
95184 83686 98248
90789 82899 101071
97273 92222 83529
102482 83400 82436
102609 77579 87815
100007 80131 93139
78220 100463 77212
96206 81127 97688
86408 83140 102880
95120 90023 94961
91334 85937 99991
82588 99693 84564
102127 84472 81854
91544 86723 99611
86603 96818 92813
91840 87728 99042
92985 94076 92011
93007 95863 84352
103898 76589 82235
95792 92929 88142
99551 88714 85928
94502 83271 98855
92956 85883 99091
87692 96757 92269
87849 93466 97243
95705 80643 98179
96504 86854 95940
88997 88064 100366
89662 91162 98408
102027 83867 84263
95026 79374 98842
101288 81151 90235
80640 100359 79249
79669 100411 78541
103219 78320 85108
84248 98673 88336
102114 85006 79464
90164 94724 94115
80378 76507 104733
99716 86928 89531
92258 86337 99361
104049 76838 80673
100816 83723 89638
101295 83145 88658
85467 96409 93759
87224 93735 97217
98216 80330 95678
89439 82211 101817
97168 88617 93468
91649 96718 84539
96839 83901 96649
96486 87092 95808
82352 81277 104059
88462 81813 102276
96935 92514 84318
101284 77960 91052
99678 80278 93652
89917 84551 101147
102066 81971 86928
84096 93680 97839
94645 94489 86213
94567 94752 82106
90166 96947 88734
82743 82677 103747
89522 97400 88110
86221 94069 97131
101103 85110 86790
103083 80335 83980
94557 89067 96356
87724 87303 101263
97913 91592 82534
103002 80675 84053
93805 84321 99061
98199 86950 93297
86666 84840 102356
94616 82236 98939
100499 81858 91851
94397 88590 96841
81351 99489 85854
89289 97711 87111
83257 84168 103235
86028 87514 101597
91507 90875 97375
95177 89338 95541
101682 84367 85188
95945 78739 98068
96133 93413 81765
88197 93227 97328
92866 89485 97462
102568 79053 87323
85829 89005 101045
84603 82346 103470
87571 93475 97357
102717 83204 80635
98144 90642 86767
99109 85801 92432
98917 90050 84560
84150 78658 103982
100096 88533 82795
93621 92664 93595
99912 88606 83998
87295 81548 102777
81616 99647 85115
99183 86379 91686
88579 85275 101547
95572 86713 96891
100872 87183 82347
101982 80483 88499
85045 78100 103757
82474 99867 83649
91603 82014 100787
81227 81118 104157
96838 79864 97185
84073 99949 79896
83636 85825 102648
98422 90035 87428
86297 99153 83778
95753 79720 98197
92238 91323 96446
90871 85743 100302
89691 87211 100394
94196 94893 86275
102781 83200 78903
99118 90214 82106
91207 93259 95262
88836 97838 87611
98682 87225 92011
83896 90426 100521
86331 78051 103352
91990 81319 100666
96442 92588 86852
81474 80002 104349
93077 95836 83688
86232 97817 90385
97021 79288 97046
88474 90837 99237
90785 96275 89952
83676 99853 82588
96895 85045 96332
85612 98962 85996
100830 85237 87894
89484 85891 100971
102470 76589 88332
86183 79524 103374
96574 87753 95223
89310 97978 83651
86749 93109 98018
85437 99541 81570
95433 85904 97397
90252 77713 101819
86592 98903 85147
103830 77426 81988
102732 83310 79771
102386 83808 81870
86592 93235 97936
88449 96245 92727
84143 80502 103859
103170 76804 85981
98787 89033 88611
99189 90205 80667
96169 93366 82694
103009 76743 86568
97974 89868 89535
93728 93128 92763
87931 94656 95802
81683 100073 82727
98651 90372 84859
94607 93580 89965
101126 85738 85226
99646 81257 93557
88826 92566 97696
81703 80752 104209
85393 90145 100498
94754 90798 94566
90736 94576 93803
83072 75853 104263
86953 98549 86783
90551 86816 100100
93272 78148 100156
98321 86979 93023
97348 91870 85686
85486 94430 96790
96870 92611 83971
101361 83154 88410
89083 98087 82245
97360 92171 82994
86850 89491 100555
103531 75386 84652
91870 92695 95361
102599 81582 85006
102746 80942 85037
101001 86490 83906
98842 87527 91311
97777 86555 94402
93835 79149 99800
88958 85581 101305
91099 93131 95508
95434 86275 97239
95677 92078 91172
97023 85777 95896
81351 99963 83553
83045 77059 104264
83162 80917 104027
102223 81082 87184
101855 85488 80074
99431 89882 80456
95129 90539 94434
100724 82026 91207
94977 91595 93287
84207 94057 97412
92303 90883 96778
100727 87632 81345
85849 85759 102269
95372 80111 98512
93801 91346 94997
82633 98192 89953
90104 81379 101633
93770 90528 95837
88858 97487 89093
95414 92929 89486
90865 96349 89598
102496 80397 86669
91637 83289 100586
98406 91002 83281
87209 98943 82565
103319 78524 84465
103952 78209 78807
91288 88037 99215
93947 87501 97818
101439 83902 87245
92317 93926 93270
88598 97226 90232
102614 83449 80881
98981 88590 88923
92044 90627 97199
97141 87171 94869
100436 87753 83675
86635 96362 93655
94094 80750 99479
81898 78224 104502
95034 93181 89936
86676 84420 102480
100086 79763 93054
90673 97269 83110
98195 84707 94790
98086 91161 84855
91808 83863 100349
80948 79084 104516
94756 87819 97018
84428 92010 99406
96871 89654 92707
97073 92503 82411
82451 84641 103212
91947 92411 95595
86486 97224 91975
82190 81818 103985
94946 82942 98587
94919 92457 91960
95211 87365 96866
89012 84504 101564
99402 89885 81339
84222 99860 81421
80078 100386 79342
94314 94852 85575
85802 98576 87752
85026 94941 96169
98348 90956 84198
100448 82257 91768
101246 82443 89423
97631 91304 86802
93823 90456 95853
100120 84644 90846
102120 83708 84063
96126 86364 96582
94977 85575 97897
96409 88530 94797
90113 95971 91703
103100 77511 85990
103590 76173 84364
97520 83089 96064
97613 86460 94740
95097 86304 97487
92497 96217 83894
100859 82420 90578
88952 94718 95091
101346 86199 82405
87084 98960 83465
102226 79855 88041
94491 91242 94373
99186 87018 90957
86689 96824 92775
103178 77371 85728
87142 96830 92544
87164 94499 96301
98102 86454 93962
82988 92544 98986
84118 79377 103951
85216 98542 88339
86806 94637 96226
88266 98437 84438
85569 91209 99834
87512 89530 100313
94504 87051 97609
85792 91683 99467
82054 79725 104345
86335 81885 103073
95275 94027 85363
94142 83884 98957
87403 78104 102970
86804 88354 101087
92255 88027 98647
103659 78612 82084
94711 80225 99037
104020 77819 77697
96546 92130 88253
97525 87842 93663
92655 79243 100479
88951 97072 90253
88945 97658 88241
87008 98913 84375
91550 85335 100068
88715 80708 102316
101885 84814 82755
85451 99493 82264
102892 82394 81588
100309 85027 89899
101181 83613 88565
87622 98747 83726
97247 91223 88583
99293 89740 83300
82704 99747 84199
95836 88261 95736
103101 82061 80230
93976 88064 97491
101799 84557 84108
92796 92791 94368
97028 88882 93402
100376 86782 86850
96637 87930 94978
104115 74971 79577
81416 99374 86328
82857 99059 87299
87986 89645 100065
94720 94100 87761
86589 97577 90884
81596 100144 82074
103111 75511 86278
95857 79785 98100
103464 79980 81529
102954 81023 83896
93380 93291 92974
88389 87782 100768
104054 76499 80685
95731 93775 82881
83255 100073 80239
81853 88424 101745
83982 88374 101629
95355 94107 82075
82393 88350 101754
98749 89567 87378
91655 93485 94596
102856 79978 85440
100437 85819 88677
100244 88247 82897
87123 86046 101857
87295 85288 102026
99074 79933 94591
82127 99517 85576
85172 86931 101997
102775 83166 79840
103655 77533 83286
83457 85570 102760
80370 79941 104365
103024 81650 82471
94832 84905 98206
99023 86655 91813
83166 89522 101113
87173 88584 100899
99728 87149 89075
103447 80313 81030
86171 86256 102036
102530 78642 87662
83775 82250 103663
102264 82086 85933
84369 95119 96012
101744 83056 87050
87641 90984 99463
98929 85932 92749
99405 88082 88382
87807 97823 89152
104107 76436 79646
90511 82255 101319
91452 94561 93097
83311 88064 101825
91347 96695 86725
89771 96358 91204
94407 88787 96690
84709 96736 93184
95440 84893 97801
93575 93389 92523
86051 98182 89275
83717 89260 101192
83891 79747 103983
99488 89315 84022
99602 82931 93283
85804 86555 102016
95908 86313 96801
83397 92329 99177
100741 83594 89982
102145 83208 84882
87690 79233 102856
101925 78012 89727
97429 91484 86980
98943 80318 94719
90880 89964 98513
98272 91265 81286
102129 82515 86043
103692 79648 79272
92643 93855 92958
83739 92213 99271
85346 92677 98745
91676 77382 101096
90303 78243 101772
102287 84315 80945
83594 98624 88665
102434 84063 80386
100985 83811 89023
83828 84695 102981
82142 82318 103899
95668 93806 83962
101990 84369 83328
89151 95037 94463
96694 88252 94618
88526 93564 96786
94075 94590 88107
85434 97109 92394
98181 85171 94625
102149 81600 86993
94073 90590 95490
90522 90798 98112
79691 100001 83593
97517 91249 87474
86848 98366 87779
101706 84716 84308
87771 94672 95875
84704 89732 100825
80588 85393 103077
86622 89138 100781
98733 86939 92237
90151 94200 94954
103184 80541 83022
92283 95873 88205
86572 99140 83087
87358 84499 102223
102588 76879 87940
100914 85871 86106
91665 96711 82690
84152 85965 102521
83770 85080 102878
96075 84449 97332
99318 81809 93995
95588 93514 86603
102319 82548 85085
85117 93633 97782
86897 97282 91523
103950 75052 82084
102259 84703 79169
98703 82230 94744
100859 81597 91097
87823 85737 101715
89727 78059 102066
91365 78806 101185
86484 93665 97529
84301 87196 102038
87809 88592 100654
102098 78632 89079
78824 100453 77997
101381 85111 85268
89404 97866 85058
93754 95358 83721
89353 96651 90921
88199 98511 82333
100921 85549 86798
95434 87006 96861
86521 90535 100089
102054 81212 87789
89371 97885 85004
85471 99256 84324
84210 88805 101376
87959 80401 102656
95746 82527 97986
93552 95211 87232
102781 82979 80811
91893 79042 100895
90647 91239 97671
88884 96302 92199
82250 100026 82743
84674 96033 94461
97466 87112 94416
103286 76037 85584
96433 86263 96318
83971 96611 93419
94420 86025 98106
87243 78809 103026
94213 82271 99235
102863 81512 83752
88708 79084 102455
79998 75527 104734
81736 86276 102706
86034 84850 102506
94301 94942 83953
96855 91041 90335
100660 84633 89214
86442 98427 87886
103092 76944 86243
91197 95322 91777
93032 79686 100246
84993 99691 80741
81423 85729 102923
93148 92121 94812
99901 88958 82073
91738 96570 86034
100154 81464 92682
100713 85598 87760
100532 88057 80623
85255 89470 100904
97749 91045 87200
101246 85704 84618
91043 87844 99442
96691 87392 95357
82010 90520 100649
94441 92873 92013
89149 96629 91195
92819 91210 96083
81449 77704 104598
99376 87142 90252
91523 95251 91465
97623 89484 91391
86235 97037 92427
103785 75387 83388
104065 77509 77663
83469 84958 102967
101356 86573 79747
99430 78222 94201
90582 97015 87343
88939 97427 89178
83124 99723 83990
101623 83929 86325
94471 93294 91087
94345 92110 93441
82626 89596 101104
94980 88630 96299
93567 88936 97284
81582 86344 102693
98692 88826 89441
78574 100416 79650
101892 84332 84065
83585 83499 103378
83035 99283 86365
89086 96485 91588
95805 93709 81409
95977 89302 94616
100179 85959 89295
86774 81400 102992
84713 99753 81028
85213 80662 103571
95776 81067 98085
90285 88952 99320
102898 82839 79037
98588 87080 92374
91557 86886 99539
96408 90586 92271
93309 95683 83037
101843 79397 89511
102817 82106 83001
101268 86622 80889
93810 94441 89526
91857 95211 91059
83100 99168 86839
83271 86582 102420
90753 89517 98800
81943 100169 81341
86211 93635 97618
89713 97074 89234
94774 94573 83639
97295 92268 82647
84967 97939 90390
102279 77081 88881
80989 99887 84150
93714 83561 99318
101286 85006 86035
89885 92643 96997
101123 77429 91344
101350 80378 90453
100771 86969 83976
85694 92870 98510
83198 100071 80832
89003 86682 100928
99455 88586 86855
85120 84762 102721
99769 87315 88616
80765 100046 83244
102464 78520 87948
93091 95573 87225
89887 90093 98964
97902 84716 95173
79091 100440 78535
97621 79758 96446
100680 87773 80954
101456 86232 80923
87440 98152 88139
96665 92859 83365
94973 94441 82327
91679 89393 98339
89562 93305 96478
101352 86394 81274
98869 88378 89864
80667 99764 84717
93352 95163 88162
94248 92686 92710
99985 89050 80027
90009 78153 101929
93736 93301 92417
99845 87784 87195
87514 95205 95166
96289 86034 96562
95246 94133 84604
86954 96502 93264
81852 91340 100048
86146 80257 103315
82763 78698 104326
88279 83911 102009
98752 90670 82210
92819 94987 90035
85990 95748 94823
82036 83666 103556
94369 85587 98302
92794 95293 89247
86573 96212 93942
83419 92943 98585
87708 88923 100535
83460 97814 90880
85809 99428 81862
94605 94640 85242
93925 89734 96413
95031 79471 98833
90549 96365 90062
97553 81299 96338
90923 81068 101272
89158 97278 89355
83221 91586 99840
92268 92710 94972
92640 88371 98246
104118 76740 78590
88289 98303 85817
100451 84229 90258
82511 79305 104339
101153 81580 90345
80334 100248 82070
100681 78842 92099
103310 76849 85360
98768 89295 88020
93405 92034 94663
89850 96711 90110
81554 82359 103915
103519 80248 80388
84080 91642 99721
94172 94992 84973
85345 97217 92173
89328 88903 99852
85290 94753 96388
92730 93255 93824
85148 99259 84676
102679 83426 79985
84103 97070 92496
81636 99393 86218
104142 75656 77834
101872 79859 89218
95152 92922 90334
95406 91692 92480
99156 89243 86309
87401 92882 98021
92265 87090 99059
85261 86599 102109
80603 86638 102567
92590 80297 100439
83903 80985 103858
87570 92600 98210
81306 79235 104474
85173 94175 97147
89542 94067 95570
86777 78410 103193
98019 81825 95687
87946 83453 102229
94329 92577 92772
96838 81777 97046
93200 94267 91230
97851 87967 92863
87223 92671 98285
88438 96613 91922
99318 89873 82261
85353 97605 91206
85292 98568 88188
88032 98345 86297
92756 84333 99727
92863 90316 96838
84847 98144 89831
101176 86879 80228
103582 78474 82888
102585 81785 84848
87976 87827 100939
85287 92066 99287
86822 98867 85055
82482 99001 87558
97641 85357 95310
87941 79020 102768
90804 83274 100994
98511 89540 88395
95876 90754 93068
95984 89117 94813
97230 82705 96455
102110 82335 86333
87118 89720 100367
86414 89389 100714
86792 96063 94119
84508 97864 90669
98021 84874 94969
85167 79893 103653
90988 97042 85191
98812 89541 87143
92606 94374 91964
87583 85466 101875
96011 93433 84450
90329 82603 101349
102697 78047 87305
100787 83579 89856
84831 95392 95562
92086 96407 85823
84378 80061 103840
96942 88510 93984
100891 87414 79486
89322 89218 99699
98661 88362 90496
92880 86221 99015
103827 78922 77920
83980 99138 86556
94697 86890 97536
98477 90234 86620
98903 78784 94915
103383 81215 79276
100647 87752 81641
100672 78141 92159
81629 78007 104559
84877 83566 103118
87292 79601 102978
98482 84628 94428
89675 93621 96040
91634 95729 90061
93027 81520 100063
95188 81016 98605
96450 91788 89598
85173 95005 96061
81058 99552 85609
86890 86975 101594
96678 82482 97102
100628 86687 85682
95876 93476 85372
85759 96821 92981
98629 79695 95196
101872 85219 81336
98225 88583 91330
102803 79466 86093
101755 76748 90138
95734 88888 95332
88281 92488 98022
83853 78305 104058
99562 86213 90824
89156 84045 101614
83759 99681 83605
91119 87361 99594
99467 83360 93393
87575 84589 102120
102303 79349 88081
96416 80209 97565
101622 79664 90039
84564 99842 79503
79223 74895 104736
103448 75185 84977
99283 89412 85003
93675 79854 99856
82421 98457 89276
87769 86507 101516
97976 91140 85626
88074 95409 94582
85031 85935 102383
93391 86953 98398
85576 87707 101620
89381 97044 89789
84954 95154 95884
100932 80375 91467
100323 85419 89454
78551 100461 77009
98962 84912 93553
101888 84658 83237
98051 91502 80415
82066 81276 104089
81036 84608 103343
84676 93724 97733
95937 87134 96324
81675 100296 78903
97428 89387 91952
82217 99292 86523
100789 86067 86339
97601 83710 95819
86814 95715 94662
101737 85795 79787
97568 89122 92018
89493 97718 86553
86416 94516 96514
85637 79055 103552
96242 89979 93463
100161 88602 81498
83705 97499 91606
83832 99467 84869
90724 84015 100871
88615 95967 93187
99350 80830 94090
93529 93861 91554
88453 83339 102053
97597 91985 80762
94449 93046 91667
101545 86212 79680
93927 82764 99330
77834 100443 79052
88894 95570 93754
84491 86683 102205
104128 75003 78873
97961 82926 95554
88182 80211 102580
83945 89691 100939
86659 96218 93904
101031 86076 84945
97814 90740 87861
87760 97478 90370
99060 90368 81173
84796 96308 93978
84424 80830 103758
91654 86142 99751
93881 93981 90575
87107 85814 101935
95875 85060 97364
93644 95379 85184
86074 90826 100014
87856 88772 100551
83353 99856 82940
86028 99327 82476
81949 76875 104525
86563 78718 103261
96238 79394 97785
88197 95171 94904
84580 96754 93148
100781 85705 87190
81532 83977 103527
91880 95785 89538
95307 82537 98361
102374 78768 88164
86106 95566 95082
93813 92077 94130
92205 80676 100615
91535 79947 101034
96298 90948 91855
98203 89061 90508
96923 92657 80912
86527 99033 84328
84640 82127 103498
92631 95710 87994
88728 84917 101579
96124 88852 94879
96352 88996 94406
92895 83268 99856
87271 91931 98866
99055 83548 93988
90205 86253 100491
95895 82588 97841
83053 98457 89226
103155 81547 81533
101562 82181 88681
83761 91512 99849
101607 84157 85990
91497 96207 88814
88326 85304 101645
98515 81666 95086
82494 100132 80975
99980 88023 85609
84411 97572 91411
98236 89837 88681
95030 93509 88857
88090 94812 95484
91936 95772 89454
91969 91771 96228
88485 97730 88790
82708 82105 103863
104104 77131 78026
100397 87178 85715
96466 91503 90309
100181 83903 91330
99344 88605 87400
92490 94756 91204
92852 94430 91441
103171 79611 84342
87163 98282 87855
