57911 45089 5017
58502 43498 4947
42837 57163 5421
49711 46289 5602
40427 56573 5490
43760 55240 5520
56185 47815 5198
51750 48250 5522
42262 49738 5682
57262 46738 5026
54841 49159 5294
42633 52367 5630
38973 60027 5113
45982 53018 5569
39845 57155 5447
60478 35522 4429
36624 60376 5075
44751 51249 5636
58319 44681 4837
37241 60759 4985
51802 45198 5536
49513 55487 5287
45073 58927 5058
59610 40390 4695
48582 52418 5529
45366 58634 5114
48617 53383 5490
47097 57903 5098
59993 39007 4573
43875 49125 5678
40896 53104 5617
46781 52219 5578
37997 61003 4884
59822 40178 4529
35077 60923 4972
55272 50728 4993
41808 51192 5663
46871 47129 5653
43370 59630 4969
48746 55254 5362
39522 59478 5216
46401 56599 5361
44672 57328 5359
40531 48469 5692
60600 35400 4377
38374 60626 4989
41855 60145 4910
45963 55037 5486
37830 61170 4796
41627 48373 5691
59219 41781 4790
60729 34271 4308
56224 44776 5282
48875 57125 4938
39254 59746 5167
40763 57237 5440
50764 52236 5431
44713 53287 5581
50186 51814 5488
57329 45671 5136
49464 53536 5437
39343 58657 5326
54066 46934 5428
55873 45127 5313
39024 57976 5383
51677 49323 5502
51344 46656 5550
47120 50880 5607
55160 49840 5187
50850 47150 5564
41526 54474 5573
40656 58344 5344
46130 52870 5571
51050 54950 5174
44314 56686 5431
59057 40943 4867
55994 48006 5217
41102 58898 5283
53531 45469 5467
48929 46071 5622
40010 51990 5645
43299 51701 5642
59838 40162 4485
54043 47957 5411
56970 47030 5090
43042 58958 5195
52887 50113 5403
43253 59747 4925
49970 47030 5592
53036 48964 5441
41610 53390 5608
42812 59188 5157
43331 57669 5363
38663 60337 5051
31390 61610 4715
47477 47523 5642
47574 51426 5584
37911 61089 4855
52579 47421 5495
47007 54993 5458
58617 42383 4956
37675 60325 5077
39079 60921 4802
41412 55588 5527
45508 54492 5522
55348 50652 4928
59810 38190 4684
57628 46372 4877
48857 54143 5437
59797 39203 4668
50312 52688 5435
59557 40443 4718
55620 46380 5327
57131 46869 5056
41691 60309 4749
45329 53671 5558
39180 60820 4878
43648 47352 5688
60395 37605 4341
53311 50689 5336
44274 49726 5670
35521 61479 4757
53269 51731 5264
50627 45373 5576
60114 38886 4494
40035 59965 5098
54409 45591 5420
47075 45925 5653
45273 52727 5592
42710 48290 5689
55292 44708 5362
59488 40512 4747
58918 43082 4748
52587 46413 5504
59395 41605 4697
51125 47875 5548
42355 57645 5388
50276 50724 5521
53530 48470 5428
43191 46809 5690
58983 42017 4876
41772 60228 4864
43591 51409 5646
59682 40318 4659
50115 45885 5592
42532 54468 5566
40303 49697 5684
35660 61340 4858
43073 50927 5659
41700 47300 5696
35746 61254 4887
45021 46979 5676
51483 45517 5547
46647 53353 5543
41752 60248 4844
56535 45465 5249
51982 53018 5285
47922 52078 5556
40346 60654 4813
43274 58726 5230
58645 43355 4899
45158 54842 5514
44028 53972 5567
58375 44625 4787
51810 47190 5528
45172 47828 5672
45832 58168 5178
49960 53040 5436
35513 60487 5056
41245 56755 5473
40303 59697 5147
39994 56006 5516
59736 39264 4693
46118 51882 5600
58041 44959 4974
49859 54141 5374
40286 57714 5402
47246 46754 5648
60114 37886 4560
45335 48665 5667
59318 39682 4806
55425 50575 4859
54737 50263 5215
49507 54493 5375
60140 38860 4428
36711 61289 4823
54277 44723 5428
60355 37645 4407
41334 59666 5114
59334 40666 4799
48373 51627 5560
45777 50223 5642
53851 47149 5437
44977 55023 5509
44969 52031 5615
45748 49252 5657
42475 59525 5094
46418 53582 5540
32386 61614 4696
47360 56640 5305
44735 49265 5669
42581 52419 5629
33393 61607 4685
43953 58047 5297
47321 53679 5515
60783 34217 4236
36845 61155 4888
47521 48479 5637
56789 44211 5221
53145 47855 5466
58197 42803 5026
45091 55909 5463
56140 48860 5101
44752 58248 5235
54464 51536 5117
43880 50120 5667
35514 61486 4736
39412 60588 4960
51591 50409 5471
60575 36425 4350
48837 57163 4907
42307 53693 5595
53144 50856 5340
48902 55098 5366
55797 47203 5300
52064 49936 5462
43802 53198 5598
49245 49755 5583
33440 61560 4805
57585 46415 4920
41108 49892 5682
52274 50726 5413
49581 48419 5594
51887 54113 5188
42278 51722 5649
41980 54020 5586
44064 46936 5685
45550 47450 5669
48446 49554 5607
46271 57729 5230
42909 52091 5635
44163 58837 5156
39071 60929 4748
44749 59251 4879
40798 60202 5003
48135 55865 5342
43303 54697 5550
47882 49118 5623
60770 33230 4257
54067 50933 5243
45936 57064 5332
46878 57122 5272
35343 60657 5024
42762 56238 5487
56825 48175 4872
34454 61546 4784
43971 59029 5117
41544 57456 5413
43874 56126 5474
55313 46687 5351
43951 48049 5685
44751 54249 5545
53492 49508 5386
53389 52611 5176
42352 59648 5069
46836 51164 5606
57493 44507 5139
55217 47783 5333
31384 61616 4650
38593 59407 5232
49322 50678 5556
52398 45602 5514
59399 41601 4682
58735 42265 4932
52256 49744 5458
48149 50851 5584
35973 61027 4939
43160 56840 5439
60326 37674 4448
51708 51292 5421
51273 52727 5363
41876 59124 5210
48786 56214 5259
40437 60563 4880
42667 59333 5133
55189 50811 5033
42388 47612 5693
58948 43052 4617
55186 46814 5358
43655 57345 5386
43728 56272 5468
38776 57224 5442
39111 60889 4831
56662 48338 4982
32389 61611 4709
49013 48987 5601
59296 41704 4757
33518 61482 4838
48801 57199 4812
37193 59807 5179
45265 58735 5097
56679 47321 5148
47774 56226 5328
54293 50707 5235
50020 48980 5571
58146 44854 4932
42044 59956 4977
44888 50112 5656
53775 51225 5253
44765 59235 4966
58809 43191 4823
60192 37808 4524
47034 55966 5399
60144 38856 4394
36496 60504 5050
44371 55629 5491
47601 57399 5161
35579 61421 4826
51881 51119 5419
58632 43368 4904
36289 60711 5007
54633 46367 5398
50165 54835 5294
47101 52899 5548
50512 48488 5562
46512 58488 4979
60098 37902 4567
56568 46432 5225
46109 49891 5643
33406 61594 4756
45928 56072 5430
37985 60015 5139
50093 55907 5143
47125 49875 5627
36931 61069 4917
46561 49439 5643
53740 44260 5457
58722 43278 4866
58300 43700 4995
46673 50327 5627
49059 56941 5014
50298 55702 5154
36704 61296 4819
41068 47932 5694
48604 47396 5623
49220 47780 5608
34426 61574 4705
48603 46397 5627
42226 51774 5648
40491 47509 5696
55354 48646 5277
59783 40217 4580
48178 56822 5216
52438 51562 5353
52948 45052 5495
50951 49049 5539
46256 48744 5655
43096 59904 4782
41754 52246 5638
49887 48113 5588
50764 46236 5570
55293 48707 5280
43408 59592 4982
57633 46367 4866
40883 49117 5689
43015 49985 5677
48210 56790 5219
60784 32216 4108
42041 55959 5507
43144 59856 4828
45040 49960 5657
