80762 82381 91128
90942 76852 81207
80641 69796 96281
76773 74225 96256
86908 79945 88568
81410 80945 92031
90168 72198 86818
77611 84052 90347
84567 70463 94628
91109 75735 81925
83148 70445 95416
78676 72569 96500
90533 71092 86109
85799 83666 84906
81513 86913 83395
78778 86887 85545
76755 68181 97267
78913 70386 96751
85646 71126 93839
90029 76338 85535
89195 80442 82148
86199 84689 78935
88202 82055 81505
73114 68480 97427
85600 85289 78372
78821 85544 88023
75697 71216 97034
91924 73076 78936
85425 77215 92041
88225 79067 87273
78004 72958 96544
82460 81571 91056
88952 70083 89527
82739 87361 79644
86050 83640 84495
86903 69949 92569
87911 81588 84229
90735 76385 82983
89902 78716 83412
80954 84948 87906
76490 89503 76489
78384 84087 90177
81244 88100 78393
90942 77274 77746
82996 87258 79505
84058 74616 94078
90016 74420 86497
87935 74546 90447
82259 87129 81886
85822 74707 92888
87885 80154 86639
75886 71967 96887
74586 89689 76793
85013 83834 85890
85853 85021 79037
78477 85166 88760
81365 75837 94923
87748 82240 83034
79677 69846 96559
78705 76371 95220
74789 85984 87886
90432 75100 85180
86461 72642 92842
76492 77630 94712
81148 75366 95152
84500 81934 89360
90048 73343 86787
76603 69208 97221
86881 80895 87500
82593 87042 81687
80707 71470 96154
79799 88193 80377
85579 73317 93490
78306 89214 74968
91446 75688 79151
91824 69272 81004
83597 86953 78975
86577 83995 81452
79963 87606 82848
89990 75397 86144
91408 75916 78526
82932 77225 93719
77954 79099 93894
90500 77643 82341
87012 73771 91974
85305 77070 92213
92124 69909 78209
89981 71106 87442
91618 72803 81593
76758 89442 76626
73911 69555 97315
88477 81402 82620
85832 85006 79765
77243 71970 96804
83731 84319 86712
90834 77276 80829
88034 70097 91053
75708 72622 96747
89700 70208 88060
78893 73640 96235
80412 74434 95673
79303 78922 93835
75184 71047 97077
91274 74636 82208
76999 68332 97225
85169 83361 86494
80243 88467 77846
84357 85069 84597
90288 78504 81644
88304 80485 85208
85398 84924 82574
88525 77740 87830
88856 71907 89547
77631 77222 94917
72078 90292 73232
82560 71079 95570
92046 71524 78585
77432 72721 96657
75485 71073 97068
87035 83709 79740
92076 71916 77051
83688 73912 94508
88541 79764 85750
74555 87213 85312
75714 89380 78145
88502 71654 90164
75839 87336 84970
89269 78920 85013
79158 79770 93377
86644 70866 92880
83676 82250 89721
78756 70916 96732
76902 69999 97137
81220 73620 95618
81321 86142 85415
89865 73783 87080
81803 74365 95229
91843 73097 79849
85096 77012 92412
90646 72507 85455
76601 89363 77570
83578 79848 91807
87488 83208 79094
80489 76523 94873
82815 74227 94863
86351 80925 88278
84568 71427 94532
91139 74760 82746
72088 66642 97512
87296 74272 91422
77886 69251 97044
74590 89834 75700
83524 75696 94027
91849 71188 80537
90509 78103 81201
91060 72991 84087
89104 69340 89287
80419 88099 79993
82126 77446 93944
79697 88504 78827
81654 71485 95873
78164 77372 94809
78117 88883 78662
89841 79032 83166
80944 82556 90906
90589 77517 82072
85731 80772 89293
79502 87494 83581
85799 74185 93097
80291 79813 93154
86025 84130 83334
74096 90126 73169
77976 70888 96892
91606 68594 82199
78444 83257 91012
74313 89551 77735
84429 78857 91967
82458 84256 87919
84576 73658 94078
79798 80249 92980
90391 76968 83714
82718 77608 93613
76072 85155 89104
84785 78082 92117
92010 71372 79196
78716 86114 87023
74765 89731 76386
77579 86374 86876
89329 76418 87007
77088 82557 91722
88896 81357 79450
80559 84852 88311
81066 88153 78516
82877 75768 94363
86275 82712 85765
81155 85432 86874
86302 73600 92799
90877 73864 84328
77374 83560 90884
82594 83521 88965
85976 76129 92098
79872 88111 80703
70842 90491 69701
85145 83097 86983
82984 71973 95233
89865 79428 81580
82778 74680 94763
85681 85133 79928
90200 78941 80810
86436 76874 91248
90994 73608 84024
84908 84817 84183
87006 75861 91107
88100 81050 84753
80523 83919 89673
83287 86744 81576
88879 79264 85573
78607 87403 84277
86451 72001 92976
89043 71125 89269
88250 79250 87029
90057 71807 87181
74362 87433 84794
86847 82755 84500
78390 73049 96455
80777 84457 88762
78484 83743 90507
84277 82563 88828
78600 84723 89373
78778 84512 89612
79173 88938 74987
86821 81847 86188
80345 83051 90676
80847 88306 77049
88216 77807 88332
85367 71571 93988
91512 75534 78621
82166 74850 94968
91948 71049 79878
86606 78838 89892
91638 69977 82039
81885 69044 95920
86232 77083 91355
82046 86623 83668
89496 80414 79350
91777 71806 80851
76399 86002 87816
87347 77580 89817
90064 78814 82342
73765 90202 72495
75467 86586 86685
76744 86924 85856
83767 76841 93418
76866 82310 91911
83099 82270 90085
87598 81985 84233
74698 89383 78551
82476 80085 92203
77118 88238 82465
86229 84410 81279
73195 89916 75794
78167 81137 92630
82067 73183 95430
81237 73932 95544
87735 76930 89621
85915 82523 86726
80834 83797 89670
81483 84560 88187
71797 90438 70438
80790 71182 96158
84633 85616 82553
75010 88400 82266
75030 69820 97259
78613 75121 95776
85811 71878 93642
78551 78004 94434
83434 84657 86414
88588 72026 89982
75792 85422 88733
88250 79795 86339
92082 69292 78786
85830 81159 88758
87241 82190 84737
81988 69810 95867
88297 82212 79176
84063 86612 79523
86967 83651 80892
86020 83004 85711
79910 82709 91153
84382 81636 89827
89114 80735 81616
78087 84425 89879
81446 84105 88873
88852 78229 86827
81077 88015 79484
75140 71895 96915
88822 78403 86701
80041 83923 89840
84786 85276 83374
88784 71005 89753
85413 82161 87964
79127 85390 88155
85486 76306 92456
83066 78588 92908
87594 82991 80379
73726 68422 97424
77211 69699 97124
81116 79160 93352
81036 87545 81846
92025 72535 77562
90306 71104 86669
87943 77477 88985
80782 80125 92866
78595 82073 91924
89148 80857 80904
80593 68534 96333
79933 85906 86806
87003 83802 78575
91928 73287 78331
73463 90272 71367
80058 82331 91422
84191 84359 86056
85292 80291 90222
73365 90140 74070
79468 72280 96370
85920 75762 92328
81860 87150 82406
83696 75209 94100
88718 70678 89896
75361 87269 85165
77825 89204 76816
87053 78397 89668
84760 81758 89299
86658 75153 91860
79368 82108 91754
80169 87635 82526
85950 73156 93242
87429 73471 91475
84716 83871 86230
88729 78293 87008
81978 71612 95733
90496 77967 81669
75796 67935 97337
85751 82231 87400
80537 84135 89372
76582 86223 87344
86694 82708 84982
85053 75705 93063
84206 85465 83969
90028 74016 86624
72119 90179 74116
88496 76407 88704
86774 78457 89975
79724 75139 95578
87672 76069 90158
84006 77883 92751
79346 80496 92898
80221 82587 91150
89605 78142 85077
86429 83007 84964
87716 80749 86202
86786 79787 88948
74039 66419 97443
92020 72633 76809
82265 87704 77942
91263 72119 83643
84495 83021 87919
85538 75690 92700
74789 88804 80969
83361 81788 90372
85286 74968 93192
77483 86861 85864
75098 67414 97391
84629 86041 80577
73644 89548 77783
81860 87901 77543
75323 85416 88751
85295 72639 93860
77326 82228 91969
90774 73479 84775
91677 71279 81651
88781 80979 82504
88581 81278 82514
71733 90423 71683
75236 69940 97235
82658 80260 91981
88956 75160 88411
88774 79640 85302
79985 88630 76780
73775 70325 97194
83594 76323 93736
75204 89560 77335
77629 74965 95937
86050 79912 89752
87172 71718 92140
86197 70398 93352
77793 68413 97071
89180 80889 80194
91170 76669 79140
91158 75329 82104
92123 71217 76893
86024 82738 86176
74556 68630 97398
88045 82439 80355
89642 70892 88160
80197 87953 81052
82443 79056 92888
88538 77105 88232
80224 71914 96226
82890 86018 84300
84908 76361 92889
86410 81342 87651
79256 88233 80876
81372 81189 91866
85527 80567 89739
77604 85483 88457
76823 80665 93021
84976 83411 86692
90252 73822 86141
85170 82811 87371
92138 70524 77675
88829 79652 85133
76055 84775 89628
84088 85944 82790
79017 83628 90479
89945 70325 87544
85881 79286 90374
89334 78793 85022
80272 72344 96149
87727 69472 91490
89468 70608 88528
90264 70374 86798
85832 84589 82256
91781 72774 80531
88978 75436 88235
89058 80004 83862
78272 79952 93345
77087 78298 94375
84828 69802 94500
89360 72234 88585
75043 89828 75419
86055 72488 93330
87602 80351 86950
76085 88924 80231
91467 75674 78907
80056 88246 79744
83127 83098 89118
85593 85024 81387
79665 79256 93602
77629 72674 96645
81255 81945 91302
88382 81886 81198
88271 76353 89087
79532 73782 96067
87825 80964 85652
80359 73317 95953
80887 88291 76989
82476 82462 90239
80028 72696 96162
81024 78659 93666
88521 80691 84196
85330 70709 94104
86294 81705 87339
87789 81549 84646
83000 86713 82255
75166 86819 86220
80378 81673 91869
82749 73167 95125
89934 76114 85902
80559 77288 94484
91969 69465 79963
76489 84058 90407
78548 71932 96622
80396 74085 95782
82328 82092 90677
79516 73298 96167
85206 81491 89120
77083 69113 97173
80923 84711 88306
83812 75424 93957
81340 76267 94768
85807 82004 87631
90368 70199 86554
81436 87956 79077
80483 88447 77054
83253 81189 90972
84360 83844 86744
81751 86515 84214
85663 77658 91575
91204 74287 82808
74752 69533 97302
89603 77696 85573
82178 87243 81534
79299 71090 96592
79273 86121 86734
89467 80284 81210
76579 79894 93466
82799 76617 94058
87206 72066 92056
86323 77687 90913
81223 87182 82937
81338 88112 76652
77431 70457 97034
90537 78244 79729
83408 75481 94170
90669 76726 82866
85108 76062 92879
89505 75708 87035
85800 71678 93673
75448 73871 96387
84202 76108 93483
83447 77826 93127
73406 90027 74954
69116 90497 69040
86030 77841 91137
85293 73286 93714
84797 77132 92584
80130 87844 81672
75280 89933 73915
83987 71078 94889
88436 71015 90336
74818 67908 97399
75980 87818 83776
84025 69677 95026
90425 78556 78586
88932 78731 86085
81060 69862 96152
81685 86001 85410
79507 68789 96655
81780 84222 88485
85086 85786 78335
90088 79321 80135
87772 80060 86985
83353 86353 82878
80404 70478 96317
78060 77046 94973
90355 71416 86540
81031 86743 84272
82477 80413 91953
89150 73242 88727
78347 77941 94494
74843 86725 86430
86986 79488 88938
84974 85211 82958
85239 81121 89510
89244 74053 88293
86138 73770 92921
87726 78868 88341
89100 77384 86927
70388 90484 70240
81126 81740 91521
88182 78404 87974
90913 74635 83709
79620 87523 83407
86987 71810 92362
73711 90116 74010
77640 88453 81422
78924 88911 77092
76052 89037 79788
89554 80275 79998
84918 85925 78798
76252 85615 88450
81437 82120 91080
86606 73617 92462
90997 75539 82752
84735 80000 90988
84883 82159 88693
83938 86014 82921
69776 90492 69623
75346 72015 96891
77229 89254 77402
87420 70816 91913
85764 83739 84834
90516 78332 78317
88701 80070 84857
83025 86929 81313
71657 90436 71198
86547 76103 91553
72442 90353 72370
83244 84872 86202
82526 69649 95669
77427 89447 74667
79679 86993 84710
74462 89155 79614
85621 72262 93715
87597 79052 88372
89723 78727 84048
87989 79865 86793
80636 80566 92594
91109 70243 84408
79040 68105 96788
83541 70925 95150
80856 79186 93412
82435 87284 80807
84609 73159 94161
90948 75945 82573
78586 78527 94151
77671 83222 91182
91239 70755 83919
72818 89934 75709
86632 82385 85664
81502 87560 81157
78372 88572 80077
87048 83461 81531
82495 87471 79684
80683 88353 77610
77207 85278 88847
90172 78390 82720
79655 83633 90299
88214 71770 90632
77495 80846 92860
87943 77025 89262
89347 76190 87099
89815 74238 87021
87206 70452 92187
91174 73872 83172
78614 82607 91525
75635 85734 88286
84293 73598 94249
89428 77575 86084
85225 77514 92051
92077 70336 78812
79478 81467 92212
87851 77937 88835
88229 73688 90268
90870 71094 85214
91868 73793 78694
92057 70673 79038
77274 89340 76630
88869 80542 83338
76549 72600 96734
73091 90072 74767
85123 79665 90844
91354 69900 83425
87802 80052 86940
83857 71658 94878
82379 71443 95591
84444 69691 94762
82443 86575 83355
90498 77093 83104
81207 87067 83263
77467 76294 95372
81332 87821 80113
89878 71406 87634
89663 79830 81524
76936 75345 95857
77995 70541 96922
80091 84780 88691
88509 79086 86634
77107 73557 96444
85463 77957 91585
77314 84390 90049
85231 83684 85812
90421 73218 85862
73242 66915 97478
75189 89810 75397
83969 79431 91875
77961 87745 83594
90795 77628 79414
76799 68631 97235
79995 86229 86124
87582 82705 82028
79656 85219 88220
88139 77233 88827
76112 89322 78210
88013 71456 90975
81124 87646 81329
83459 86125 83389
89242 73776 88392
79749 77511 94523
88759 72273 89647
88593 81754 80322
76318 89351 77888
83496 84980 85732
91380 72658 83040
74363 89661 77055
81555 78598 93541
79727 84921 88696
82246 79967 92405
89592 79925 81660
82275 79583 92634
91368 71895 83239
83815 84757 85798
80010 85158 88160
86174 84230 82321
82398 73875 95129
87927 73459 90787
83334 79028 92485
75184 88039 83222
87615 79965 87381
78752 87819 83079
74769 87759 83951
74758 90044 73167
75486 89918 73075
84707 82145 88905
73325 90198 73390
86726 83233 83758
82542 87102 81529
76518 88133 82876
76079 89706 75070
85981 84784 80793
81860 84636 87767
91081 71711 84359
86381 82411 86075
90491 71713 86129
82627 81973 90623
86127 73161 93098
77611 75952 95527
77803 88258 82140
86333 78188 90614
76972 85669 88282
77283 68814 97163
88020 78051 88490
72472 90370 71035
87532 75596 90558
91465 75259 80175
83452 86575 81866
87506 81746 84957
77160 84784 89591
83643 86807 80541
84260 69261 94891
82057 84488 87857
82079 85140 86750
82947 77437 93598
83627 78832 92452
84078 72930 94510
89604 75457 86949
82043 73711 95319
86028 75513 92342
88288 75884 89290
83166 79555 92231
76306 89543 76408
84937 69980 94419
78045 82296 91842
87679 79367 87930
73200 89998 75276
90275 78368 82112
78581 85222 88633
78003 86010 87530
76924 71656 96883
86231 75160 92311
81948 87251 81889
79131 86394 86294
78676 81792 92120
90402 78600 79319
90916 72181 84763
84300 69854 94849
79350 85373 88088
76639 88730 80772
91428 73357 82270
84122 71274 94793
89033 78209 86440
80054 78449 93981
77246 89496 73559
75920 89409 77823
85534 70418 93980
74301 67910 97426
84593 86213 78197
90777 75900 83350
92151 70660 77207
82762 69741 95575
78587 68441 96907
85571 74747 93063
72966 89732 76856
87897 82435 81571
85391 74780 93184
90033 77666 84325
75316 89254 79093
91956 73116 77788
88089 75769 89659
77961 89310 74421
85474 70546 94017
88602 79448 85996
83257 83952 87747
77868 73932 96254
87911 81846 83594
92020 68969 79468
86303 83557 84059
71232 90464 70732
78710 68786 96880
85970 80283 89516
74833 69358 97323
76868 74590 96127
88552 81795 80443
84944 74317 93649
86649 81692 86786
83954 80652 90978
88639 76728 88255
84956 83133 87186
77102 87689 83976
90797 76708 82301
83062 86369 83220
73585 90069 74547
75164 69069 97342
76116 73019 96637
82256 70963 95708
85735 76698 92034
79132 77555 94590
78909 73989 96126
85589 83618 85345
86350 83449 84191
75263 89001 80222
77540 73138 96541
80716 79750 93110
91389 75865 79290
85532 75305 92866
75615 67412 97364
76934 88975 79519
81921 87541 80543
81933 75082 94989
86363 84497 79502
88615 81760 79035
78853 88237 81321
74134 89477 78117
89531 74029 87712
83565 77053 93435
91728 74467 79104
81240 79696 92971
76692 83340 91132
78986 76078 95326
83166 83398 88740
88788 80903 82727
84718 75277 93455
86997 83709 80255
90277 78783 80659
81526 78982 93312
91427 75495 79986
92144 70075 77820
83314 68975 95356
80505 88406 77733
80510 75361 95332
81443 83044 90196
88714 77396 87734
82054 83297 89620
91447 74589 81089
90256 78797 80903
81619 72038 95820
89626 72810 87946
92167 70052 76089
91065 71147 84552
79625 76220 95158
74360 90150 72240
72878 67056 97483
88669 80841 83348
88363 70025 90544
80007 87199 84005
90803 75272 83699
88577 74241 89517
83351 86509 82330
85092 85630 80431
82604 76310 94292
74841 85212 89048
83554 83614 88045
84060 85407 84299
87439 78839 88790
85075 84157 85208
81183 72852 95789
78445 77079 94915
73764 89820 76302
83846 81837 90008
90254 78139 82717
91995 70350 79720
85844 84120 83829
80692 83312 90258
79768 88722 75721
91115 73202 83781
84343 77528 92717
89453 69096 88591
84685 83057 87639
76565 89640 74943
73278 68344 97432
89375 75218 87563
76253 89021 79772
85545 78829 91005
89359 76818 86710
83899 82441 89356
91065 73657 83722
92100 71410 77814
75279 70953 97092
80660 78800 93671
79775 80397 92892
92093 70825 78427
81277 80297 92553
77594 80451 93095
78301 73513 96351
76003 69008 97283
87588 69894 91687
85763 70816 93789
91447 70975 82940
77722 87615 84024
79136 88757 78044
92147 69728 77747
89911 77627 84742
77915 72194 96690
85737 83343 85588
86014 84311 82653
90124 73568 86539
81727 76899 94393
83632 72777 94771
91751 74615 78401
91812 70060 80991
83218 80653 91396
89652 74054 87450
76430 86932 85895
87418 79982 87694
88899 69941 89627
80335 78156 94087
85977 71683 93529
84922 80328 90544
79347 87414 83933
87476 76313 90316
88833 72938 89392
83571 74825 94297
86693 83376 83448
86759 81387 87040
76793 82078 92077
86343 76312 91660
80795 72503 95984
90416 76557 84112
84221 75142 93811
