79210 72233 72254
65333 82545 74491
79121 68521 77492
67424 80593 78558
67227 69798 85797
67022 72925 84619
79008 72529 73332
79929 69560 72619
80134 67173 72673
74232 78585 73039
77334 75168 74430
73409 66566 84543
80460 66339 69236
66229 70883 85481
78050 72606 78167
77267 75167 74962
79368 69997 75908
73015 66733 84729
65989 82187 75407
66035 78391 81342
76888 75842 73190
67612 81142 77214
67820 80960 77509
65317 78818 81043
65159 82877 72988
68492 78670 80640
70968 68674 85264
78872 72760 73786
75127 69941 82995
75887 75375 78770
76852 73345 79748
72687 78595 77547
67242 78985 80635
66007 82037 75929
78673 72673 75652
74295 76794 78845
73698 76612 79792
65303 80788 78721
64312 83100 72252
66524 82418 73736
77589 67813 80610
69756 76115 82308
68832 71449 84980
72484 76131 81177
66899 76052 82930
77777 71213 79656
66408 81929 75948
74553 71152 82937
70602 80763 74506
65907 65386 86458
75204 67488 83458
68757 78457 80758
77425 71265 80250
79036 70022 77270
75003 75817 79433
75287 66853 83434
70920 76848 81398
67773 80729 78093
66314 73817 84222
64264 64632 86553
73321 79287 71862
77085 74361 77984
76687 72890 80292
70371 75432 82599
76190 67419 82679
74318 78217 75623
74642 68352 83700
76845 67224 81841
76052 76583 75239
75908 76538 76258
73442 77624 78504
66395 82661 71254
71743 73283 83365
75448 76431 77680
80487 65112 67221
66913 73058 84567
68585 66630 86055
65267 81913 76580
76782 71787 80903
67508 79445 80123
74701 73858 81509
75130 72356 82033
65420 65489 86479
70707 80033 77019
69989 79993 77833
65300 82097 76102
79334 67393 76915
65533 82909 71045
78713 70096 78085
60840 83487 68025
76775 75265 76862
71694 75894 81788
78776 72752 74569
79174 70872 76012
69151 81356 74908
67713 75280 83315
80063 69355 70679
76076 76050 77057
76446 74414 79178
76754 68729 81838
78522 72044 77453
77835 72962 78356
75706 77169 72709
64728 74659 83844
80352 65358 71356
78352 68033 79189
65465 79436 80441
75594 75000 79651
74225 75630 80437
64840 76983 82477
66571 76403 82745
63927 83161 72144
73261 72181 83190
66041 76708 82594
66406 66425 86375
66960 82494 71439
79024 67176 77847
68149 67576 86086
77996 74430 72597
68300 78966 80400
75061 76322 78632
74504 70760 83103
80025 68440 73074
62344 83232 72185
73060 74353 82121
68864 80106 78515
72391 71913 83698
72164 66128 85089
66925 77908 81613
67997 66208 86157
67782 70538 85502
77838 69639 79922
64779 80743 78808
71460 80457 73455
79682 69473 74561
77911 72109 79033
72625 76564 80691
72295 78758 77746
78810 70757 77629
78073 74323 71627
68159 76245 82627
69029 81647 71864
70845 67631 85492
76066 75992 77239
76505 67910 82278
63515 83101 72803
69342 77981 81009
79565 68791 75914
72521 68662 84767
77695 69078 80277
70983 71854 84270
79831 69423 73522
69259 78781 80255
70087 81158 72611
73096 75805 81071
66851 73010 84595
75304 71192 82403
79748 68905 74680
64340 78650 81258
66707 72519 84811
66757 81984 75416
76903 75443 75857
74523 76002 79716
64687 82959 72995
78452 67012 79065
63810 64021 86574
69595 70212 85294
79164 70384 76578
76982 70915 80996
80321 66951 71239
77361 75268 72449
69491 70472 85229
76040 70464 82154
73392 79203 73553
67034 66321 86301
67983 73109 84424
74019 73164 82310
75638 77091 74898
66292 82207 75038
62890 83357 71044
78398 71522 78314
68486 75326 83155
64582 66129 86480
68738 81759 72138
74318 72503 82492
65706 82829 71909
71307 80610 72254
73058 79482 72808
74404 77218 77927
75695 69849 82642
69485 78311 80663
79664 70078 73874
72433 79744 74975
78020 72925 77844
64998 75304 83490
80260 67868 70843
77823 73527 77472
73932 68722 84012
73667 67474 84410
65874 81337 77754
62721 82997 73445
65718 82356 74944
66967 82088 74813
65515 74388 83968
71761 66268 85236
70254 79697 78245
67843 77973 81388
77981 71209 79278
79876 69888 72337
79985 66178 73960
67670 78739 80767
62792 83057 73196
77088 73530 79136
80218 65749 72410
67629 72710 84647
75591 67179 83192
61787 83329 71612
77479 72536 79524
77850 72668 78684
68470 73006 84403
68729 75804 82802
66468 78860 80895
78875 71695 76456
75939 74143 80201
64004 83160 72102
66748 82433 73118
71706 78882 78185
70486 76463 81829
69388 72200 84583
71521 70524 84584
74630 78047 75175
75517 72403 81729
80331 67263 70526
71719 67413 85198
63464 83318 70732
78090 68702 79636
76531 69193 82029
71049 65620 85479
78417 73427 74519
65057 73911 84206
76171 68318 82544
72797 75299 81679
78857 69026 78009
64276 64579 86554
67188 78008 81492
73439 78922 75473
78090 69962 79415
71547 66957 85280
68495 80657 77737
78899 69468 77809
64452 82803 73853
67968 81989 73495
73634 77974 77509
77162 74220 78041
65438 76355 82855
73905 75311 80925
74723 70331 83130
62007 83462 70041
69527 81311 73897
75598 77195 74332
80326 67619 70017
79807 68625 74419
77356 75214 73750
79779 70371 72086
64802 82498 75038
65000 82834 73478
70796 75123 82640
69292 80134 78191
79959 69848 70521
74451 77449 77343
71482 79772 76658
78528 73408 73774
70541 69472 85232
80044 69330 71240
77882 70846 79588
71317 66366 85387
66342 79957 79774
78595 69146 78573
68332 79308 80031
75460 75547 79181
65317 82498 74702
62009 83212 72340
78173 66619 79656
66740 69901 85818
69285 81547 71355
73232 78777 76279
67743 81936 74433
71047 77315 80910
70201 66036 85751
67803 82164 71717
71833 68774 84980
67614 73568 84246
64891 64070 86527
73872 70210 83618
77695 74835 72242
74881 76877 77835
68361 81007 76931
77790 71201 79636
70889 76272 81833
75084 71823 82306
78676 72357 76373
73346 78301 77242
69076 72718 84438
74030 74476 81531
77898 74381 74194
77251 66810 81218
62510 83414 69985
70199 76794 81674
80287 67963 69630
68986 66969 85972
75780 68619 82886
77539 75037 72438
69110 79461 79493
67133 80337 79075
66929 77134 82186
79322 71492 73868
73772 78927 73536
65945 82713 72688
65251 82317 75418
74916 77589 76001
77293 69586 80849
68403 69194 85825
66906 74460 83849
77741 69126 80191
75268 67344 83424
64302 83020 72887
76016 69833 82370
72176 79426 76464
70454 72568 84130
69683 73584 83921
65852 71147 85385
79573 71217 71361
68516 81147 76410
73025 79363 74757
77093 75139 75953
76467 71867 81233
79946 69769 71496
80011 69300 71969
78924 72883 71139
69857 74004 83639
74151 78609 74433
76958 70284 81212
68813 80460 77898
71863 79513 76718
76711 75477 76542
73884 76677 79492
72008 80172 72769
75011 74282 80907
76503 75584 76932
80427 66129 70101
68444 74611 83576
76361 70847 81709
77412 70598 80431
76884 70807 81159
77684 70376 80038
68759 71963 84795
69718 68591 85656
72766 74340 82278
65515 72974 84631
73867 78682 75226
77973 68137 79957
69565 66776 85879
78065 72312 78495
71737 76793 81069
76431 75884 76407
77335 66371 81106
69375 79248 79611
73790 77355 78520
73700 70534 83607
75559 66327 83234
72422 67036 84956
63414 82966 73459
79218 69549 76854
80149 68230 72059
79864 70048 71885
64779 80364 79366
79717 70364 72861
77132 74540 77514
71777 80068 75325
78803 66867 78320
68808 73705 84016
77549 74883 74387
69968 81222 72176
80474 65963 68603
67949 74221 83884
66581 81277 77581
67642 81796 75206
78067 73156 77260
66179 76039 83011
68875 76739 82109
80163 68695 70881
68160 70568 85429
71237 80482 74322
80470 64577 68862
66857 73740 84224
70172 77633 81042
67672 76348 82648
68157 78636 80746
67353 77662 81745
79796 67596 74830
73059 73814 82438
68082 82029 72379
75329 73717 81084
78220 67038 79540
73730 71304 83337
76583 75915 75534
75498 77306 74306
77524 68675 80623
67748 67237 86169
76337 70216 81925
66168 77968 81655
73246 66809 84620
76528 74968 78242
62199 83389 70953
80252 64722 72266
72509 67931 84850
78647 70841 77980
80026 67330 73395
66457 71244 85342
68494 79322 79963
78167 73522 75844
69304 74581 83429
76056 76817 72943
77750 69699 80065
65607 73814 84247
69017 77836 81221
79283 71798 73222
65820 82442 74470
66744 77436 81994
72603 77855 79082
66514 79297 80485
73035 77352 79394
65299 76854 82557
78637 73502 72418
77154 68233 81284
75606 76303 77620
72954 72660 83119
79519 69806 75204
80002 65135 73877
72894 79598 71329
66889 81520 76761
70660 74254 83237
78596 72510 76454
79276 68496 76996
69389 80628 76951
77641 70889 79989
75744 73175 81110
72478 71073 84013
71700 78183 79402
68399 68732 85930
71816 79282 77302
65921 81568 77170
77081 68659 81344
79664 70830 71788
74697 72528 82254
78128 70302 79270
71415 76484 81472
80442 66736 68696
77969 66132 80021
64635 79707 80191
70203 80684 75836
76706 67801 82005
76575 75147 77772
67853 77407 81851
79187 71665 74551
71990 73646 83048
75186 77275 76232
79122 69997 77022
65888 68271 86186
71484 78175 79587
75881 67710 82916
72186 78334 78664
73672 78542 76053
66187 77490 82021
77198 72663 79881
79865 66331 74669
66115 71744 85153
67998 65416 86161
75659 73343 81082
67675 69601 85807
77407 67125 80955
76576 73825 79649
78977 71433 76324
72582 77180 79990
72425 79907 72599
70021 71285 84789
75331 77022 76567
77489 73644 78223
77765 71811 79459
76070 71191 81835
67974 71466 85114
71467 75907 81868
75805 75811 78184
79252 71196 75024
80494 64321 66269
69352 77415 81472
74341 76097 79793
75731 72595 81482
67021 79548 80144
69952 66595 85802
68747 79867 79009
65443 77336 82216
78907 71181 77036
74134 73847 81850
72979 79516 73178
80252 68188 69865
67020 72409 84847
69104 81538 73348
74728 78125 74124
66939 81856 75684
78025 73437 76860
65960 75518 83346
66170 82684 72194
78220 70780 78957
66754 81142 77778
77598 74025 77072
78881 67755 78123
61122 83480 69470
68731 78937 80305
72626 79776 72926
71070 73322 83590
77571 73458 78301
66949 69017 86001
79474 70254 74926
77209 74399 77571
72177 79765 75554
66337 70254 85712
76531 74137 79394
70645 80879 73240
67827 82069 73213
67180 67742 86229
70100 76630 81828
79373 69524 76358
69995 65756 85799
69198 66001 85960
79890 67954 74128
64890 81850 76896
69746 79334 79223
65232 66606 86434
70642 78036 80359
80089 67202 72997
79806 69592 73493
63865 82764 74262
65707 82689 73489
66056 81946 76153
69143 81098 75841
70400 80472 76180
76416 76307 74344
68994 78994 80137
70204 78795 79665
74053 72115 82829
69095 77110 81783
73570 69995 83843
67119 70930 85448
75525 70670 82449
70949 79001 78797
80232 67936 71238
66646 80440 79096
72268 79899 74590
79609 70873 72589
74955 66657 83683
71862 79845 75884
69815 67932 85723
69355 77829 81136
74919 67352 83651
69327 73857 83837
70363 67165 85652
62591 63360 86584
64350 78084 81721
64615 82895 73370
64883 83047 71924
68599 72787 84486
67257 72354 84841
67112 81204 77446
79489 67368 76419
69502 78567 80373
72447 72409 83460
69834 74728 83231
77296 73805 78424
62122 83349 71457
75074 77461 75941
73851 78874 73247
69164 66437 85962
64467 82478 75193
77881 74573 73315
79055 71757 75336
75078 69549 83161
62898 64481 86577
71968 77924 79542
72126 74638 82382
79296 70467 75810
73082 70713 83859
71422 75681 82043
63682 82705 74558
77908 74239 74783
66002 79907 79908
76694 74529 78604
65597 80579 79052
63986 63812 86567
64641 79403 80540
68287 81960 71807
68815 77415 81609
68039 73605 84186
63050 83250 71879
72189 79884 75056
77752 74339 75467
74009 66781 84234
63860 83262 70410
76925 74293 78529
78429 73044 75864
78554 72569 76541
65495 66171 86454
70199 72006 84465
70511 70243 85015
76940 73999 78857
77250 70099 80800
74198 77427 77803
77889 71564 79326
78507 72338 77125
80464 65087 69225
69220 78524 80545
76860 70176 81375
69872 69563 85403
65496 74657 83833
74764 77321 77037
79066 72411 73228
77384 74365 77039
71435 79541 77242
