29830 28071 31584
27515 29929 29266
29776 27251 32145
29789 29658 29734
33087 25980 29865
32216 28693 29183
30442 27815 31709
30876 29511 28452
30543 29628 28779
33579 24431 27934
32941 26896 30160
27952 25823 32869
28017 25524 32899
33347 26536 28881
29804 28951 30881
33098 27421 28730
27843 29998 28782
32394 28527 29300
31558 28663 30419
29606 28784 31035
27456 26196 32763
32901 26043 30295
33354 25527 29130
32818 27471 30367
29048 30017 28496
30741 27205 32002
31924 28995 28526
32114 26732 31399
29510 27874 31770
28758 26377 32648
28441 25591 32880
33482 25652 27998
27783 24666 32953
27581 26737 32550
29657 29497 30326
32417 27905 30868
29158 27607 31965
31657 29098 29174
27528 25756 32888
32963 27731 28857
31393 29308 28944
31689 26642 31865
30416 28695 31006
33183 26404 29473
31718 27845 31315
28854 29871 29295
32127 28630 29948
28639 27973 31724
29741 26148 32640
29655 29886 28346
30122 27618 31895
28873 28870 30982
31428 29301 28115
28161 28569 31248
29692 28600 31175
26542 25478 32922
30903 29128 30129
33327 26632 28670
31176 29090 29933
31045 28087 31395
29252 26380 32629
27786 25078 32943
30750 29458 29331
29770 27351 32090
31664 28079 31143
29566 29823 29111
29077 29706 29918
32394 27459 31025
30398 29413 29969
31906 27843 31223
32154 27585 31264
32983 27635 29068
29108 25473 32821
32634 28184 30155
31887 27416 31512
28986 27035 32313
31371 28582 30652
30747 27105 32057
26948 24875 32971
29820 29870 27654
33241 27010 28849
31061 25901 32182
29945 26822 32342
32669 28177 29326
29080 28313 31455
30548 28953 30665
32644 27221 30755
