45458 45542 5020
46343 42657 4924
41522 48478 5372
45013 48987 4810
43853 50147 5014
35004 54996 5490
41853 46147 5362
45334 48666 4648
33168 50832 5568
26637 62363 4564
36896 57104 5155
44924 44076 5108
48081 39919 4652
31073 60927 4922
34383 59617 4995
42293 49707 5272
33594 57406 5340
41487 47513 5380
48369 41631 4462
22318 62682 4318
49183 39817 4108
21288 62712 4279
40485 53515 5207
36473 51527 5532
35112 49888 5565
29134 59866 5149
27920 62080 4682
48889 40111 4373
46519 46481 4549
33122 55878 5469
36177 54823 5459
35430 56570 5344
31946 61054 4667
35819 58181 5105
40726 51274 5353
43501 45499 5240
49887 37113 4025
47293 43707 4688
40645 50355 5394
48654 40346 4479
40585 48415 5428
45391 46609 4975
33245 58755 5203
34047 49953 5571
36212 49788 5552
32064 60936 4782
44385 46615 5142
30002 60998 4971
46682 43318 4860
41697 49303 5340
34653 48347 5573
28578 61422 4914
31415 60585 4994
34163 58837 5141
48932 37068 4489
34237 50763 5568
39028 54972 5209
50346 32654 4061
33841 60159 4780
48079 42921 4379
38187 48813 5512
42435 51565 5127
50474 32526 4004
29161 60839 5010
36622 52378 5519
45572 43428 5030
37217 48783 5539
48451 41549 4423
49195 36805 4431
48340 38660 4609
35982 54018 5500
28727 61273 4944
38645 49355 5494
43850 47150 5189
44347 44653 5165
49030 37970 4456
47790 43210 4545
28311 61689 4831
22328 62672 4359
29586 61414 4858
39685 49315 5459
48009 41991 4580
38932 47068 5490
49573 35427 4338
37104 57896 4974
34142 57858 5268
33406 58594 5216
37360 55640 5313
27059 61941 4798
50346 33654 4059
47580 40420 4743
34389 57611 5284
34057 53943 5530
46471 46529 4617
39782 53218 5315
45240 47760 4922
44635 48365 5010
40996 50004 5376
45084 47916 4946
48660 39340 4519
39635 54365 5211
48540 41460 4373
49884 37116 4086
34004 55996 5454
41156 52844 5193
39582 51418 5426
36719 54281 5470
40079 46921 5450
24415 62585 4420
35046 58954 5051
49536 37464 4292
37909 50091 5513
50025 33975 4192
29160 61840 4695
45190 48810 4729
43989 49011 5086
48032 38968 4667
35857 57143 5248
37870 54130 5420
29760 61240 4917
48620 40380 4493
33989 55011 5508
43106 46894 5265
44348 45652 5162
31323 56677 5417
42370 52630 4994
40329 47671 5440
40556 47444 5430
42637 50363 5205
36162 58838 4737
42808 52192 4941
49841 37159 4144
30747 60253 5083
29095 61905 4664
24452 62548 4551
29919 60081 5123
37527 52473 5491
44747 49253 4867
43735 48265 5168
42983 45017 5282
46756 43244 4849
34696 52304 5551
35259 51741 5549
43808 51192 4670
36677 56323 5287
33602 53398 5544
46829 44171 4790
48492 39508 4564
36250 55750 5383
50507 33493 3936
43697 51303 4741
32566 60434 4947
49329 38671 4296
44469 49531 4917
49531 38469 4161
47108 44892 4602
30347 58653 5271
47379 44621 4466
49923 36077 4189
29488 60512 5059
40382 51618 5366
38800 54200 5331
47714 42286 4666
46532 41468 4898
45791 46209 4910
33586 55414 5491
34990 58010 5205
41046 51954 5282
36405 57595 5134
50658 30342 3772
34859 56141 5412
28330 61670 4837
35653 58347 5094
36074 50926 5546
32253 60747 4847
45447 47553 4886
38795 55205 5206
29275 61725 4747
47914 43086 4497
50044 35956 4138
37426 50574 5522
26846 62154 4732
46804 42196 4853
43051 51949 4898
34849 49151 5570
30517 61483 4728
46160 46840 4747
49722 37278 4220
34173 59827 4962
33932 60068 4884
38398 51602 5477
43323 51677 4844
47295 44705 4510
36939 50061 5540
32079 60921 4788
33159 58841 5196
40050 52950 5310
43067 47933 5251
49158 38842 4385
49703 36297 4275
39867 48133 5457
33301 54699 5519
35136 55864 5427
45549 44451 5026
40721 47279 5422
28365 61635 4848
48622 41378 4303
36547 53453 5500
30910 61090 4881
49149 39851 4171
35866 52134 5536
50392 34608 3914
48926 38074 4482
41806 47194 5361
50467 33533 3990
36016 55984 5373
38272 55728 5195
36887 54113 5472
43156 50844 5082
35740 50260 5555
32701 57299 5371
41726 50274 5304
37433 56567 5174
37772 48228 5526
47989 41011 4653
43257 49743 5160
47028 44972 4637
43287 45713 5258
45967 43033 4978
41306 46694 5392
49498 38502 4185
36986 58014 4955
30610 61390 4770
43626 47374 5207
31293 57707 5349
36442 58558 4841
43696 49304 5120
47997 43003 4449
32901 53099 5548
40055 54945 5057
45375 48625 4556
28137 61863 4776
42609 46391 5308
36352 48648 5557
46137 41863 4954
41803 52197 5163
38766 56234 5039
41215 53785 5044
37265 51735 5510
33453 52547 5554
50548 32452 3962
45998 46002 4874
33674 54326 5525
45838 42162 4996
29799 61201 4928
42108 45892 5344
49057 39943 4287
37477 51523 5507
42012 50988 5240
37617 53383 5468
43855 46145 5205
34834 53166 5538
40124 49876 5434
38058 54942 5322
49957 35043 4211
44717 47283 5066
50623 31377 3799
50354 34646 4037
42315 48685 5303
34281 55719 5469
38914 48086 5490
50144 34856 4131
47237 41763 4785
50142 35858 4074
48181 38819 4640
47453 42547 4726
31359 58641 5272
50621 31379 3849
40012 55988 4718
28461 60539 5059
47240 42760 4766
50579 32421 3867
39467 55533 5052
43531 51469 4789
29418 59582 5182
37045 54955 5404
36652 58348 4901
32002 54998 5513
38352 47648 5510
49577 38423 4110
32852 58148 5297
39546 52454 5387
35254 50746 5558
33284 59716 5064
39401 48599 5472
36807 56193 5293
35372 48628 5569
46417 42583 4913
27827 62173 4640
50656 30344 3885
47609 42391 4691
32184 59816 5108
42943 49057 5230
46472 45528 4783
31692 58308 5302
37284 53716 5470
31436 59564 5160
40658 54342 5058
30366 60634 5031
38559 50441 5489
30486 61514 4670
35587 54413 5498
38984 51016 5466
38681 52319 5447
40242 46758 5444
26704 62296 4669
47406 44594 4415
33369 53631 5541
37589 54411 5415
50155 35845 3990
46219 44781 4904
