68545 64381 74325
74462 67725 70185
73442 59341 73086
66273 66275 74041
72090 73679 64004
71947 65445 72833
73443 66200 71705
68259 75458 62106
78513 68363 62717
75758 62186 71495
65407 60611 75447
78865 59862 68718
72613 67972 71285
81663 61136 60670
72543 64531 72812
76661 70632 61184
82081 57809 58684
73982 67132 70897
78736 68181 62111
80733 62011 65014
71386 74083 63947
68076 72086 69748
71199 74484 61209
81868 58196 60990
73093 68565 70573
75748 63328 71231
79592 64009 66402
73099 72991 64301
73904 65529 71730
77017 68935 66001
74998 59570 72247
67873 69260 72390
74261 68603 69722
74257 68387 69878
78522 60526 69119
79811 64164 65779
81807 60294 60298
68708 60444 74808
79086 63037 67880
80791 62356 64618
67028 58900 75293
62410 57571 75784
73248 73031 63780
80306 61303 66390
77742 66429 67620
69395 70232 71241
66090 69395 72373
81164 58715 64546
77622 68416 65490
79313 66751 63473
65903 73144 68718
78028 66601 67084
68921 59295 74788
76070 68817 67740
73338 67843 70893
69988 68715 72123
61759 59688 75769
65799 57807 75504
79261 64748 66550
74789 69439 68510
76757 69386 65749
72914 67079 71615
73020 63468 72851
73116 73426 60977
79886 66555 60802
78322 68220 63888
81603 61953 59413
69060 71735 69949
69883 71645 69829
65621 62149 75233
74857 65114 71286
69676 68464 72382
69690 68783 72189
65511 61727 75309
76465 69880 65335
67575 75591 62085
64628 75850 60988
70307 65136 73599
79864 58605 67332
70885 60100 74198
75386 70973 65204
66289 73499 68140
68483 59446 74910
80139 65010 63752
70335 68360 72190
70152 62478 74193
66235 62016 75179
67682 75492 62774
78242 67887 64790
73891 66894 71098
63246 75939 58651
67861 57919 75095
74814 61965 72110
68396 68923 72522
77531 69222 63807
72569 69623 70173
79109 67449 62696
69399 69430 71871
81702 59857 61753
79469 65947 64418
72274 68947 70872
80777 58695 65612
81407 57651 63710
76461 70660 62369
75305 71491 63579
70002 70815 70567
70011 61858 74317
63365 57515 75740
77243 68531 66197
77684 67927 66133
77035 61814 70591
77657 63467 69519
80904 64460 60883
75780 68429 68432
73675 64756 72132
71595 73600 65033
79564 62193 67479
68379 75234 63687
82032 58706 57005
79026 61596 68368
70227 69355 71628
75704 68179 68718
77848 64790 68563
77553 69359 63214
71943 73878 63489
78124 63385 68989
66970 69278 72464
70423 74593 63669
68414 74961 64623
74151 70819 67513
65752 65499 74337
73039 65831 72104
75782 65233 70518
65230 62392 75237
67037 67197 73665
77563 64502 69106
73115 72353 65956
67111 75684 60532
75840 59863 71656
64866 58868 75604
67326 65365 74293
70642 74360 64112
73118 70701 68861
64096 62854 75196
67552 66722 73782
71179 73773 65086
77448 62524 70032
72079 67222 71995
68114 62466 74732
71671 72407 67461
65872 74632 66140
77071 61152 70672
73557 72439 65092
76593 59993 71057
69030 68213 72749
67452 73410 68142
67964 69498 72189
70610 74062 65012
79111 67759 61503
70194 73794 66056
68342 64388 74366
78065 62166 69425
72085 72987 65862
68505 72533 69163
81564 57694 63012
79101 66655 64396
68731 73144 68203
66624 71652 70329
74595 66451 70817
67261 62207 74963
69235 74956 63920
80795 62572 64462
80203 61121 66678
79934 64430 65251
67419 59293 75179
68130 75542 61226
78459 66738 66084
81837 59235 60974
76351 69671 66080
65559 75813 60938
72848 70655 69122
75768 70341 65984
81276 61941 62872
66081 74965 65309
79577 66180 63623
74136 72146 64755
66915 74761 65749
81569 61589 61050
70974 74577 61628
81629 61564 60141
69730 73523 66954
66611 75454 63667
70007 66273 73349
81237 63142 61701
73626 70331 68793
71811 69809 70531
68526 66108 73843
69272 74729 64679
72457 67477 71655
67588 68179 73145
73956 60864 72757
74728 71090 66314
81935 59472 58867
81358 60021 63528
74213 71565 66197
66068 67270 73666
82127 57353 56515
68703 59707 74843
75094 68902 68697
79026 65719 66146
73796 63530 72389
66045 72528 69414
70894 74101 64592
66258 57961 75439
68995 75352 60497
71880 72740 66630
67280 72913 68900
61814 58485 75805
71765 69645 70692
75808 64558 70802
67532 73811 67467
74084 71996 65282
66966 70080 71834
76241 67758 68457
75286 67395 69692
78663 62622 68603
71295 71597 69063
62718 60895 75605
66842 58851 75322
78863 61003 68640
71978 71302 68998
67312 72241 69672
77078 63912 69988
69873 69827 71403
75110 71397 64667
76074 69201 67303
81409 62607 60901
75654 70191 66507
69397 73212 67738
70187 63629 73988
65139 71611 70424
78706 68234 61995
75432 60919 71858
63230 61285 75540
80451 65028 62445
72389 73641 63313
72793 73109 64516
78607 65987 66664
77730 69288 62632
69884 74997 62307
67076 71279 70675
78142 64057 68637
71083 68099 72046
73099 72530 65547
81609 60155 62278
79705 64918 65371
77334 69523 63578
70275 73256 67143
64936 72138 69858
78322 67468 65282
74670 61044 72308
65780 63165 75052
77323 67492 67301
70827 74507 63368
80998 63942 61847
77673 63153 69626
66646 64935 74487
70962 66965 72676
74394 71926 64804
73137 62189 73048
79977 61105 67034
77475 67594 66964
68817 62630 74528
80847 64316 61995
76599 70223 63776
70483 65581 73398
81103 60242 64469
70029 59980 74458
66352 75475 63605
74699 64095 71688
65482 66452 73996
82115 57131 57506
82099 57875 58371
78893 67434 63645
75186 66147 70539
66831 61102 75158
69356 72250 69284
67585 69233 72443
67903 75481 62633
76393 62338 71022
78444 67458 64963
64826 64068 74825
63580 75934 58979
78611 65185 67294
73910 72868 60907
68920 70667 71002
68422 75364 62765
76528 65249 69830
78656 68370 60958
74790 58690 72392
80287 59020 66609
67956 70084 71715
74357 72143 64091
68049 64852 74340
68569 71390 70404
78561 64246 67944
78816 66320 65833
77542 68835 64998
72717 66612 71952
81991 57874 59889
71234 68568 71697
68105 75515 61742
72455 72902 65562
65972 61056 75334
76730 66199 68973
79375 66964 62853
71822 71035 69428
72249 68135 71407
80346 63124 65291
70835 61327 74145
81187 62876 62468
66405 75678 62316
65393 75709 62105
80479 64794 62764
71301 69621 70936
75120 71134 65365
67675 75349 63740
73091 73354 62437
70904 68423 71928
80481 62160 65583
70497 71105 70149
69786 70931 70538
71430 70609 70100
67764 71868 70018
70217 74431 64486
79667 62375 67191
79812 65451 64158
70501 70303 70779
67065 68516 73013
72413 73820 61898
80906 63709 62757
72264 71474 68462
75479 69182 68089
70548 74759 61682
77196 69960 62171
77773 61618 69854
64725 60644 75531
67329 74194 66833
72137 68545 71234
75091 71730 63320
69479 71152 70435
77670 69544 61079
80964 60181 64972
72270 68731 71028
79588 63793 66558
81063 61758 63970
81473 61880 61541
81497 58722 63214
78141 68960 61718
73469 67099 71278
75403 68932 68375
67491 75609 61868
69355 73764 66704
81298 58858 63999
81786 57978 61610
81924 58032 60540
81380 62179 61984
81689 58466 62332
80165 63285 65606
70667 60512 74253
77393 59908 70354
65224 60119 75499
70524 71620 69550
72921 69288 70180
60904 59030 75808
75849 71345 60893
73859 72598 63817
73533 72703 64274
66440 73714 67779
76859 67187 68137
69324 65200 73941
68803 61773 74638
75282 67179 69848
68487 69161 72321
80391 65591 61460
74808 67750 69870
69451 67777 72853
73594 72609 64453
75034 72042 61681
71472 61143 73951
72156 66193 72465
71310 73928 64539
79915 66185 62355
81527 61326 61722
76893 69681 64658
70761 74676 61060
79707 66845 61482
72199 60457 73665
65594 63116 75081
69184 74945 64008
78338 61461 69254
71115 63828 73645
69325 75022 63574
73641 73015 62295
74936 67154 70163
64128 61275 75536
81898 60147 58004
80773 60495 65513
71309 64698 73352
81698 59641 61909
68588 66529 73684
73225 72386 65725
62739 75934 59130
67346 61585 75004
77323 68112 66689
68413 72258 69499
66343 74140 67063
75988 71182 61708
71803 70395 70057
72024 72096 67705
78384 62515 68983
67252 68776 72835
71308 65600 73060
76476 62554 70897
75170 71839 62320
63920 62219 75361
67882 75396 63326
68600 75223 63546
67104 64381 74606
69759 67800 72733
66697 75254 64521
81423 60825 62976
67145 73619 67880
81841 60266 59386
75788 71210 62893
79265 64964 66394
71045 67195 72544
79375 63541 67181
65052 75808 61417
70843 73341 66420
81182 61509 63657
80136 61938 66455
67745 65593 74154
70879 72938 67191
69653 74866 63779
74573 64650 71614
64270 59782 75625
66732 67734 73478
75983 63262 71082
78236 62044 69256
71965 73515 64733
67214 75450 63490
77997 60984 69733
75101 62765 71774
77738 66213 67776
76981 62197 70563
75293 69756 67675
67817 73483 67961
70368 70117 70985
76351 62558 71001
81138 63720 60806
63986 59097 75675
60805 58522 75832
81833 59019 61130
81020 63585 62428
70518 64428 73730
75668 71083 63984
77613 65441 68456
80648 59251 65944
64582 58183 75654
75649 65047 70724
70091 73958 65786
69840 74335 65122
80810 63355 63664
76470 64425 70334
66988 65720 74192
63194 59056 75723
70009 74843 63252
65910 72124 69871
82069 56881 58884
69170 60310 74691
71726 73235 65754
69590 70622 70869
69970 71667 69784
69301 72970 68206
80375 63799 64640
74489 69578 68664
72971 60712 73262
74011 70428 68257
81379 63036 60125
72246 70298 69863
80729 61795 65170
67188 72638 69236
70851 65998 73100
75493 61309 71774
75445 69858 67338
69189 72855 68437
73644 72310 65288
81275 61478 63251
72917 70090 69550
65823 74664 66061
71928 74151 61017
75765 69354 67553
76426 70751 62042
69567 68336 72493
72709 73688 60732
74004 71232 67028
70861 73685 65676
78263 60941 69420
76531 68146 67765
75679 66954 69601
65139 75847 60151
79371 63325 67337
65572 72501 69450
76989 67406 67819
67889 75047 64686
80309 64348 64179
69750 72199 69157
67201 74933 65213
65040 61035 75452
77453 65925 68319
66247 75787 60424
71755 74081 62985
68176 58310 75016
76556 69155 66539
80090 58621 66976
79623 60182 67664
78455 66505 66389
69763 69013 72021
71699 66591 72505
64888 58733 75607
77519 69659 61679
66750 62499 75025
76776 66363 68812
68468 65080 74201
70185 72475 68503
66858 74686 65910
80239 62120 66167
70174 67009 72992
79479 66827 62725
69653 70745 70744
71212 72025 68472
71221 70943 69910
62610 60538 75653
81008 63284 62834
73398 72799 64260
69736 74083 65822
73404 70873 68325
68357 74264 66310
73716 62903 72570
75727 71304 62714
65990 74407 66563
80415 63759 64555
60668 57526 75854
77098 69970 62669
77356 61786 70262
69026 72133 69536
63427 59645 75693
68346 75497 60840
69146 75315 61389
68002 70248 71554
77143 69017 65616
75740 66072 70089
67540 68803 72782
73606 67830 70726
79397 60166 68020
71711 62914 73624
67174 65769 74163
78669 66137 66397
69104 67355 73197
81732 60891 60168
79208 66286 64672
66908 72927 68912
62440 58677 75774
80056 65432 63336
65171 59413 75546
66062 59526 75412
67386 74269 66672
71114 63514 73709
67414 63710 74676
73008 73498 61435
80604 61023 65850
69294 58481 74692
76441 61526 71144
79419 61228 67877
74481 71943 64506
72925 69504 70024
76656 68669 67120
78251 68845 61450
81466 62751 59789
75439 62228 71699
79842 61643 67154
81730 60116 61213
81754 61168 58609
80537 61840 65627
72441 72870 65660
80284 62563 65843
81869 58802 60935
66521 68783 72841
71321 68856 71471
68791 69679 71838
74386 71682 65508
75819 66758 69587
75926 70773 64300
66444 58010 75410
80821 61491 65071
74534 72265 62926
73618 63859 72419
67726 66002 74025
68165 73015 68573
69217 75170 63122
73138 71860 66977
66345 60051 75341
67204 60097 75165
70002 75002 61603
67668 75607 60448
70549 73669 66020
73113 67218 71427
66617 71813 70166
66870 66950 73770
71189 74356 63092
73598 73094 60813
75053 65961 70745
72448 73703 62790
72562 72547 66243
68642 73936 66804
78998 62268 68319
77902 67047 66832
75904 70636 64893
66525 75703 61947
68221 63544 74549
69661 70159 71218
