36562 39794 34187
42894 33754 33240
39732 38137 35873
35857 36418 38298
39369 39343 31755
37730 38365 36885
38840 39379 33388
35361 38576 36951
35500 40232 32727
36157 39857 34260
34926 40158 33438
34433 39962 34197
32467 40584 29205
39100 35465 37519
39104 34507 37673
39097 33502 37691
34796 39867 34551
40031 35901 36950
34042 40488 29942
38535 37857 36926
35792 34533 38575
41680 36894 33884
34127 33043 38880
33512 31741 38944
36275 39983 33660
41821 34485 35816
39160 34620 37642
40564 38143 34476
41766 37006 32599
40164 36436 36758
40182 38819 31167
40505 37340 35881
40205 38719 33882
38712 38691 35783
40534 35858 36644
35738 39542 35351
40950 37883 34011
39898 38927 33497
39192 37970 36529
38514 39653 31515
40872 37545 35072
37000 38443 37052
38342 35048 37964
37009 34304 38414
37719 39160 35428
33815 34523 38656
37170 39998 31562
39904 36690 36826
36579 40074 32513
37771 33008 38241
32655 40530 31222
36950 34775 38364
41100 36243 36128
33463 40490 31593
40858 35063 36607
36504 34291 38507
41358 37342 33998
42880 34218 32354
40393 34054 37017
41145 35508 36274
39360 35211 37451
38997 38371 36067
38382 34595 37998
39473 39256 32519
43072 32738 32730
39065 36198 37358
41276 37156 34632
40613 38383 32483
38734 34490 37845
36016 32353 38753
40468 37919 35274
36478 39622 34915
42803 33364 34392
36067 39354 35849
42987 32822 33378
35333 34024 38696
38091 37276 37526
38082 35302 38032
37945 39749 32495
37092 38172 37350
37971 34383 38155
38614 39478 33220
40454 35437 36809
36152 37167 37916
42282 36133 32571
36496 35931 38289
42039 36148 33970
40696 36617 36330
32759 40443 31986
37734 33885 38250
41523 34196 36119
42682 35103 31604
36544 39844 34004
35652 37257 37912
33959 32545 38910
42295 35887 33387
40855 36507 36223
40878 37010 35776
41700 35925 35330
40211 38225 35030
34737 40420 31001
39482 38613 35230
37440 39233 35428
39884 37368 36601
41142 34826 36421
36020 34836 38503
40914 38018 33622
39842 38517 34942
37975 35971 37923
37155 33662 38454
41943 35074 35429
35589 36927 38071
41057 34383 36516
37613 34550 38244
34896 33345 38804
35396 40319 31963
35703 33181 38754
42601 34877 33609
36676 39077 36249
38419 33718 37989
40938 35484 36442
35038 39601 35309
40615 36995 36109
36708 36751 38020
31957 40562 30712
34939 40393 30884
40430 38563 33618
38954 38905 35047
42875 34237 32627
38049 39662 33259
42122 35068 35124
36453 33032 38645
37172 36955 37852
34898 40218 33170
41509 36648 34881
37903 39336 34682
37765 36236 37911
37860 39477 34244
35247 32051 38829
40900 38079 32946
39077 39261 33652
34599 36663 38190
37172 39097 36041
37299 35873 38117
42791 34634 31422
33175 40571 30474
41019 36621 35907
35467 39043 36398
42073 35787 34448
40209 35701 36904
33692 40387 32417
34878 35116 38560
42439 35084 34180
37495 38907 36375
36472 39538 35187
39607 33569 37435
42517 35422 33119
42009 36693 32107
33378 33844 38764
37412 39683 33850
35051 40142 33498
35207 35070 38552
42573 33716 34911
42525 35535 32868
42491 35826 31155
38425 36455 37610
37354 39505 34624
38870 36576 37360
40032 38071 35598
32935 32929 38891
39441 38566 35394
41798 36741 33697
