28624 33429 36101
30219 36270 30264
27806 35911 33728
32235 35179 31130
30806 32951 35308
28316 30797 36711
25266 37599 27582
33582 33791 30843
30230 35450 33507
32244 35205 30668
30158 35920 32551
28903 36403 32160
33603 30878 33162
30770 31873 35525
30025 34442 34863
34839 31688 30095
26917 36796 31635
32437 34890 31435
34310 32916 29144
24751 37641 26855
29077 32275 36290
30044 36294 30678
25026 37596 27676
35109 29805 30420
27603 33817 36119
27376 36912 31042
31344 31373 35198
33311 32994 32974
31901 35385 31006
29340 31698 36292
25240 37457 29111
26925 37254 29574
29084 34561 35200
25207 37544 28391
26144 33253 36506
27692 37211 28733
33386 34172 30194
34301 32890 29606
27263 37171 29828
33002 31855 33719
29911 33497 35529
27767 35196 34845
26481 32682 36797
27005 37161 30201
26943 36521 32424
26139 32507 36891
26793 31520 37014
33610 30338 33241
32929 32487 33604
33465 33974 30687
34494 32036 31685
34158 32717 31753
34347 31977 32017
26655 35832 33903
31505 34368 33888
26667 37244 29947
33773 31765 32813
33853 29963 32952
29221 31296 36383
26099 37580 27173
29376 32776 36075
32049 34234 33305
35036 30618 30272
30805 35015 33692
34060 33299 30349
26522 37289 29713
32145 30802 34669
31938 31204 34778
28458 33753 36022
28481 32693 36402
27727 36547 32304
31181 33356 34906
31351 30833 35277
34069 33325 29887
27687 30964 36922
26233 31106 37120
30700 35927 31734
29009 34746 35082
28491 36095 33166
26141 37151 30463
31959 34396 33235
30666 30907 35741
26288 37386 29056
23636 28467 37289
31526 35286 32564
27417 33929 36064
33956 33238 31196
30537 34305 34707
24933 36620 32184
25700 37562 27796
25257 30895 37189
29679 36315 31752
25214 37616 27135
25936 37505 28295
29343 35943 33237
33085 34040 31935
33680 33209 32247
34867 31332 30679
26694 35992 33611
26579 36879 31381
28757 34482 35360
24896 29845 37253
26783 37486 27698
24416 29179 37285
27743 37086 29785
30963 35934 30275
33253 32258 33299
28872 35281 34494
31113 35281 32980
25066 31747 37144
25761 37494 28532
30951 35721 32379
26525 37476 28071
34081 30386 32668
26943 32460 36847
25569 36268 33096
29051 35508 34080
25659 37582 27582
28252 36898 30420
28649 29865 36617
35205 29443 29347
29605 36588 29476
31229 35681 31566
31863 34166 33650
31787 35254 32064
29664 32551 36022
32319 35076 31263
30837 34590 34174
34060 33143 30999
34574 30234 31824
28196 35572 34177
28063 33136 36448
27514 36749 31619
26955 34500 35612
29844 35116 34288
30879 34177 34578
33831 32501 32488
28383 33938 35904
32738 34513 31634
24493 37631 27228
30201 31871 35873
31334 35685 31116
32510 31277 34317
26486 33428 36412
32157 33712 33763
29365 32050 36237
25278 37291 29887
28964 36753 29873
32303 31679 34426
32586 32667 33942
28255 37085 28778
33136 32085 33495
27196 30121 37110
30954 35908 30737
29022 35689 33791
30286 33902 35127
31432 33759 34486
29711 34791 34684
27113 32147 36888
34678 31998 31078
29327 30564 36356
