76208 92792 9101
63777 103223 7858
78842 80158 9310
94739 69261 8258
59859 104141 7909
62417 103583 7942
96053 69947 7751
84732 81268 9039
73267 85733 9388
68557 101443 8125
66461 101539 8470
61035 102965 8342
72313 96687 8959
85994 74006 9044
94293 75707 8001
91208 71792 8695
74431 83569 9390
88980 83020 8579
77755 94245 8879
78743 85257 9258
91657 81343 7996
71152 99848 8472
71928 91072 9292
85049 79951 9043
85921 72079 9051
89422 80578 8665
66090 93910 9222
76821 96179 8607
71797 99203 8576
71164 90836 9311
61470 101530 8600
74495 90505 9261
85668 86332 8764
72432 99568 8245
89826 84174 8127
89147 81853 8633
92856 69144 8541
93907 73093 8343
61102 103898 7957
95151 72849 7978
94122 67878 8374
91919 73081 8610
82654 90346 8788
92950 71050 8517
70804 93196 9220
69314 89686 9357
89879 80121 8631
96418 64582 7810
70661 89339 9363
84111 87889 8828
83143 90857 8615
95828 71172 7755
71203 99797 8481
66670 101330 8507
82335 86665 9039
63615 102385 8413
86177 81823 8934
89587 82413 8529
92532 76468 8432
95323 69677 8117
70124 94876 9147
72737 99263 8378
90399 75601 8724
89885 76115 8762
68948 99052 8799
86111 73889 9038
79157 79843 9303
75543 92457 9142
84986 88014 8715
74136 96864 8819
65600 101400 8547
82309 83691 9130
61224 102776 8381
72307 98693 8636
62667 103333 8173
62428 100572 8725
72301 94699 9111
96642 67358 7366
88346 75654 8886
88374 85626 8385
90537 80463 8519
69068 99932 8652
76082 87918 9294
68503 98497 8874
92008 74992 8560
61048 103952 7872
75298 92702 9138
73563 84437 9396
73250 83750 9406
84615 75385 9107
97240 59760 7263
86782 74218 8998
74659 95341 8982
84743 76257 9097
75686 91314 9191
94194 70806 8347
67850 94150 9207
85282 79718 9032
79109 88891 9147
77856 91144 9112
70475 100525 8240
79463 89537 9101
64208 99792 8803
82446 87554 8996
88136 71864 8924
94875 74125 7946
95958 69042 7884
68044 92956 9256
90912 76088 8659
69886 93114 9236
95032 73968 7694
65312 96688 9071
73565 96435 8924
96330 66670 7817
92654 77346 8353
91261 81739 8175
76576 95424 8818
76156 80844 9372
71461 95539 9074
70521 88479 9380
81781 88219 9010
73910 92090 9208
95417 70583 8047
86054 79946 8979
88071 82929 8705
69972 98028 8891
87929 84071 8652
89369 83631 8434
64586 98414 8930
71556 98444 8763
90469 72531 8754
75428 93572 9086
76913 84087 9332
69245 98755 8826
94945 74055 7887
85874 82126 8948
63867 103133 8051
89734 77266 8752
64174 102826 8240
94424 75576 7844
93353 71647 8458
89560 78440 8735
96896 64104 7545
94173 72827 8302
59820 104180 7809
81415 78585 9235
91774 79226 8375
79914 87086 9165
91746 72254 8642
91368 81632 8148
78037 87963 9225
76216 94784 8950
80947 78053 9254
68347 91653 9302
83803 74197 9144
89574 76426 8784
96625 66375 7629
77633 83367 9322
71915 99085 8590
94492 72508 8251
71673 87327 9392
96638 63362 7711
70783 98217 8837
77264 94736 8856
76113 89887 9237
67876 93124 9250
90347 80653 8535
83934 83066 9052
81431 84569 9153
79707 85293 9219
92852 79148 7849
72568 98432 8666
96847 66153 7347
88970 74030 8856
63988 103012 8162
80366 89634 9035
76830 81170 9355
76464 89536 9237
68680 101320 8258
63902 102098 8467
69798 93202 9233
76897 96103 8614
64337 97663 8995
78107 93893 8892
79194 82806 9281
91549 70451 8670
77701 96299 8222
71320 98680 8740
64239 101761 8525
70177 98823 8782
82726 85274 9063
66341 99659 8789
67167 92833 9263
84538 84462 8972
74886 96114 8876
80694 81306 9242
74014 89986 9292
70851 99149 8682
56446 104554 7770
75292 93708 9083
84658 80342 9059
62216 102784 8363
70352 100648 8107
67323 101677 8355
96140 69860 7616
86343 74657 9022
62981 102019 8505
78710 86290 9240
81080 90920 8904
96305 67695 7772
95897 70103 7854
84605 89395 8605
93909 69091 8410
84478 85522 8929
76700 93300 9051
80009 83991 9231
95970 67030 7962
95442 72558 7810
57469 104531 7702
68767 92233 9280
72179 92821 9213
67803 101197 8456
91270 70730 8694
97312 59688 7110
84354 83646 9009
60620 103380 8249
97285 60715 7085
76640 88360 9266
61264 103736 8073
96836 66164 7377
92736 79264 8041
60309 103691 8165
69038 100962 8396
95519 72481 7705
85620 84380 8886
70823 97177 8955
78476 95524 8401
89661 84339 8230
63826 100174 8763
93774 74226 8324
73962 95038 9036
82934 80066 9152
66767 96233 9096
95312 67688 8144
59817 104183 7765
70828 85172 9411
95333 72667 7885
72283 99717 8137
92233 75767 8506
72594 93406 9176
96460 65540 7778
57520 104480 7828
74671 84329 9379
59414 103586 8209
73415 95585 9014
73128 91872 9236
63372 99628 8820
67658 98342 8906
92516 75484 8475
74503 98497 8232
61006 101994 8525
85988 78012 9012
88054 84946 8554
90786 80214 8494
82906 83094 9110
65302 102698 7992
71310 91690 9277
72310 93690 9168
92971 72029 8501
72182 91818 9257
94596 74404 8075
68729 101271 8289
58604 104396 7814
63207 98793 8897
63165 102835 8318
69840 97160 8979
62976 103024 8271
65463 102537 8215
77006 88994 9236
72621 92379 9224
71399 86601 9400
76645 85355 9323
67454 96546 9064
88721 84279 8501
85791 73209 9056
90713 75287 8699
96010 68990 7861
70746 100254 8382
77995 82005 9323
72826 97174 8874
96134 69866 7635
85137 75863 9079
67185 96815 9045
65217 101783 8486
94587 68413 8295
77209 87791 9260
66362 101638 8452
71773 93227 9201
76908 90092 9203
67966 99034 8827
68432 99568 8749
80026 92974 8806
79603 88397 9139
92835 79165 7960
74936 98064 8393
68860 96140 9081
73636 89364 9318
75499 97501 8477
67443 100557 8625
71650 83350 9420
94985 74015 7845
95771 68229 8005
73799 98201 8575
65329 99671 8804
83884 81116 9090
73354 92646 9197
75749 94251 9026
71078 95922 9054
70701 92299 9261
77293 91707 9110
63783 103217 7911
89438 77562 8771
91272 74728 8652
67052 101948 8251
94762 74238 8016
80545 86455 9150
69060 97940 8922
88608 74392 8878
71794 92206 9248
81749 92251 8596
97363 57637 6999
90169 82831 8347
78681 79319 9315
71300 97700 8881
88292 73708 8905
71523 96477 8999
87827 71173 8943
89953 77047 8737
89839 71161 8810
68767 100233 8609
55373 104627 7546
87437 78563 8909
95741 71259 7809
61041 103959 7845
65664 94336 9204
53358 104642 7605
71754 85246 9409
86380 77620 8992
66680 100320 8695
78712 95288 8424
91143 79857 8454
55374 104626 7563
79105 92895 8922
56404 104596 7662
74539 98461 8257
94799 73201 8109
91262 78738 8513
86810 86190 8633
90164 74836 8757
73402 98598 8516
77479 85521 9296
84928 82072 9012
87941 81059 8804
72564 99436 8326
94942 72058 8133
80268 87732 9125
81842 81158 9191
97190 61810 7275
63850 103150 8027
72193 94807 9107
87009 75991 8973
70998 90002 9341
97036 63964 7390
83330 83670 9073
88542 78458 8826
75686 86314 9334
96104 67896 7872
66039 96961 9045
56523 104477 7854
70550 99450 8642
77742 81258 9333
92619 78381 8260
88558 82442 8674
63487 99513 8831
90114 81886 8470
87435 74565 8956
96928 65072 7401
74021 93979 9109
82792 75208 9186
84726 86274 8868
89757 82243 8510
75156 82844 9382
95194 70806 8112
90776 82224 8258
87240 84760 8693
94341 74659 8157
58596 104404 7729
93495 77505 8074
85262 83738 8943
78114 91886 9058
83831 80169 9107
66963 102037 8212
56712 104288 7976
64353 100647 8697
63547 101453 8593
93748 75252 8271
94691 70309 8260
65755 100245 8725
66718 97282 9011
91826 80174 8252
92787 79213 8010
81235 79765 9234
73262 90738 9280
95731 66269 8029
95211 67789 8167
90786 70214 8736
82018 78982 9206
96406 67594 7712
84262 88738 8744
91055 76945 8616
66271 95729 9130
67747 93253 9245
91017 78983 8534
73561 94439 9094
74572 91428 9220
75814 84186 9356
71639 88361 9375
58184 103816 8143
57912 104088 8054
70083 93917 9197
72399 95601 9044
69310 90690 9329
89286 74714 8828
59033 103967 8097
61733 102267 8477
77892 96108 8303
96208 68792 7760
69347 95653 9109
93616 71384 8426
68135 99865 8719
73495 82505 9408
91558 81442 8077
68844 95156 9149
71923 96077 9021
89177 83823 8454
80678 88322 9079
76568 94432 8963
80259 79741 9272
69998 100002 8565
72766 95234 9061
64882 102118 8431
73538 90462 9285
66874 102126 8097
72253 86747 9393
81959 91041 8802
94671 69329 8272
76039 81961 9370
91483 81517 8116
70895 97105 8960
68402 90598 9334
94862 71138 8199
85708 81292 8978
92448 73552 8540
79332 84668 9246
70503 96497 9022
92828 72172 8517
64010 102990 8173
66156 100844 8629
86051 82949 8908
93145 77855 8173
94978 72022 8122
69907 91093 9314
89155 72845 8851
61978 101022 8670
88659 72341 8890
90250 78750 8649
89801 74199 8794
87368 77632 8927
93545 77455 8042
81407 91593 8804
91444 80556 8305
87970 73030 8931
92693 70307 8554
88394 84606 8528
84113 82887 9045
93749 77251 7878
79936 83064 9249
74660 88340 9324
86737 72263 9009
81897 85103 9114
73192 97808 8734
97269 60731 7165
79404 93596 8779
62833 101167 8650
84564 78436 9089
75401 81599 9384
87174 76826 8951
74676 82324 9392
91374 76626 8587
95569 69431 8043
84170 89830 8609
96175 65825 7903
86568 78432 8969
93497 69503 8463
66862 100138 8716
95846 71154 7670
87691 82309 8778
79869 86131 9193
83689 82311 9082
89729 84271 8201
83978 87022 8893
62505 103495 8057
96835 65165 7526
88718 81282 8715
80885 85115 9167
87083 74917 8976
90590 73410 8735
60112 103888 8087
90237 76763 8717
74160 83840 9392
97045 61955 7453
87111 80889 8882
87087 83913 8762
81442 80558 9216
81106 92894 8576
70866 100134 8410
91422 75578 8615
74574 89426 9295
62403 103597 7784
86332 78668 8981
85386 76614 9061
86750 80250 8927
73253 98747 8493
68883 97117 8998
70451 94549 9159
91505 81495 8105
76261 86739 9313
75239 84761 9363
65382 102618 8120
77296 82704 9337
70413 95587 9093
59845 103155 8303
62389 102611 8400
63674 97326 9022
97350 58650 7027
80061 91939 8916
89308 78692 8753
93269 67731 8492
69740 90260 9340
92707 79293 8057
79040 93960 8762
78441 83559 9295
94595 71405 8264
86153 84847 8808
78721 90279 9112
69574 100426 8499
57818 104182 8018
94817 70183 8233
79931 78069 9282
83388 84612 9042
64775 101225 8607
77648 79352 9340
91168 73832 8677
67597 91403 9311
92410 79590 8155
85700 82300 8956
52341 104659 7489
86657 86343 8642
70059 87941 9388
89093 71907 8861
77802 85198 9291
95517 72483 7722
83880 86120 8950
72853 87147 9380
92050 70950 8618
65503 102497 8231
74182 85818 9373
85606 78394 9030
74822 91178 9224
92111 73889 8573
74374 92626 9170
59838 104162 7884
82926 88074 8925
80836 84164 9191
88478 76522 8865
80983 83017 9205
94763 69237 8253
70419 91581 9292
54347 104653 7485
65966 95034 9170
70324 100676 8040
75536 87464 9321
83215 76785 9166
94438 75562 7780
56456 104544 7789
72161 98839 8619
90964 78036 8588
74165 95835 8961
79505 82495 9273
90682 71318 8743
83057 85943 9021
86501 85499 8727
67736 91264 9315
61672 101328 8629
67108 92892 9261
55390 104610 7703
95963 68037 7936
93470 68530 8468
76944 88056 9263
73936 83064 9400
77059 89941 9202
83248 78752 9151
95705 70295 7941
96555 67445 7589
94018 74982 8233
75966 83034 9364
82940 87060 8982
70481 98519 8810
67121 98879 8859
94388 73612 8215
58658 104342 7899
90804 81196 8388
97211 61789 7202
94042 69958 8384
92612 79388 8099
68565 100435 8580
83078 88922 8858
87165 81835 8848
73745 91255 9249
62444 103556 7983
86333 87667 8528
69576 99424 8717
67040 97960 8948
95030 73970 7751
80631 87369 9117
81374 89626 8964
89857 78143 8713
76181 96819 8546
97306 59694 7140
68108 94892 9168
69941 99059 8759
66166 98834 8876
94087 73913 8273
82456 82544 9144
75001 92999 9133
95854 71146 7597
76495 87505 9291
73079 85921 9389
80872 89128 9027
96188 66812 7880
96749 66251 7526
80045 90955 8987
70906 89094 9367
65309 102691 8006
70714 95286 9108
91926 78074 8440
95460 71540 7953
58762 104238 7986
64437 102563 8319
74810 86190 9356
96897 63103 7572
71979 97021 8935
83079 83921 9081
96490 66510 7723
82520 91480 8612
83794 84206 9029
85747 72253 9059
76434 91566 9156
70966 98034 8853
67357 94643 9186
72808 90192 9309
66500 98500 8904
81923 78077 9216
82322 88678 8941
61964 103036 8302
87799 80201 8843
65205 98795 8890
65524 97476 9006
96096 69904 7706
70453 88547 9379
96684 65316 7659
84582 73418 9111
87820 86180 8433
77770 96230 8260
64703 99297 8848
82967 76033 9178
78056 86944 9250
96149 69851 7541
90908 75092 8683
64660 96340 9093
97122 62878 7310
63813 99187 8862
60474 103526 8212
71243 89757 9345
86483 86517 8650
78697 87303 9215
67532 90468 9339
72920 88080 9365
73787 87213 9362
71538 94462 9143
60190 102810 8376
87318 86682 8473
93428 74572 8369
78976 82024 9294
84734 82266 9020
68975 91025 9320
92265 78735 8309
88967 79033 8774
97246 58754 7257
70904 88096 9385
74873 87127 9342
75820 90180 9235
89020 70980 8867
90435 73565 8747
85490 77510 9047
74094 88906 9321
78481 88519 9191
92504 70496 8574
91822 69178 8647
87797 79203 8868
70208 88792 9375
92053 69947 8622
69193 94807 9167
73199 89801 9315
93012 77988 8201
76119 88881 9270
72312 99688 8163
96501 64499 7777
65356 102644 8085
77547 90453 9163
61570 103430 8199
72539 92461 9222
95381 68619 8119
97146 59854 7361
89850 72150 8804
67046 100954 8568
97083 63917 7253
65937 100063 8746
89874 84126 8031
82663 81337 9151
62810 100190 8765
96636 67364 7482
91473 77527 8544
71269 95731 9064
85581 73419 9066
68178 91822 9297
68733 93267 9239
95480 71520 7945
63780 98220 8947
90997 81003 8363
76845 92155 9108
93562 72438 8417
60581 102419 8454
66212 97788 8973
94702 72298 8198
93117 70883 8499
89759 73241 8804
77489 95511 8659
88454 83546 8619
70608 93392 9214
59093 103907 8115
93564 76436 8226
73586 93414 9154
80299 93701 8545
75934 91066 9194
67568 93432 9238
74210 97790 8623
65716 102284 8307
89401 84599 8266
85076 82924 8983
84131 88869 8749
85261 84739 8901
96251 68749 7730
96536 66464 7694
92924 74076 8464
79701 83299 9255
59357 103643 8193
78494 92506 9001
89475 72525 8830
96395 68605 7596
93380 77620 8112
62180 100820 8697
64209 102791 8252
65508 95492 9146
85329 88671 8576
89165 79835 8729
62406 103594 7916
85674 87326 8687
90968 82032 8226
73990 91010 9253
85067 76933 9076
85664 88336 8561
75599 96401 8743
65411 102589 8159
73113 98887 8467
74680 98320 8332
66502 94498 9196
93285 76715 8274
71653 99347 8554
54361 104639 7592
86287 83713 8855
89703 77297 8754
73165 90835 9278
97020 62980 7460
81192 85808 9133
65437 102563 8188
71254 85746 9408
72283 84717 9410
96406 68594 7566
96874 65126 7487
78630 84370 9278
69415 96585 9037
86727 87273 8507
67001 91999 9293
84016 75984 9134
95250 71750 8029
71336 94664 9135
95450 72550 7801
70562 100438 8298
97178 61822 7303
94522 70478 8292
62436 101564 8593
70174 96826 9002
83520 79480 9131
81567 82433 9188
96233 64767 7883
96755 64245 7652
74714 90286 9264
61341 101659 8580
75028 90972 9227
76370 84630 9339
92280 74720 8533
75265 96735 8715
68901 93099 9245
87449 83551 8742
97163 62837 7136
76453 92547 9105
97279 59721 7211
84577 83423 9001
94358 69642 8334
75506 89494 9270
77834 93166 9000
65944 102056 8374
62805 103195 8223
68592 89408 9363
83527 89473 8767
94124 71876 8343
88912 77088 8823
78172 94828 8707
81488 81512 9203
89445 81555 8610
73018 98982 8446
82044 76956 9216
92213 76787 8469
74737 93263 9127
79192 94808 8469
75219 91781 9185
95619 71381 7873
80463 88537 9084
72648 89352 9339
93930 76070 8149
62405 103595 7882
89214 84786 8288
90335 77665 8677
