24760 23177 27066
26652 26460 23041
24253 27330 20976
28426 24337 21607
28474 23211 22989
28403 23144 23374
27892 21564 25265
25613 22012 27414
22971 27421 20660
24756 20232 27956
24641 22108 27529
27082 25427 24297
27090 26687 20973
26302 22258 27044
24230 27416 19890
27201 26108 22871
24526 20862 27878
25371 22552 27314
26577 26282 23543
28299 21881 24279
22315 18727 28258
25893 27071 21848
25125 26100 24522
26892 22063 26486
25107 26951 22487
26382 24518 25770
28941 23061 20872
26890 26232 23189
28578 23769 21774
28814 23462 20759
25622 21535 27511
26206 27021 21494
28875 23299 20849
25065 21416 27692
28739 20577 23013
26079 25569 25005
25410 23958 26569
25982 21956 27268
23710 27351 20923
28253 23509 23566
26893 24090 25656
29027 22731 21016
28143 21404 24727
26667 26769 22145
26387 25548 24818
29027 21310 22018
25853 26209 24092
24565 26712 23297
23687 27437 19837
27009 24886 24917
25393 26431 23818
25297 20931 27704
28656 22315 23023
27428 23181 25640
28914 21869 22334
27624 26026 21699
26686 26892 21068
28151 24159 23275
24799 21901 27585
26624 22258 26763
23689 20796 27961
26732 23572 26177
26151 25732 24798
26678 26023 23929
25163 27075 21992
26750 21743 26677
25848 26891 22642
24745 26585 23663
26305 26322 23725
23785 27411 20585
29150 21506 21209
28047 25302 20955
28013 23313 24493
27249 26526 20243
24793 24523 26286
25475 21977 27458
27311 23487 25701
25539 23210 26975
25484 26920 22585
25806 23113 26947
24843 21505 27697
27830 24233 24310
26232 21793 27194
27755 25182 23051
28533 24159 21317
26832 24690 25257
23264 19218 28174
29037 22065 21525
29237 22234 19091
27351 26400 20270
24969 27346 20153
27653 24181 24785
26230 25842 24582
26174 23756 26438
23588 20357 28066
28191 25002 20286
27332 25264 24223
25804 20910 27514
23752 21937 27586
25255 27262 20956
28576 23972 21415
26950 22999 26294
25078 27210 21431
27972 24709 23238
26628 22999 26575
27525 23393 25397
25692 23875 26560
22604 20284 28076
26042 22929 26967
28043 23012 24580
25965 25289 25338
28342 22339 24014
27505 21865 25743
27597 22853 25469
23887 20064 28095
27259 24723 24843
24319 27108 21940
28685 23591 21484
26326 24033 26158
25693 22674 27200
26440 23271 26545
29225 21867 20390
25072 26760 23120
28849 22682 21852
25430 20571 27702
27063 25950 23471
28313 23965 22912
22627 19396 28184
27620 25692 22456
29248 21811 20218
25223 25640 25306
28205 22818 24217
28000 22554 24845
28728 23404 21582
28378 24532 21214
29216 21555 20796
29361 21065 19599
28733 23698 19775
25105 21261 27707
25942 27125 20212
26823 24443 25457
28465 21794 23775
25275 24646 26128
28217 23918 23289
26473 26722 22557
