13262 25738 1936
21918 17082 2065
16847 24153 1909
15268 22732 2283
20252 20748 2156
17239 21761 2278
16732 22268 2269
19518 22482 1945
16312 22688 2260
13671 25329 2064
15280 24720 2050
16845 24155 1897
18311 22689 2141
12125 25875 1977
22837 14163 1764
19921 19079 2236
14690 23310 2267
17549 23451 2072
19246 21754 2155
22373 17627 1892
17649 21351 2285
13404 25596 1995
15103 22897 2279
17505 20495 2303
21626 19374 1940
22318 17682 1964
12689 25311 2098
17836 22164 2223
21558 19442 1970
15035 24965 1971
18995 20005 2269
18390 20610 2279
19601 19399 2248
14522 23478 2258
13353 24647 2183
11763 26237 1774
18753 21247 2239
14215 24785 2132
12475 25525 2070
14907 25093 1881
10679 26321 1804
18500 22500 2145
19089 18911 2267
9520 26480 1672
11890 26110 1903
17120 23880 2017
21294 19706 2082
14905 25095 1821
19902 22098 1978
22260 17740 2004
14617 24383 2169
16341 21659 2306
16761 21239 2315
19520 22480 1980
19355 20645 2235
16844 24156 1889
21650 19350 1899
18251 20749 2281
15714 21286 2326
18361 21639 2233
21072 18928 2164
10638 26362 1782
20281 19719 2202
18044 22956 2127
17685 22315 2220
16918 24082 1972
22543 16457 1928
15030 23970 2198
17622 23378 2081
22370 17630 1898
13733 25267 2075
17265 22735 2211
14937 25063 1907
22762 16238 1855
15721 24279 2123
10637 26363 1774
16990 24010 1996
16046 22954 2254
9519 26481 1664
