28955 26045 2456
29588 23412 2220
20055 34945 2801
28278 27722 2560
24875 31125 2877
20650 35350 2732
24559 33441 2680
26789 29211 2806
24356 28644 2930
29219 23781 2488
28662 26338 2565
27367 27633 2791
29510 23490 2356
21693 35307 2713
17211 36789 2487
19796 36204 2594
19909 34091 2865
28569 27431 2437
26405 30595 2801
22961 31039 2938
22343 32657 2910
30182 18818 2107
21344 32656 2931
17933 36067 2655
23216 28784 2945
24510 33490 2722
25558 28442 2884
16585 36415 2598
28101 26899 2691
18617 36383 2599
24735 28265 2920
26019 27981 2865
28046 25954 2716
23264 32736 2883
23170 33830 2823
23737 30263 2931
26949 30051 2713
25086 28914 2901
27046 28954 2786
20359 35641 2696
22018 29982 2952
24376 29624 2921
23347 29653 2941
24099 31901 2884
22440 29560 2952
29653 22347 2367
18863 35137 2792
29743 22257 2264
21234 34766 2796
28013 25987 2720
30038 19962 2214
21164 35836 2614
30185 17815 1990
27564 29436 2539
25403 26597 2897
25688 30312 2863
28343 24657 2668
23178 34822 2620
19050 35950 2666
22670 33330 2874
29716 22284 2325
24202 28798 2933
21644 33356 2895
27269 29731 2642
23987 31013 2917
24911 27089 2919
20346 34654 2837
25930 32070 2700
21354 30646 2947
23692 34308 2678
16106 36894 2430
23713 33287 2834
26266 28734 2848
19558 36442 2520
28624 24376 2620
27948 28052 2651
29239 24761 2442
19547 35453 2736
28957 25043 2537
28923 26077 2497
22136 33864 2850
28731 26269 2549
23056 27944 2948
29953 21047 2136
27683 28317 2696
24348 32652 2834
26462 27538 2843
21015 35985 2473
25181 31819 2826
26033 31967 2637
27644 25356 2764
26926 30074 2717
30137 18863 2163
23143 31857 2916
27333 28667 2751
24722 30278 2901
25074 32926 2726
22402 34598 2775
29373 22627 2453
26822 26178 2825
29039 22961 2536
