25267 21061 28785
24115 24534 27158
26516 25595 24937
28791 20707 27655
24657 23096 28114
27476 22886 27782
25592 23925 27607
24477 24999 26734
29189 21536 27184
27744 24733 26034
29098 20930 27293
28716 21545 27688
27039 25298 25621
29349 23728 23520
25497 22338 28390
25873 23962 27523
29195 22875 26491
26747 21410 28656
24835 25603 26025
25208 23910 27654
26304 22285 28394
24788 25756 25721
26482 25628 23783
25193 25804 25493
25030 25449 26224
28727 24276 25436
25464 23043 28118
28070 21675 28092
25851 24505 27088
24824 21785 28600
27819 24626 26188
30023 22612 24888
26985 20991 28692
30044 21722 25634
28472 23756 26487
25840 23234 27998
23634 26004 24220
29885 21497 26109
26202 19725 28974
25185 23838 27709
29937 21770 25978
29967 22258 25606
29505 22322 26440
28232 23310 27130
27395 23609 27282
30109 20973 25026
27195 20610 28604
25551 25596 25866
29321 21774 26987
24552 23185 28074
28697 24422 25058
26509 22807 28161
24283 25754 25803
29010 23217 26448
26319 25462 25758
27151 24297 26832
27917 25094 24491
25343 22895 28191
27211 25009 26148
27714 24879 25656
30100 22076 24916
23766 25983 24860
26543 24680 26792
29496 23488 23789
25391 24959 26730
25369 24546 27124
28696 22361 27526
22931 26008 24060
30165 21327 24308
25939 25017 26607
24420 25905 25382
25055 23423 27940
29808 22033 26081
25964 25746 24715
26323 24175 27275
29350 23552 25357
26042 24138 27359
29337 21986 26888
24497 25313 26406
26946 21819 28450
25321 19685 29147
29110 24013 24181
24850 24240 27403
23947 25995 24420
26900 22451 28195
25374 25898 24500
28622 24529 24904
27927 20743 28284
26247 23321 27896
