65523 67130 68656
66829 65367 67610
66540 68227 66890
57860 75048 59051
60689 64241 72033
54723 61493 73742
63761 66301 70270
61539 73473 64893
67647 67649 65476
69033 65488 61319
58677 74519 62762
65857 71065 63515
57089 67683 71816
66124 65418 68473
66176 70890 60909
66248 66487 68060
59017 73436 66326
62648 73624 61916
56268 61324 73489
58198 73896 65161
69294 62858 59274
52640 60474 74022
55792 75280 59245
60623 64606 71985
60925 72591 67430
68809 64121 63481
58360 69052 71036
56039 63112 73303
60423 71969 68470
61730 74026 60692
61027 73722 64431
60410 68546 70885
63814 73062 62332
61310 73788 63736
62554 73419 63631
64708 71837 64855
62761 72935 65185
66840 70140 60638
62930 73395 62900
61253 61232 72105
68050 68218 62583
67764 68205 64412
64479 70540 67656
55982 66074 72592
59968 69387 70616
54963 62990 73503
61446 71479 68644
66390 68883 66702
61791 61771 71896
64899 70270 67442
59491 74727 59583
54676 61164 73792
60631 73123 66588
67080 69762 62279
67877 65706 65902
62734 73626 61014
67343 64750 66950
60798 74037 63274
52245 57417 74199
64654 72282 63251
60149 73824 64765
54655 58135 73893
58768 69588 70635
58168 71432 69319
55449 60804 73691
58724 67832 71520
59459 63801 72446
61160 73979 63015
58715 71745 68962
61997 73923 60424
68313 67482 62970
65214 71940 61764
63746 69057 69318
56916 65188 72727
60666 71181 69269
57542 74276 63984
66190 64608 68499
69248 63349 60207
58515 72776 67561
58757 60699 72915
63547 73097 62927
67085 65123 67301
66143 64989 68508
64716 71476 65813
64159 67895 69574
69139 63189 61375
68476 66837 63522
66330 69843 65579
58733 63707 72653
54459 59316 73892
64689 72390 62142
66783 69704 64531
62428 63116 71521
66796 66396 67341
57648 75012 60477
60734 67981 71011
65935 70268 65772
59579 74049 64288
60949 74146 62207
68040 68042 63417
52774 59966 74057
59089 70891 69682
54118 65410 72901
62760 73578 61898
57497 60093 73280
67439 65962 66565
60092 74135 63480
63753 63425 70710
60952 73275 65920
61711 73080 65869
65724 70083 66453
58979 74412 63101
58736 74895 59053
62512 65188 71154
63606 62581 70847
54704 64365 73247
61558 64281 71756
60454 73617 65257
59491 73452 66187
60368 72586 67647
66702 65030 67849
62246 71277 68476
59960 74454 61940
56228 75260 59511
65333 66958 68925
57678 69678 70696
67059 68938 65296
64304 68680 69104
67673 64994 66381
62293 68377 70384
62470 62117 71550
57239 61736 73249
65984 69432 66871
56421 60465 73518
61767 65305 71443
58622 71982 68683
56285 58778 73573
58276 68495 71314
60607 62478 72293
57641 69197 71024
61179 71507 68723
58211 61018 73047
53385 63814 73409
63971 64431 70499
65923 70707 64863
65413 65586 69205
59002 71624 69092
61497 73009 66228
68249 66893 64350
59703 65068 72129
55703 59773 73678
68590 64085 64313
55079 74832 62134
61596 70755 69379
63227 68479 69863
61752 72746 66729
65320 66379 69126
65650 71229 63917
60661 63718 72125
56153 66873 72233
65743 68645 67736
61096 63641 72013
69150 64021 61176
59998 61242 72540
64967 69491 67999
60641 74451 60183
53294 58394 74071
58887 72628 67782
59872 66120 71834
57482 73560 66190
56145 58937 73602
65763 67799 68122
58554 61290 72943
61690 73396 65034
57664 64795 72668
67810 65929 65952
66657 70316 61855
63680 66278 70318
61980 63044 71741
57063 60418 73373
63075 63395 71182
67802 68042 64541
62398 73701 62093
61518 60904 72003
52425 61539 73901
62967 72075 66939
64711 72106 63971
58062 65702 72377
66073 70675 64341
57275 62553 73149
58878 62921 72713
67141 67364 66421
64234 67064 69793
56168 75094 60826
55515 64297 73170
59926 62087 72520
69126 64495 61222
59675 72871 67335
52354 59449 74109
57452 67447 71871
66872 69530 64661
65513 71338 64052
55986 74812 62224
68658 65704 63694
60398 62897 72315
67827 67015 65420
55663 67434 72006
55906 59182 73650
66398 70019 65036
59909 74292 62883
56167 75292 58301
62246 62378 71666
51534 58926 74183
60002 64562 72173
62273 73815 60479
58805 70069 70307
55076 58998 73810
68994 65421 61923
64072 71261 67089
61208 69984 69999
57587 63193 73003
56285 74656 62845
64145 72160 65275
63916 72675 64017
58700 72318 68266
60254 70271 69980
68247 66142 64766
57703 75016 60302
51954 59443 74131
54805 75311 57514
55012 64760 73113
65481 70419 66408
68154 67968 62585
63561 72111 66183
57490 66668 72151
57692 64289 72767
65202 63216 69497
56786 74258 64209
68976 64703 62845
55134 65457 72876
66211 65577 68338
63180 62480 71145
61165 73600 64800
62066 72061 67645
57768 73786 65554
68427 67408 62138
62608 62482 71465
64275 72234 64815
59608 74572 61432
65201 70575 66635
58816 64365 72506
56623 60192 73489
63539 72183 66044
56969 75137 60182
63751 67359 69975
62405 67359 70645
64867 71495 65500
61739 62455 71907
56937 74625 62829
66213 67251 67810
66420 69234 66277
65290 70401 66765
66309 70193 64906
65636 70812 65473
64588 70828 67113
62546 72550 66346
55591 60006 73692
66397 70218 64488
61329 70783 69458
56646 64480 72943
66372 70543 63422
54970 65694 72797
60660 70745 69590
69119 63760 61532
61836 63971 71709
64489 71750 65623
58582 74854 60505
60279 74509 60442
56114 68406 71487
66037 66434 68326
60947 70482 69730
57003 75190 59113
64973 68719 68547
60769 74330 61007
66894 68745 65902
67463 66847 66163
60904 69397 70405
64015 65585 70268
65843 66263 68587
66984 66333 67091
56216 65105 72866
56749 60924 73416
60642 67410 71252
56886 70599 70037
60068 64197 72221
62746 66176 70839
64695 67924 69201
59032 66220 72024
58039 66747 72030
60136 72263 68125
61136 72487 67535
55804 66596 72376
53292 63567 73476
59135 73159 66872
59805 67155 71560
65005 65050 69606
60516 71905 68534
65610 63752 69096
57356 74319 63867
60613 60791 72337
68794 65791 63044
59510 69034 70873
67426 69167 63390
52932 59269 74082
67143 65478 67130
67838 68616 61916
53828 63623 73454
68103 65581 65404
65141 71894 62742
59736 74451 62256
62172 65823 71153
67310 64446 67041
60980 60365 72212
56856 65546 72634
61616 70520 69598
63198 64406 70939
57557 74908 61359
63010 69392 69587
68167 65224 65406
58198 74976 59458
57679 61962 73133
56031 74426 63679
65797 68903 67513
64629 71393 66088
54110 60126 73913
66556 70420 62127
62491 69996 69570
67444 67455 65903
63338 72974 64232
68190 64284 65394
63756 68473 69577
58182 73062 67094
64531 66803 69656
59278 65005 72249
64227 62936 70335
59832 71049 69506
55120 66443 72458
59944 74102 63754
57126 68285 71533
64517 72391 63386
68621 66879 62204
59318 73843 65180
60117 72549 67744
56812 58547 73452
64024 69852 68664
69216 63951 60158
56445 63745 73135
67331 65415 66880
59602 63208 72490
66598 67507 67156
66411 66455 67861
66512 70434 62753
65895 68005 67853
68748 66104 62908
59758 70989 69560
60119 70786 69646
67495 69128 62330
56080 62725 73348
62352 69151 70053
63363 71038 68049
54152 63058 73580
67538 68330 64910
69262 62987 60061
51754 60714 74008
62136 61548 71732
65318 70842 66065
65117 64310 69579
66217 68156 67361
63801 68754 69430
67231 69570 61483
68451 67385 61317
53352 63209 73569
59542 69731 70442
69049 64829 62010
64719 65752 69731
53963 61203 73883
65781 69238 67298
66350 63987 68327
68892 65859 62095
54401 59166 73906
54449 75304 58193
57320 75123 59667
55399 75295 58636
64197 63960 70347
61130 62059 72132
68867 66471 61217
56790 66585 72290
56545 75193 60065
56832 63591 73086
66386 69635 65833
66717 69165 65762
67203 69060 64590
68987 65801 61183
61802 73496 64392
59694 72278 68175
65849 64527 68844
68393 65099 64908
61536 63046 71935
55327 65734 72763
65879 70476 65518
62968 70612 68701
67583 63886 66594
58972 66578 71931
56835 62327 73265
56367 74564 63171
55018 62509 73559
