29241 15759 2457
15001 25999 2131
19601 25399 2156
30120 12880 2076
28011 18989 2391
29501 16499 2368
20006 23994 2468
24809 20191 2620
20666 23334 2519
23378 23622 2202
21135 22865 2543
25730 21270 2486
27339 19661 2466
29899 15101 2193
23842 23158 2354
29666 16334 2307
21556 21444 2604
28442 18558 2264
25931 18069 2650
24269 21731 2547
29507 15493 2379
25118 21882 2458
24155 22845 2392
25815 19185 2634
21923 24077 2346
29570 16430 2344
20670 24330 2386
23127 22873 2479
18177 25823 1998
28333 17667 2511
30152 11848 2044
17303 25697 2207
21764 23236 2507
29952 14048 2204
21977 24023 2355
22283 23717 2398
19481 25519 2094
24694 18306 2661
19605 24395 2427
18218 25782 2154
20112 24888 2291
23360 20640 2628
23277 21723 2578
26036 19964 2586
27476 18524 2551
20678 22322 2569
22474 20526 2635
17898 25102 2324
21534 22466 2562
22658 21342 2606
15714 26286 2023
24133 20867 2605
23536 23464 2311
30095 12905 2145
21032 21968 2585
23433 23567 2287
28619 16381 2517
21084 24916 2149
16958 26042 2087
24685 22315 2432
24916 22084 2448
22363 22637 2545
29645 14355 2337
22770 23230 2447
23389 19611 2655
29740 15260 2300
27565 17435 2610
24182 21818 2544
27730 19270 2428
26742 19258 2573
28846 17154 2465
15908 26092 2107
27780 18220 2541
28302 18698 2311
25095 18905 2653
22179 21821 2590
22565 22435 2555
27144 18856 2561
23657 22343 2519
21449 24551 2244
28917 17083 2458
26866 20134 2474
29441 15559 2400
18755 25245 2272
20976 24024 2429
19477 25523 2083
28134 18866 2364
