26469 35531 3291
25249 35751 3277
32311 31689 3297
23500 37500 3043
28879 31121 3435
22958 37042 3126
23309 36691 3175
30095 34905 3158
36591 26409 2736
29627 35373 3057
36087 26913 3010
22438 37562 3021
31101 30899 3375
33097 28903 3303
25923 31077 3444
28964 34036 3356
30569 32431 3361
36376 27624 2863
29692 35308 3081
24527 37473 3015
31076 32924 3317
34494 29506 3173
36035 27965 2976
30310 33690 3320
25832 37168 2926
29077 32923 3392
29585 35415 3012
36354 25646 2932
26572 33428 3404
28566 33434 3391
29689 31311 3413
30105 31895 3391
30130 29870 3412
32243 32757 3222
32780 32220 3212
29379 34621 3276
36730 25270 2778
34505 30495 3134
21052 37948 2878
27587 36413 3119
29114 29886 3436
35161 27839 3145
31992 30008 3353
23244 37756 2874
31102 33898 3216
22079 37921 2790
26709 30291 3451
28109 29891 3443
33619 31381 3187
35749 29251 2973
27025 33975 3383
27346 33654 3393
30628 30372 3396
25723 36277 3216
26542 34458 3362
22123 37877 2877
27408 36592 3043
33890 31110 3171
30170 30830 3405
36759 25241 2741
31591 28409 3368
28300 35700 3200
18968 38032 2731
23238 37762 2866
28077 34923 3311
36821 24179 2556
36821 23179 2637
24485 37515 2918
35109 28891 3111
26396 36604 3157
27391 36609 3034
26342 35658 3279
27423 34577 3348
27898 34102 3366
26191 34809 3345
31718 33282 3222
33984 29016 3246
29610 35390 3048
35771 28229 3015
25454 34546 3363
28113 32887 3412
30319 34681 3200
29581 33419 3361
28599 35401 3231
26643 35357 3303
27408 35592 3269
24775 37225 3100
17961 38039 2654
25938 37062 3056
25838 37162 2934
36289 26711 2931
25970 37030 3070
30715 29285 3396
30991 30009 3388
27413 32587 3422
29639 29361 3427
20005 37995 2788
36781 24219 2741
36411 27589 2822
33592 30408 3246
32484 28516 3334
29442 30558 3425
28867 32133 3423
35079 29921 3062
28579 31421 3440
36202 27798 2938
27007 34993 3327
26544 36456 3180
31874 31126 3340
33641 27359 3280
32804 32196 2953
26565 32435 3425
27373 36627 2994
24674 35326 3318
33240 29760 3287
24543 36457 3200
