17950 26050 2392
25320 19680 2081
20614 27386 2248
25335 21665 2071
17104 28896 2169
21328 25672 2350
25323 20677 2077
22297 25703 2270
18319 28681 2189
19645 27355 2328
18522 27478 2349
21402 26598 2274
22914 23086 2291
25474 21526 2036
25681 20319 2016
17895 28105 2316
18471 28529 2237
16127 28873 2189
23212 24788 2211
26196 16804 1700
15963 29037 2097
24814 23186 2008
21993 25007 2325
25882 20118 1962
17055 28945 2093
20452 24548 2396
25990 19010 1949
22393 23607 2322
17681 28319 2299
20906 27094 2263
20526 25474 2388
20947 24053 2385
19256 27744 2310
19626 26374 2372
20057 24943 2400
24363 21637 2181
17069 28931 2126
23417 23583 2241
19129 23871 2410
18280 28720 2167
18068 26932 2366
19993 28007 2165
21820 26180 2275
19347 24653 2405
25862 19138 2002
21948 24052 2347
21002 25998 2354
18637 27363 2353
21810 26190 2012
19277 25723 2395
18671 26329 2384
24378 23622 2109
18173 27827 2332
16048 28952 2154
17150 28850 2195
18723 28277 2265
25505 21495 2003
23949 23051 2206
18392 24608 2408
17819 25181 2404
20223 27777 2223
19917 28083 2136
16009 28991 2132
19760 27240 2332
21263 24737 2373
26134 18866 1877
17328 28672 2247
19918 27082 2336
24920 21080 2121
23815 24185 2166
18297 25703 2397
23427 22573 2259
25805 19195 2012
24543 22457 2150
23491 24509 2192
