23140 37860 3133
23035 35965 3506
33450 25550 3160
19553 38447 3255
28802 30198 3547
26314 36686 3028
32706 24294 3281
29691 30309 3503
27168 32832 3536
35413 18587 2663
27659 35341 3292
30031 29969 3489
31547 28453 3362
24739 34261 3558
25477 28523 3655
34188 25812 2856
27737 28263 3607
27837 34163 3447
31020 29980 3383
35419 16581 2548
32092 30908 3069
31405 25595 3427
22973 32027 3652
32754 28246 3188
23517 36483 3443
31483 26517 3412
31080 25920 3460
21130 37870 3349
27926 29074 3598
30288 30712 3439
29644 32356 3431
24534 32466 3625
20586 38414 3053
32866 29134 3054
28500 32500 3495
27526 33474 3494
26605 28395 3639
34736 21264 2958
33071 25929 3211
20607 38393 3170
22765 34235 3594
23216 30784 3658
26381 36619 3079
31737 30263 3256
25477 36523 3307
30754 31246 3361
31697 30303 3261
27841 33159 3495
26605 34395 3488
21507 35493 3554
34663 22337 2948
26038 31962 3604
23563 35437 3528
31175 27825 3426
26273 29727 3635
24510 36490 3383
22089 33911 3608
22199 36801 3452
33833 23167 3128
22710 33290 3628
21783 38217 3177
32221 25779 3331
22373 37627 3352
24730 37270 3168
23999 35001 3544
34745 23255 2737
25110 30890 3645
20932 38068 3316
25257 34743 3521
26968 35032 3406
19510 38490 3121
23145 37855 3139
20754 38246 3263
25011 34989 3513
33652 27348 2950
24882 30118 3653
22134 37866 3304
30414 26586 3523
28714 29286 3569
27055 31945 3572
34353 23647 2990
32825 25175 3261
32172 27828 3298
23210 37790 3174
32435 26565 3291
26270 35730 3367
31473 29527 3336
31087 26913 3452
31114 27886 3432
33172 27828 3101
20391 37609 3393
26117 34883 3475
28278 30722 3561
33747 27253 2870
26546 30454 3618
32142 30858 2964
32493 24507 3305
21713 38287 3136
26448 36552 3127
24908 37092 3221
30644 29356 3449
27909 30091 3589
27011 28989 3623
23129 36871 3414
21206 36794 3472
30324 32676 3336
33228 23772 3217
25456 32544 3608
21608 37392 3403
32749 29251 3120
25277 35723 3428
28414 26586 3588
34928 22072 2779
34075 25925 2931
34517 24483 2846
30136 31864 3402
32060 30940 3131
24327 35673 3486
22535 36465 3474
24520 29480 3658
24084 33916 3586
28179 33821 3447
20597 38403 3115
25025 36975 3253
24893 34107 3560
30047 28953 3513
28906 34094 3065
19951 38049 3327
23792 34208 3581
29096 32904 3446
30416 29584 3464
29438 28562 3545
29649 31351 3478
26294 33706 3535
32106 28894 3264
24589 37411 3117
22494 35506 3551
28634 29366 3571
21889 37111 3431
20672 37328 3421
29594 33406 3382
30391 28609 3492
34934 21066 2905
33204 24796 3210
18451 38549 3036
27969 31031 3568
24361 36639 3373
26673 36327 3215
33457 26543 3102
21901 38099 3225
28704 34296 3351
23647 37353 3316
21551 36449 3496
32140 30860 2970
34861 22139 2895
30596 32404 3310
29872 32128 3418
27016 35984 3250
32964 29036 2988
32532 27468 3253
29499 29501 3528
27144 32856 3536
31389 31611 3232
34041 24959 3014
33102 28898 2882
35268 19732 2785
23530 37470 3282
28165 34835 3321
34050 22950 3087
