47414 45071 45782
40376 49268 43187
40707 48226 48046
45094 43153 49477
45705 47393 43820
41827 48277 47432
45148 47659 44772
48161 44758 44556
42074 48978 44013
41858 48991 44769
50107 37944 40929
42734 47042 48544
39298 49331 44074
49971 40267 43327
41735 41576 51504
40852 42475 51573
49678 41318 44145
42767 44365 50254
42384 48103 47465
48999 42523 45632
48971 40910 46405
40662 40156 51903
44415 43855 49601
42959 43295 50578
39547 42723 51824
47270 46032 43063
46848 45277 46561
37833 40429 52254
43145 40404 50999
40723 48894 46543
48403 44126 45011
45646 46307 47035
43928 46495 48268
40734 47547 48993
43987 47002 47775
40247 47034 49488
39011 42702 51864
44072 40953 50574
40902 49130 44827
44243 46893 47679
45251 43573 49175
39407 47204 49374
43724 47548 47251
44261 45419 48842
45258 42617 49599
46115 45890 46893
46040 46129 46694
45405 47634 43409
45748 42020 49476
38728 49251 44869
38225 44841 51039
49381 42429 43838
45137 40354 50066
47606 45588 44325
40921 45360 50493
46719 45427 46570
48611 40119 47210
42125 48885 45423
47955 40519 47946
42942 48773 44884
44634 42175 50145
42457 43117 50872
48052 45061 42796
49272 42931 43326
38540 49379 43542
47868 45238 44052
46733 46536 43986
44240 47940 45983
43816 40668 50702
45148 40875 50037
44096 47596 46857
41267 42723 51403
46021 43031 48889
44439 47711 46248
39745 46490 49952
45357 41257 49878
49041 42667 45246
44761 47628 45969
46662 44898 47258
47954 45191 42588
44886 47964 43694
42750 42370 50955
46794 45188 46769
44555 40023 50353
49481 42533 42438
40407 47719 48835
40012 49174 45608
46022 40372 49611
48279 42299 47048
44769 42801 49819
46201 45477 47266
45585 42630 49378
45258 45413 48103
49360 42416 44011
47783 45416 43383
39034 49340 44003
41393 43931 50990
39818 48463 47856
47183 44417 46997
39920 48882 46898
41918 44943 50300
40921 47966 48441
42382 47620 48067
47764 41307 48014
49620 41785 43643
43463 48511 45204
44365 48276 43708
46838 42919 48350
49159 42885 44293
50023 39787 43323
41635 40596 51580
38497 44298 51311
49268 41249 45675
39584 44552 51111
47512 44828 45967
45151 42142 49825
39837 49352 43648
40384 44387 51123
41687 42299 51365
49684 39514 44749
46553 41328 49064
45014 41880 49984
47117 46203 43307
39343 49391 43187
45310 45869 47720
49862 41076 43223
45501 40894 49844
44990 44399 48938
46893 45593 46015
45602 47498 43466
45377 45588 47884
42486 40693 51252
48013 43389 46670
46313 46166 46169
39174 40523 52242
39958 47135 49441
46651 46654 43459
47619 45267 44962
41855 43078 51139
45421 43166 49256
41169 42290 51520
48792 42613 46073
49355 40523 45653
40227 41043 51962
49545 41893 43960
46590 44706 47494
47085 46110 44558
46836 45701 45957
47040 40342 48924
44398 40999 50415
47002 42383 48472
45441 47407 44939
44996 45881 47955
44329 48230 44646
49621 42132 42546
43389 48709 43785
49155 39993 46192
49991 40771 42721
49074 41899 45831
48343 44069 45236
41547 47499 48720
48669 42989 45934
46303 46892 43991
47896 41304 47850
49354 41214 45420
45060 46781 47140
38992 43553 51593
39642 41153 52087
40525 48654 47320
46237 47085 42903
45535 41358 49751
48179 44769 44338
38313 39838 52286
47359 42397 48117
39304 45957 50324
40656 44590 50940
39133 41092 52164
42513 48791 45413
47698 39652 48249
49061 41339 46116
43012 41659 51034
47064 46097 44731
41612 46186 49714
43921 48513 44186
48423 44408 44283
43706 46249 48611
41684 48783 46321
45580 44797 48256
45858 47055 45088
45341 47588 44330
41209 40610 51722
44171 48228 45028
43177 46452 48754
50072 39355 42030
44285 41840 50396
41257 48990 45685
41363 45773 50069
41337 44717 50657
40793 46757 49588
41249 41462 51651
45272 47000 46558
41816 49025 42729
45279 43968 48963
44200 47636 46694
40674 49057 45835
47275 46044 42295
48841 43870 42822
39712 45372 50712
49891 40301 43691
48383 39793 47517
38956 39531 52268
43296 45075 49640
46153 43921 48339
49265 40094 45942
48665 43776 44738
38202 41403 52124
42064 48701 46218
49817 41253 43223
44725 47873 45167
45609 47159 45577
39996 47915 48583
39292 49306 44333
49321 41731 45143
49969 39717 43583
49452 40332 45462
41735 46754 49294
46818 45966 45583
44579 43319 49723
46139 46786 45286
38463 45536 50606
49036 43261 44154
43606 42542 50520
44847 44945 48737
47614 43184 47315
46429 46510 45294
38435 42524 51910
46696 46448 44720
44617 47284 46843
43066 48780 43490
45983 45600 47382
39635 39944 52234
44544 44608 49150
40628 42974 51518
41354 41327 51643
46991 45350 46200
44004 43342 50050
