44289 51711 6077
40708 61292 5252
44224 52776 6069
40329 58671 5818
55825 50175 5051
57121 44879 5321
57583 46417 4981
47649 55351 5853
44930 53070 6054
58357 43643 4971
56698 48302 5120
46290 51710 6049
36491 61509 5346
40081 57919 5882
58837 41163 4785
51890 52110 5735
47675 53325 5959
43230 59770 5564
56789 48211 5050
37307 61693 5267
48973 52027 5933
49834 53166 5839
47084 56916 5759
53633 48367 5701
41380 55620 6002
50271 55729 5601
48125 57875 5468
52160 50840 5763
41542 54458 6044
53041 49959 5720
56523 47477 5383
38330 61670 5225
49811 52189 5878
57670 44330 5213
58839 41161 4746
59184 36816 4437
44076 58924 5674
42624 51376 6091
39910 57090 5935
51581 52419 5747
45669 59331 5429
54339 49661 5613
45331 59669 5355
42753 60247 5488
41021 59979 5633
47750 55250 5854
56850 47150 5311
41925 60075 5573
42149 52851 6077
43914 58086 5795
58774 41226 4860
41482 57518 5901
57244 44756 5297
54514 47486 5631
47358 51642 6020
35074 61926 5129
57167 46833 5231
51520 51480 5788
48718 54282 5857
53866 49134 5674
48119 55881 5783
39097 59903 5693
56560 48440 5181
49797 51203 5905
52225 48775 5791
37155 61845 5124
59193 35807 4389
46518 52482 6041
42639 59361 5679
52289 54711 5240
59017 38983 4745
59143 37857 4600
41968 52032 6086
44365 56635 5916
41008 58992 5777
49442 55558 5710
43316 51684 6087
54248 51752 5425
54410 47590 5641
54124 47876 5667
45950 51050 6058
44420 52580 6070
50675 52325 5818
49425 50575 5933
44246 53754 6051
52063 54937 5288
38242 61758 5077
46823 54177 5962
45246 56754 5879
45544 53456 6035
42808 52192 6084
38284 59716 5722
38752 61248 5436
55731 50269 5129
47371 58629 5371
42558 56442 5959
52329 50671 5755
44062 55938 5966
38118 60882 5535
58483 41517 4996
46852 56148 5840
50451 53549 5782
44946 56054 5939
43944 60056 5431
47053 55947 5844
51911 55089 5310
45684 56316 5894
42183 59817 5612
48161 54839 5856
57225 45775 5292
50806 53194 5772
41544 53456 6069
50334 52666 5830
52035 53965 5571
54852 48148 5598
39715 59285 5762
48620 57380 5514
51421 53579 5687
40949 57051 5936
37473 60527 5609
50361 55639 5603
45035 51965 6067
50357 54643 5709
45711 51289 6062
38672 60328 5635
43838 51162 6084
53359 49641 5704
57096 44904 5325
38568 61432 5359
37108 60892 5537
43627 54373 6038
41499 59501 5703
55389 48611 5519
56282 48718 5269
39272 60728 5557
49750 54250 5787
51347 52653 5756
45960 57040 5818
47492 57508 5642
56743 48257 5096
45029 59971 5216
53925 52075 5457
44236 50764 6080
47352 53648 5961
36888 61112 5482
44845 59155 5568
48601 53399 5905
42001 55999 5985
38088 60912 5528
59173 37827 4518
58615 42385 4887
43639 53361 6062
58329 43671 4997
53847 52153 5463
57967 44033 5137
53966 52034 5453
41771 54229 6050
51757 51243 5779
58930 40070 4793
42279 60721 5381
44596 57404 5846
41033 60967 5404
44084 54916 6009
54755 51245 5350
43110 57890 5841
42141 60859 5329
56069 46931 5473
43478 58522 5759
53430 51570 5607
52884 53116 5524
39640 61360 5338
40619 59381 5740
53320 47680 5722
58537 42463 4945
36340 61660 5288
46873 59127 5214
52020 48980 5803
45028 59972 5172
52492 49508 5772
49285 53715 5848
47692 51308 6008
55038 50962 5297
42631 60369 5463
48150 53850 5911
57935 45065 5101
57647 45353 5184
52525 52475 5651
48460 56540 5688
55119 46881 5572
39780 60220 5629
37226 61774 5192
40881 56119 5981
57431 46569 5134
38629 60371 5628
45517 59483 5400
41366 60634 5482
46040 57960 5702
42077 54923 6028
38835 59165 5780
32009 61991 4892
51957 53043 5674
41671 51329 6091
51626 49374 5824
57143 46857 5238
53312 52688 5499
48928 57072 5538
39406 58594 5834
45186 59814 5308
45207 51793 6066
46677 51323 6043
51613 55387 5220
58643 42357 4861
48421 55579 5788
43413 60587 5207
53882 50118 5644
42781 57219 5911
46702 56298 5837
42166 57834 5873
46520 54480 5961
55582 50418 5186
52718 52282 5642
41730 58270 5837
47809 54191 5914
47935 52065 5987
58011 44989 5012
54946 49054 5562
35030 61970 5026
58171 42829 5088
58474 42526 4975
50979 51021 5843
59007 39993 4742
47036 58964 5299
47821 58179 5439
48210 57790 5476
44852 58148 5750
55183 49817 5462
56818 48182 4880
42411 60589 5412
42502 55498 6003
52549 52451 5650
44594 59406 5536
53001 50999 5687
40895 61105 5352
54255 50745 5561
47319 58681 5361
37967 61033 5499
39496 61504 5224
41956 61044 5148
44463 58537 5713
58821 40179 4850
37149 61851 5104
43467 60533 5295
42415 58585 5791
54245 48755 5649
45093 55907 5943
40925 54075 6056
53170 50830 5679
42964 56036 5978
43640 60360 5371
50473 49527 5887
34011 61989 4970
46233 56767 5827
42217 60783 5359
46053 58947 5496
51428 48572 5836
46297 53703 6010
40675 61325 5175
45929 55071 5959
36725 61275 5427
37929 60071 5676
40078 60922 5473
36217 61783 5221
46729 55271 5911
48976 55024 5788
50211 51789 5868
51233 54767 5595
49630 56370 5575
56807 46193 5370
42889 51111 6090
58811 41189 4827
39453 61547 5171
54748 48252 5608
42390 53610 6063
40722 61278 5276
58161 43839 5067
46501 55499 5910
48942 50058 5955
42557 52443 6082
40290 60710 5518
50745 50255 5867
39893 61107 5430
41502 56498 5964
49707 50293 5921
45846 54154 6008
59078 38922 4689
45448 54552 6002
42044 60956 5283
55646 49354 5396
41774 56226 5976
59098 38902 4638
43334 56666 5939
36064 61936 5064
45339 58661 5629
43427 60573 5231
55832 49168 5364
