60074 66480 76822
60576 64325 76863
67117 73918 72929
74788 64738 65768
72360 73883 60887
66650 77764 69265
65100 81358 60513
65836 77568 70309
60205 82885 59849
58967 66678 76842
69150 71186 72631
69868 76951 62940
70026 75396 67732
75223 66439 63157
61156 80992 67648
71720 67391 70980
69953 74406 69325
71341 74453 65940
64475 76935 71823
64572 76768 71957
73626 71851 61540
73025 72524 63566
67879 79213 60546
74308 64658 67101
69650 76646 66223
72799 63530 69923
69942 70934 71964
70970 72497 69512
69133 67343 73603
73283 68704 68161
70558 69068 71893
70984 66511 71994
74992 63900 65315
58070 81329 67487
72690 68043 69511
62432 79788 69106
73353 65468 68913
75714 64684 61285
60968 80999 67730
68440 78330 65099
69770 73093 70830
71748 72794 67646
72856 72205 65350
67835 67801 74395
73951 67652 67228
70442 75331 66818
74502 69606 59990
61717 82333 62835
60820 75269 74296
60558 69300 76478
67952 77714 67627
62771 65893 76435
64863 79499 68107
73999 68366 66385
66216 77770 69730
59406 82803 62073
72276 72611 66609
63561 65685 76256
65364 79064 68433
64521 81674 59550
60213 81163 67616
70568 72350 70255
70193 75546 67051
74751 68558 62275
66166 80434 63004
75852 63157 59286
61027 66079 76737
71407 70137 70519
61101 81424 66573
74917 68050 62119
63389 69040 76108
74940 65561 65044
61903 78555 70968
70483 73842 69039
75366 64869 63541
66992 78907 66940
70269 69295 72115
63700 80254 67555
70537 70603 71411
57503 62346 77015
67700 75174 71414
63882 69358 75922
69512 72916 71333
71908 66153 70949
70652 73563 69032
70725 68010 72013
61235 68501 76542
59362 82996 58941
61152 81582 66117
60321 81798 65996
59610 77232 72693
66924 79715 64688
68658 69457 73550
73124 67725 68875
68880 70248 73175
70615 70791 71238
63765 71680 75460
64641 77218 71434
58418 82476 64168
71083 63909 72011
64716 75849 72842
59086 80648 68677
70674 76026 62496
61911 67925 76486
74747 62546 66068
68213 78813 62294
59633 81869 66142
66054 80662 61536
65418 78924 68634
71838 70929 69432
71411 69541 70770
60543 82103 64887
64681 78192 70297
65185 78584 69417
59828 71729 75924
72439 73747 61725
74810 66952 64771
73686 69534 66204
73284 72063 63461
58969 81426 67251
57966 82338 64764
69991 74139 69535
75244 63783 64370
72279 71259 68309
69144 77341 66006
62785 69621 76210
74997 64057 65266
70683 75877 63917
59510 81271 67496
68070 75302 70894
71961 65106 71004
71372 71696 69553
63079 67516 76310
68415 67202 74107
73870 63348 68092
65431 64629 75671
69711 71285 72047
60465 82663 62235
61149 69124 76473
59606 67535 76759
72471 65484 70282
71230 73182 68344
71862 68084 70646
63026 77565 71749
68965 70918 72910
62501 71838 75680
65788 80758 62257
71829 74232 64506
67923 74230 72013
67900 78972 64239
60830 82320 63894
66208 76452 71374
67572 79236 64460
69329 68625 73204
64052 81804 61618
72580 69028 69301
71941 71381 68855
70269 76437 63508
58990 82682 62906
62154 64465 76570
65651 71516 74848
67318 79716 61269
61615 82451 62234
70720 72179 70161
62573 82208 62428
68695 74749 70737
60346 82792 61349
68272 75639 70264
66114 80542 62402
68982 68511 73520
72272 73204 65547
75313 63099 64094
68172 68327 74172
74653 68284 63919
71579 70327 70175
71226 74444 66309
70263 64712 72776
61404 65349 76702
71110 75245 64443
60735 81574 66390
69789 77160 60592
73388 64309 68927
67884 69652 74111
73081 72299 64033
57959 82695 63076
73476 72147 60737
71217 74232 66748
62196 76330 73331
62001 66800 76546
68598 72832 72406
65672 76677 71490
72659 73390 62215
56883 83081 59145
69803 69891 72407
74482 69551 61507
59836 76414 73438
68757 78295 60854
57040 83028 60455
61663 70410 76189
73078 64700 69423
65495 69838 75283
63278 69939 76024
70903 73492 68656
69842 73843 70074
71474 72908 68139
72633 73239 63446
68899 75232 69937
60786 72383 75663
66782 67039 74993
73779 71032 63301
75026 67832 61589
64597 72783 74859
66893 68794 74837
75227 64262 64391
75335 65395 63437
67244 74315 72563
63829 81664 63148
66883 79849 63837
62325 71003 76006
62100 79724 69370
69209 76517 67544
66395 75099 72598
58895 81822 66393
71328 70971 70179
64581 74320 74109
64283 79016 69303
72582 66517 69974
59844 82924 60111
72809 65286 69792
63591 66501 76238
67914 74577 71754
70274 69452 72066
72102 65447 70790
64826 70375 75473
75272 66131 63288
69482 75331 68985
66279 73668 73635
62204 81536 65538
75371 65957 62728
71876 71962 68396
69837 65146 73131
62819 81493 65103
69181 71849 72333
58171 81909 66239
62283 82112 63420
59295 68453 76646
63852 64378 76197
69705 76838 65283
63245 67190 76301
61521 80947 67522
66967 79785 63866
72523 69868 68869
69662 75876 67704
72957 69550 68233
72333 73598 63973
73590 71620 62833
70733 64664 72384
72362 68322 69966
61389 82459 62493
59217 66474 76860
59980 80842 68246
67505 69301 74418
62903 73079 75151
73320 72294 62168
70911 69303 71450
73412 71272 64937
60065 82451 63896
68242 65916 74247
68844 72075 72555
68919 78085 62419
60477 79334 70353
63113 70681 75895
71744 74516 63621
60249 82587 63113
72051 63116 70941
60594 74437 74802
74921 68281 60644
64878 73025 74636
68469 78503 63212
71046 73830 67846
57506 82932 61376
73681 65854 68273
61597 79654 69668
68821 78201 62065
70599 74190 68392
66700 69881 74732
66468 80147 63694
66344 75524 72257
62414 82433 61027
71072 73213 68649
68392 78693 60319
69924 72374 71199
68633 75858 69541
69154 77535 65144
75124 64137 64808
60439 72744 75542
73100 65964 69245
72266 64028 70654
74765 65215 65722
75487 65461 62444
63657 82034 60650
71684 69912 70221
71963 73630 65712
75552 65753 59798
70638 73968 68595
62273 72552 75447
73676 63113 68449
67792 79144 63449
75824 63146 59829
66405 77621 69750
74025 69147 65513
62543 77501 71972
73134 72492 62878
65077 76078 72457
60237 77460 72459
70258 73045 70175
73027 72842 61733
66581 65941 75132
74118 65333 67466
66638 77961 68967
63951 81959 59621
71616 74889 60882
65134 80923 63722
66142 67336 75284
72940 70312 67691
60839 67600 76675
64008 74986 73857
69728 73609 70461
71347 66171 71606
63218 74207 74594
72849 69022 68797
61049 71600 75934
74266 63922 67323
73014 68710 68665
75374 63097 63757
73196 68031 68611
61813 77817 71835
68919 67988 73658
67743 79031 64859
60867 80337 69006
71237 67311 71558
71159 75275 63947
63997 77728 71183
66673 80193 61694
71488 63935 71569
71388 68611 71106
62635 79474 69481
70117 76761 61477
64779 65973 75878
66474 78910 67623
69643 65852 73290
75331 66859 60325
73377 67229 68543
71274 73388 67940
64397 81380 63224
68360 75293 70546
67018 79971 60727
67588 77695 68272
74514 68690 64058
64119 67174 76081
66584 72299 74083
74635 64587 66242
75448 66284 60906
62942 80886 66683
70069 74754 68678
61957 82324 62592
66354 80080 64664
75316 66877 60724
67777 67073 74474
59989 68987 76554
66480 73313 73735
60932 82794 59730
63482 71654 75545
58336 83078 59210
69831 76342 66452
66734 80051 62973
63840 78304 70544
72317 66727 70331
75370 66348 62213
62684 66670 76427
65382 75783 72580
72058 74322 60824
68033 65833 74371
63023 64131 76405
64031 71081 75563
71110 70265 70844
69151 75855 68858
71433 74908 63929
67554 74059 72490
62390 80945 66943
72160 71819 67934
59622 82879 61195
64076 65169 76138
68790 73426 71765
68571 78007 65754
68422 73823 71829
65968 76155 71860
75000 66277 64406
62269 74633 74546
61644 75306 74203
64776 71755 75131
71567 74369 65399
62824 75831 73586
67476 79217 65060
61255 82547 62035
68456 78599 61530
68832 65803 73889
60559 79435 70213
59548 78677 71239
69912 75895 67104
68285 66825 74202
60463 76642 73204
58112 81067 67979
60932 74995 74481
58520 64246 77008
70813 75480 65171
68875 78159 61222
69726 72368 71456
64315 71118 75460
69775 75065 68802
74522 68865 63702
60830 73641 75160
57957 80926 68216
63140 82127 61930
59755 79978 69598
66565 74696 72791
58144 82869 61938
70409 76140 64443
59211 64832 76964
61821 78368 71211
67322 66411 74740
64740 79879 67430
67658 70846 73964
60130 82716 62227
68373 74847 71022
68185 78649 64638
67789 72384 73277
67351 70662 74229
62097 71717 75773
66449 78110 68947
65172 81091 62604
70088 67405 72819
73303 63368 69108
60384 80221 69235
75532 65698 61315
75139 67343 61832
74677 63674 66222
64751 73917 74302
66841 80001 62678
59493 78271 71688
73237 71862 64453
65979 65518 75447
64219 81771 60958
72978 72323 64558
66692 75093 72425
67407 64991 74713
66735 76639 70798
74262 65839 67018
73848 69709 65478
60277 72315 75715
67175 71164 74155
66980 68017 74845
72565 71978 66795
63323 79498 69111
59759 82278 64659
62183 75655 73894
63525 74802 74153
71225 75020 64832
71259 75347 60005
71306 65017 71770
65801 80561 63786
71061 75586 61745
59749 81642 66704
62791 82367 59835
61712 72955 75366
66669 80230 60739
69104 74019 70952
73935 71068 60786
66523 78645 67997
66961 75821 71543
68717 77705 66226
58780 79596 70145
72125 73710 64876
71454 75045 62549
65291 79910 66857
73443 70837 65549
66780 79083 66860
70278 75982 65906
64481 81456 62606
59023 83033 59311
61308 81972 64885
66184 70306 74881
67028 73131 73485
66756 79289 66351
69209 77740 62662
71124 75277 64190
67319 71502 73932
74170 70466 60557
63757 76517 72586
73863 68972 66239
71843 74113 65005
62361 82493 60131
67647 79012 65459
66796 68673 74900
69734 66644 73193
61931 74075 74867
74215 69092 64914
63524 82107 60051
66885 71313 74268
72562 73189 64069
60365 66303 76809
69053 72646 72065
62976 82174 62018
68393 78537 63735
68049 73033 72731
70977 75139 65613
61966 77005 72676
61712 82656 60470
62990 80570 67409
64330 79910 67730
72955 68983 68616
66544 73565 73543
68383 77298 67653
61257 79039 70556
60675 70592 76213
72498 63875 70340
64891 81087 63528
65082 74919 73492
65011 80863 64355
65651 75823 72398
67460 79466 63262
74340 67459 66025
61831 82527 61356
62306 81207 66339
70538 76251 61719
71794 74234 64749
58343 82878 61831
57849 82733 62837
61338 78304 71434
74340 63994 67115
65325 76467 71911
64080 78884 69613
70734 73208 69258
70289 76441 63182
65180 67740 75657
69454 76256 67477
57282 83074 59739
63912 81411 64168
63589 75054 73961
73509 71894 62426
69189 77736 62988
59691 70521 76255
75449 64411 63232
60586 67633 76712
69674 76777 65720
62754 81435 65353
75538 64019 62702
65792 78281 69402
65967 80741 60448
73207 63399 69266
75202 64696 64390
59541 79656 70031
75465 64695 62981
65464 81111 59947
74502 67634 65299
66007 80518 63166
69848 76947 63266
60234 69744 76400
73554 69229 66919
61259 74608 74699
57789 82217 65185
74694 68508 63134
63354 68222 76190
63932 77972 70912
72730 64347 69999
60957 78273 71518
69362 77423 64241
74556 68497 64122
61772 64952 76638
58540 82803 62270
66123 80108 65130
66018 68526 75260
59636 76250 73575
58405 65518 76937
74641 69056 61568
72003 67002 70705
58314 82089 65612
63305 78554 70433
65170 70561 75291
67559 76524 69992
63942 81916 60733
60524 75791 73926
67678 73825 72557
75790 63928 60066
65674 77979 69904
67163 77199 69526
67668 79354 62359
74855 67510 63929
68131 78840 63248
69542 74725 69585
74785 68624 61454
72027 73384 66050
64380 65051 76040
74671 66345 65621
66993 70316 74490
74960 62737 65451
60345 79113 70646
74150 70227 63052
63516 81650 63850
62918 78028 71248
60344 68734 76585
63510 80941 66047
63748 78820 69877
71962 74098 64187
61740 79103 70333
58472 82066 65673
61136 82676 61149
64286 80620 66164
75728 64592 59911
60593 82831 60100
74665 68883 62014
72219 65349 70637
56416 82709 63020
67821 66167 74488
66039 80172 65101
64649 80954 64666
61411 81302 66705
69550 74567 69752
75108 65958 64137
66688 80220 60380
71514 67039 71287
65168 80290 66180
66036 72481 74333
61624 75179 74291
66372 80128 64294
63958 75937 73072
62562 67320 76420
65267 80931 63291
71810 72253 68224
60065 71529 75976
68501 77682 66726
65584 75339 72869
75105 67677 59580
58398 83019 60217
63188 80017 68319
62785 82357 60804
74990 67601 62882
62924 80575 67438
63865 81160 64994
72196 73105 66043
61292 72310 75648
65742 76973 71115
73757 70863 64021
74744 65758 65637
65215 72864 74555
74414 68149 65117
74373 66430 66538
64453 79530 68407
64278 81433 63243
65028 81171 62605
65267 66963 75665
63353 77771 71405
60171 76113 73687
70405 73628 69378
71352 75226 61167
