34156 35844 3456
29291 35709 3728
36752 31248 3359
34366 31634 3591
37606 31394 3113
34061 30939 3613
28764 40236 3150
26121 40879 3274
31226 38774 3399
23837 41163 3153
32168 33832 3710
30810 39190 3343
29365 39635 3428
38261 28739 3053
30639 37361 3610
31732 32268 3726
36033 32967 3416
35211 33789 3479
26641 39359 3581
30451 36549 3670
32779 37221 3470
26409 39591 3568
30702 33298 3755
34778 32222 3557
38715 24285 2980
30596 38404 3521
27466 40534 3345
39087 21913 2759
22710 41290 3075
33550 31450 3648
31140 33860 3739
25453 40547 3417
35041 34959 3414
27574 38426 3628
34070 36930 3254
27537 40463 3365
38604 25396 3021
28078 33922 3769
36503 33497 3303
38537 27463 3011
33234 31766 3666
31584 36416 3634
28770 40230 3282
32401 33599 3701
25570 40430 3442
36591 31409 3379
28514 39486 3507
33876 34124 3597
35951 32049 3449
36278 30722 3430
38892 24108 2884
23985 41015 3291
27222 39778 3520
38037 29963 3029
29977 39023 3486
31185 35815 3681
35923 34077 3370
27512 35488 3749
38321 28679 2994
28024 36976 3704
29840 39160 3476
35867 31133 3473
30541 39459 3170
28873 38127 3618
36861 33139 3160
36977 30023 3344
30583 35417 3715
34995 36005 3172
27804 37196 3695
30582 39418 3267
34944 36056 3234
36912 33088 3098
37933 30067 3120
34125 32875 3603
28990 37010 3687
28765 40235 3212
37944 29056 3156
31558 35442 3685
38967 24033 2834
33122 33878 3662
32268 31732 3710
32460 35540 3641
32910 36090 3579
38050 26950 3172
36745 33255 3212
28078 39922 3458
26383 40617 3394
30547 39453 3253
26087 40913 3201
35111 29889 3536
27762 39238 3568
34277 33723 3573
38321 26679 3112
29658 34342 3753
31530 34470 3714
30164 38836 3498
27389 40611 3310
23868 41132 3189
30893 35107 3715
38133 28867 3102
24317 40683 3386
39149 21851 2675
32457 36543 3570
30334 37666 3601
23809 41191 3112
37839 29161 3183
28805 40195 3296
24970 41030 3218
33318 37682 3223
29575 37425 3643
34416 34584 3534
29707 32293 3766
29157 39843 3390
33836 32164 3628
37040 28960 3340
30541 39459 3189
37669 30331 3182
30257 35743 3711
26209 40791 3331
32310 35690 3641
28477 36523 3713
32344 34656 3676
22860 41140 3197
37425 29575 3263
36444 32556 3373
29053 38947 3548
37688 31312 3026
24943 41057 3169
36666 29334 3391
36955 31045 3326
27453 36547 3719
37462 31538 3176
37567 31433 3149
37998 30002 3065
29719 35281 3734
24934 41066 3115
28330 39670 3488
33309 32691 3660
33738 36262 3461
35123 32877 3518
27304 40696 3229
33062 34938 3625
28889 40111 3325
38851 25149 2861
38507 25493 3062
26526 38474 3637
31327 37673 3545
34121 36879 3192
28303 34697 3765
37198 31802 3238
35933 30067 3469
33492 35508 3563
35485 34515 3392
28940 34060 3764
31461 38539 3422
26718 40282 3455
29458 38542 3574
38540 27460 2996
27757 40243 3418
