89710 67474 67805
89500 68658 70804
84982 70383 82195
68202 87366 68403
80546 77431 82507
74119 75899 85910
84181 81633 74435
76724 82743 79535
68625 65532 90368
82911 82548 75115
89651 69514 68609
82546 79026 79989
73046 65839 89490
77476 80908 81381
73589 81948 81128
70181 86890 71790
86383 69264 80328
71940 82131 81063
71266 67685 89643
79127 85090 73651
72234 67685 89487
72181 84743 77556
76171 67261 88228
72482 65467 89697
76036 68981 88140
75915 75680 85648
74971 75231 86096
86008 76282 78131
80207 76228 83503
71320 66686 89851
76344 70835 87710
88482 74421 71659
80270 75984 83609
76937 72116 87056
77840 74149 85838
71436 85180 76854
81002 71185 85364
89578 70232 69133
70815 82525 80660
73948 85031 76844
73318 86626 72213
84467 79580 77147
83047 77207 80951
79616 76267 83813
74973 86678 70388
85042 81502 69468
85512 70999 81404
70539 86426 73565
77236 84205 77160
71493 85749 75510
80827 82074 78241
87400 73478 77247
77189 80746 81668
89149 72663 68636
86588 78947 71184
75370 80406 82460
76253 73000 86871
81143 84898 70008
76357 84013 77853
87249 75626 75545
81391 69480 85350
80447 81256 79549
79291 77637 83114
88486 69889 75765
88800 71191 74232
68970 64510 90490
85030 81356 72033
83631 73444 82530
87392 74689 76088
73439 85035 76913
85221 68350 82039
83695 79447 78439
76295 76921 84846
80500 67601 85958
84124 80865 75941
80509 67800 85951
86324 78075 75227
83264 80989 77000
76757 82081 80374
84804 79112 77233
79820 76020 83841
71209 65423 90032
77226 73898 86169
79454 83611 77085
84834 79535 76620
75876 76845 85006
85681 73280 80531
72667 67570 89434
81822 70325 84977
69766 65653 90233
76561 73403 86595
87558 76716 72269
80019 72089 85711
76877 83643 78245
79960 82509 78321
87231 69584 78799
82951 69890 84220
72904 68324 89229
74484 84154 78129
89449 67261 71237
80332 70921 85826
79454 70831 86296
82214 84202 71279
77170 84356 76910
88518 71806 75075
82202 81880 77208
84261 69459 83145
69451 86661 72756
75565 78513 83984
78907 82295 79236
72998 71996 87900
87114 76843 74320
75211 75727 85785
78285 84053 76933
79518 85054 73300
80549 83279 76801
89472 69235 70956
86973 69741 79315
82968 83215 73703
81855 77374 81721
85877 73939 79897
78078 85930 71876
83822 82858 70932
76060 81504 81194
72772 73370 87326
72520 72262 87827
75031 85614 75104
89586 68268 70035
75831 70959 87825
72741 87054 68799
82444 73594 83419
86823 76065 76302
80386 74575 84341
77226 68027 87698
86536 75317 77891
80226 80501 80338
78406 74459 85412
71524 81395 81885
83892 81398 75466
74499 82734 80055
70687 68917 89288
86863 78323 71931
83768 75954 81108
84997 77109 79012
73044 79566 83546
76790 68972 87832
84414 69538 82966
80349 73872 84747
73056 77767 84913
75525 82826 79719
88517 74014 72443
88745 70182 74823
84830 80909 74129
83861 74547 81781
81191 74259 83997
75879 85999 73376
76114 75573 85653
87721 69780 77808
87692 76666 71468
78542 83089 78327
74431 84516 77621
89707 68381 68464
72864 64950 89596
80977 70883 85432
76657 86115 72373
68983 87013 71301
76144 86057 73016
76140 72057 87327
80944 73414 84582
87524 77087 70467
88363 75070 69519
79973 81989 78982
76183 85605 74480
79525 84686 74495
70051 66759 89977
72803 81359 81868
83826 68528 83644
80491 82088 78479
77545 82782 79226
82860 70802 84077
87433 76132 74099
75024 84882 76917
74590 82869 79866
88983 69790 73913
72045 65297 89839
85544 80226 73384
75039 67430 88651
88852 73169 71822
72498 84919 77234
84803 75414 80366
82178 83455 74351
69505 74033 87144
77412 71894 86988
79460 73039 85631
74012 86148 73862
82191 82953 75501
74805 71241 88006
84062 77315 79986
70036 86067 74676
75254 86585 70888
88180 75007 72370
71139 71265 88336
80747 82673 77488
73619 65498 89293
70860 78688 84291
84622 74137 81294
79014 80841 80742
77548 81850 80337
85979 73565 79956
72758 87000 70230
88762 71562 74220
70620 86299 73946
81006 67998 85655
86627 78028 74224
68498 87383 67934
69907 86566 73082
79368 81708 79642
72160 77808 84950
79267 79480 81718
73428 80000 83133
83872 69705 83468
79982 79912 80970
78313 85204 74076
74459 69659 88608
74424 80880 82174
78618 69755 86879
72187 68796 89195
75856 80267 82496
70614 66015 90065
88377 73063 74367
69920 68428 89488
76584 74849 85896
79520 84245 75603
79803 71895 85888
73174 76735 85568
76435 70394 87758
69575 68964 89331
88214 70063 76579
81096 81713 78476
74551 85521 75512
80550 74995 84018
81584 80924 79033
73772 83154 79639
83499 82964 72666
83394 74882 82031
80939 73621 84491
70168 87267 69301
80997 67799 85662
72262 86196 74133
81032 80942 79424
85979 79143 74388
83863 79380 78312
79424 83188 77698
72925 82267 80838
84642 80228 75973
88291 74797 72151
75039 73455 86984
73122 69437 88877
88206 75249 71557
75029 69343 88477
72943 74921 86596
72928 85500 76053
83917 77590 79914
77854 79987 82046
73822 76976 85307
88887 72762 72606
70582 78330 84560
76333 85948 73254
80717 82250 78101
72335 82369 80770
85168 69544 82062
78127 83923 77267
76513 86443 70050
78355 68278 87147
86692 74927 77880
81598 82120 77577
89541 67929 70483
88146 69847 76779
88524 73703 72960
82804 80869 77809
82702 78403 80337
81423 67406 85392
84087 82601 70510
73408 84939 77081
80646 84752 72681
80456 79306 81157
80479 67703 85970
78847 79052 82290
70585 65312 90170
88171 74186 73807
72779 80648 82605
89040 69255 73731
87783 70964 77553
82229 79671 79720
84789 68713 82579
82370 81813 77081
81610 84455 71827
82260 80357 79072
85925 78154 76203
83276 68493 84108
86876 74627 77743
71222 75699 86297
80995 78547 81422
85761 80375 71837
77819 78444 83266
87174 77663 72413
81030 84669 72225
76253 80155 82509
87555 76255 73317
76833 86276 71078
77189 85033 75385
80018 85226 71763
78830 85179 73696
75051 84189 77964
78804 75052 84915
86919 72379 78919
83163 83448 70921
81126 78528 81356
74400 85686 75134
86082 79621 72763
83333 70015 83864
84226 77536 79616
73312 79479 83603
89339 70302 71739
86024 79854 72079
77264 84483 76595
75164 80179 82711
80574 72887 85057
72301 79074 83983
83474 83149 71690
81020 80798 79561
75056 82368 80401
71839 74768 86748
88652 72014 74426
86511 70362 80082
82634 83719 72554
84146 82265 72857
75167 70954 88019
72462 86983 70699
82630 79879 79198
83172 83441 70708
78267 82616 79132
87761 76336 71874
72352 86277 73860
68848 87298 69391
76033 85400 75195
77573 80446 81812
85367 81024 71078
75100 86312 72638
85689 78957 75600
83330 71707 83391
83006 80397 78137
86762 78209 73361
79974 83158 77388
83664 83017 70693
85933 77960 76428
75739 78888 83697
84389 82243 70654
74582 65324 88914
80203 83781 76094
77015 70524 87478
79358 67995 86606
74333 78736 84060
82523 83955 71878
75521 79656 83124
78727 85888 69927
84001 72741 82436
78815 73100 85903
89326 69283 72078
71458 79580 83604
78086 84294 76551
71847 72560 87747
75963 77521 84561
82107 70848 84654
88541 72844 73947
85732 69321 81346
77169 86125 71897
80331 84933 72503
73891 73043 87351
83950 82132 73823
86601 73078 79228
82808 76662 81505
80607 72071 85370
76447 85522 74565
85463 80912 69958
74960 65102 88758
87821 70265 77534
83090 75664 81868
74666 67099 88814
77391 85184 74845
81061 69203 85572
71306 76591 85755
79354 84296 75607
86659 76701 76003
76380 71631 87412
76411 78419 83837
72740 85745 75434
85919 80155 70513
79572 78088 82625
72058 84431 78050
70014 66485 90055
74279 75464 86112
70112 81148 82168
71001 79925 83308
79095 76232 84103
70300 70839 88549
73639 71935 87852
84828 76133 79898
76310 72022 87291
86464 77478 75610
84002 78537 79016
81908 69120 85030
84291 82206 72114
84992 72017 81700
77817 75916 84897
74937 74557 86450
87396 76927 72766
86899 73988 78118
86272 77751 75822
73407 72186 87774
86068 72222 80332
78157 75313 85080
75821 86573 69426
77802 71182 86996
74474 64973 88960
83150 76199 81499
68268 87402 67306
81271 70036 85386
75693 84332 77563
72619 73966 87076
87215 76669 74194
74642 86306 72967
78539 84723 75206
87121 72506 78489
83515 69328 83835
85282 78156 77527
84560 81933 71869
74159 78361 84347
78495 84307 76229
78256 78561 82966
86956 78219 70995
87952 70118 77230
78718 72079 86365
77220 84794 75957
88980 69006 74009
71064 87218 68886
84420 75681 80650
86819 77755 74012
88857 72339 73219
71850 84785 77509
81892 71394 84694
82290 68111 84819
77817 85520 73530
71500 83628 79298
73738 73639 87101
85963 78383 75815
72839 77640 85021
73295 84455 77907
87532 70694 78190
87348 76205 74338
85881 77358 77261
87274 70851 78706
88664 69695 75171
88604 69387 75416
80325 69668 85979
76832 72426 86966
88913 73406 69218
77523 74892 85558
81890 68531 85077
81435 79374 80497
85143 74173 80691
85175 81297 71290
75746 81204 81601
71001 74829 86740
81986 83972 73276
75688 84563 77207
75249 84231 77848
82500 68944 84633
78109 70539 86994
82970 69952 84190
73718 66948 89183
72758 78577 84333
71474 82632 80528
78426 71775 86585
83869 75121 81490
81740 74928 83286
78674 77539 83528
87974 72853 76023
87782 75963 72638
71999 87106 70024
79148 75130 84710
70013 86707 72543
86909 73168 78565
79514 85377 72148
75798 86126 72995
81581 84543 71368
82894 77459 80894
88398 69612 76045
70951 77171 85374
89287 71093 71720
81503 83364 75620
73137 68592 89118
67920 66869 90040
70150 86988 71372
86891 78373 70524
88243 71800 76034
86492 72694 79528
89223 71087 72352
80718 85103 70696
77497 83872 77616
75320 85925 73939
78147 86102 70325
73159 70513 88467
84228 76500 80336
84151 71144 82850
76176 68744 88105
72633 65823 89629
70993 64284 90121
76726 79943 82543
80917 75965 83226
79075 71335 86397
86526 78654 73465
87346 72807 77807
70204 70251 88794
83669 79104 78848
74355 66431 88969
72439 80957 82317
75216 69165 88438
84017 74807 81512
73849 83453 79238
70202 87280 68750
77910 73014 86354
86242 77328 76435
74717 86585 71515
84123 80401 76612
79074 67594 86768
80412 67463 86009
72971 69696 88800
70211 69953 88914
87812 71304 77391
76603 75269 85673
77279 69251 87596
84862 81575 72013
86192 69087 80656
76324 85076 75785
81328 81180 78951
88630 70898 75031
85805 70560 81104
79420 74481 84921
70137 72930 87662
74758 83857 78489
79411 74714 84799
88144 74712 73246
78254 77990 83404
80213 84561 74099
87739 72052 77313
83322 80660 77381
79262 80123 81212
84505 71408 82415
86542 74533 78486
86646 72437 79374
78837 72063 86320
82395 74600 82997
83197 82877 73981
87845 74900 74173
78690 85829 71313
71251 73227 87495
83428 82378 74593
86681 77530 74859
86262 69476 80533
78766 71692 86457
72290 70701 88489
78335 70847 86830
68860 71814 88165
85663 71611 81057
71557 82208 80999
78431 76737 84130
78013 85850 72253
84873 81655 71146
72443 87072 69588
83709 82984 70156
76568 79187 83261
78364 68477 87140
81181 68647 85536
76924 70965 87430
84685 81557 72873
85294 79527 75731
79901 70076 86199
81812 73474 83961
84342 68401 83153
81458 70306 85227
74374 70396 88379
86193 70804 80525
68705 67502 89822
88009 73785 74936
78572 83512 77714
89253 71510 71739
73662 85518 75794
66713 63620 90517
88895 73355 70094
88091 75693 70885
70878 70841 88524
70268 68401 89481
75849 83269 79062
73876 74911 86464
82553 83950 71222
75498 70292 88162
77223 76711 84669
71685 83088 79953
81396 83406 75669
82814 83732 71289
81380 84620 71549
70878 86844 71957
85780 79330 74666
81628 82543 76964
77500 85792 72896
74761 85440 75637
82731 69117 84463
77986 68904 87295
73928 75168 86325
70188 87226 70029
83393 83010 73015
80106 71039 85920
70965 66599 89919
89205 68704 73027
74618 81348 81675
74209 81481 81600
88215 75453 69321
81432 67605 85385
79285 77312 83332
69973 74927 86693
85623 71314 81198
72714 86624 72389
86344 71416 80178
87666 76424 72281
84947 72658 81554
74431 68299 88823
71727 69985 88805
77197 74474 85901
83082 72775 83241
73631 66214 89259
72419 85992 74733
73480 67894 89197
78741 80327 81324
86434 77055 76223
75327 77318 84829
73655 81316 81845
87401 71377 78307
84614 77376 79296
78523 73533 85827
72280 81285 81991
85524 74340 80165
82073 84307 70919
79907 76682 83383
74169 85944 74462
88553 74532 69855
75935 81926 80732
81521 72836 84475
79720 73902 85080
75345 81058 81846
82295 69936 84701
89647 68865 69317
73786 83554 79112
84458 81421 74051
70169 68169 89559
83453 78286 79820
78568 75705 84665
72945 82787 80193
74991 68268 88613
71875 80802 82482
81669 69783 85141
88411 71024 75769
80311 76525 83252
85176 80691 73461
69817 66173 90147
71487 69541 88990
82928 69450 84295
74890 70504 88235
86964 71738 79065
82474 82415 76035
82029 76301 82293
74379 86747 70650
86087 75308 78695
75209 86674 69989
86054 78756 74881
87529 76430 73092
73677 86820 70840
89281 71945 69553
82340 81390 77694
79494 84860 73986
68848 87379 67462
87296 77539 70855
71351 81981 81250
80095 73937 84855
77811 68255 87414
73076 86023 74560
89532 67858 70559
83086 79271 79336
72099 73668 87246
84046 75978 80847
80562 84203 74699
89381 67243 71763
85107 75817 79754
79748 74838 84552
78404 73927 85691
75613 86370 71995
70393 80640 82663
82960 72410 83485
81200 75400 83374
88621 71611 74757
71680 71227 88326
71979 66537 89773
77294 85516 73949
78240 75274 85062
78104 81226 80791
79436 85510 71541
74043 80308 82794
83869 71478 82993
71685 68201 89450
72069 86852 71576
88407 73486 73754
74055 81447 81663
69887 87315 68092
75484 69325 88313
67623 65192 90468
81135 74086 84124
70046 64053 90355
76411 80911 81791
81618 76487 82473
85316 80226 74237
73391 81766 81373
70484 87243 69560
86144 77460 76534
81406 84186 73674
85277 75581 79686
84049 81252 75448
83781 70617 83325
82246 78035 80950
76072 82819 79596
78811 75406 84720
89583 68859 69949
82899 74805 82500
84422 78359 78690
86263 79175 73223
85400 79143 76012
74527 67898 88815
83817 81785 74973
76087 69501 88054
79676 69179 86374
88755 71819 74108
79448 75417 84393
86632 78885 70315
86167 76514 77618
72541 85908 74972
76914 66877 87876
82065 78590 80656
78463 85409 73361
80784 83507 76232
84740 81860 69324
84844 80542 74928
73530 78711 84176
70130 64503 90342
83019 78585 79948
84992 73434 81200
77096 78051 83869
72391 76649 85692
80746 71744 85381
73628 79299 83728
71687 70929 88446
85090 71103 81870
84567 80615 75480
73590 71358 88094
78691 78107 83104
89394 71310 69286
74760 68466 88687
79151 85284 72965
82469 75493 82431
88152 71002 76662
71396 80362 82930
89316 71538 70337
75849 79668 83037
