92633 91003 92101
84650 103123 81997
97453 91889 78394
86341 84501 97558
88210 99391 89669
89512 88790 95545
85052 100875 88819
87305 95504 94346
83767 101743 87134
85113 94291 95897
82705 85657 98540
91135 96494 90465
92225 100190 79407
97684 86922 84077
94981 92847 87826
92412 99992 80431
80997 88461 98360
97104 86094 86074
80505 89329 98167
95136 90612 88784
82900 86428 98421
81460 87266 98524
88050 88826 96506
86317 91061 96759
92376 99372 83773
98188 87687 81192
92440 94603 90415
80281 87257 98588
81312 82893 98908
89169 91494 95066
85278 99854 90617
88247 95492 93807
85997 86091 97637
90101 95474 92409
91816 86830 93926
88035 95444 93974
83896 97820 93600
97366 90968 82644
83760 100075 90670
82292 93538 96576
84022 97109 94189
81222 90329 97841
89450 101155 84146
95119 88254 89671
98722 85015 78156
93423 91847 90748
93487 85578 92243
88928 88465 96040
92147 93900 91293
83036 103244 82016
82296 97185 94189
93003 84131 92784
96651 94353 78983
82601 88988 98080
90484 98390 89008
85992 92885 96226
87899 98204 91593
92060 87160 93649
78661 81509 99176
93596 97907 84807
85970 90046 97139
84472 103026 82557
90019 96036 92056
94747 92388 88499
88953 102276 77972
85306 95670 95082
90629 90427 94200
83476 93876 96325
95052 97205 79374
96031 95688 79820
97520 91576 79539
81959 99609 91516
90692 97070 90359
82621 84006 98669
94260 97434 83928
83541 97759 93679
98597 84878 79710
83645 82648 98429
88512 86785 96569
87823 102762 78651
96911 91265 84527
88581 102452 77400
82558 99146 92262
92518 99833 81336
90971 99939 85124
94920 96945 82756
84651 99244 91791
98525 86742 78570
98538 84427 80139
80569 84918 98897
91001 94308 92291
93689 98791 80506
81292 103771 74593
80870 103711 76899
89628 101961 77553
83549 91859 97175
88365 102048 82553
93598 86477 92000
84479 90658 97415
98662 85183 78889
90905 97426 89716
82946 98225 93254
82294 92921 96852
92234 93136 91608
96895 84984 86599
85403 87796 97733
95598 92370 86966
87105 86224 97231
89472 89468 95401
82365 91521 97426
98795 83931 77559
85144 103128 81320
88411 102438 79786
98174 86396 82070
94982 96680 83185
89632 94735 93233
95927 88032 88336
98787 82361 78093
88237 93738 94779
95928 94233 84456
78692 82357 99143
95894 90366 87604
96510 93058 84017
87411 93232 95516
84257 86578 98114
90930 100321 83937
90488 98927 88184
88586 90751 95724
85997 100249 89591
81747 89389 98091
85253 103316 79527
89346 94539 93582
92323 99073 84763
93603 85356 92126
98703 84521 78706
89818 101864 77053
84798 91841 96971
82781 93800 96420
84090 96370 94758
87052 101644 85571
91481 99064 86457
94207 97992 82218
94874 85496 90443
94540 93848 87879
98275 87875 80433
87154 94883 94795
84321 101445 87752
83871 93894 96279
95419 86748 89479
82133 90136 97851
81485 84331 98876
84124 94659 95859
96204 93832 84042
96505 85751 87500
92996 98546 84584
93268 97425 86447
95130 87145 89895
83709 90725 97513
93991 87419 91403
87054 86140 97253
92554 98303 86247
89677 99925 87279
80531 84332 98961
93291 90681 91417
97683 87664 83817
94058 85870 91504
81949 84013 98800
88154 88142 96598
85875 103306 78492
85737 102907 81980
91385 100878 78028
77923 81796 99171
96799 93610 81385
97057 92302 82373
88222 89129 96344
95806 86569 88824
90253 91226 94278
81202 103645 78117
82551 91222 97508
91754 100415 81209
89940 91177 94557
95304 91412 88124
88935 91619 95179
92701 96479 88523
93107 99220 81990
83541 101332 88178
87827 94385 94703
94245 88917 90752
96870 92086 83808
91006 96951 90138
90847 96073 91192
95251 96007 83647
82410 90500 97728
82939 99370 91882
98416 87464 78456
91195 95562 91244
93932 97758 84143
94597 95063 86764
84758 102661 83972
92153 95902 89743
91501 100622 80904
93967 96768 86009
93445 95556 88267
97016 90746 84551
85761 86439 97704
96535 94599 79763
93944 98076 83082
87187 100822 87653
95871 96062 77271
91561 99785 84338
84331 89753 97665
96174 95574 77894
92450 85752 93380
96379 91202 86133
98275 85046 81872
89442 97808 90905
91335 92211 92964
97857 90321 78958
82846 97683 93774
93680 98028 84214
96689 93585 82147
97509 84530 84965
93118 98618 84058
94954 95066 85947
85746 84755 97771
79284 83805 99074
92762 99620 81580
87546 102688 80748
86496 88452 97291
98358 87598 79796
97102 87063 86001
92887 85870 92909
98492 84919 80437
85026 103166 81174
95422 94754 85215
94226 87925 91027
92366 93558 91231
90674 91196 93922
87900 90202 96270
88487 100503 87136
95870 92945 86018
94611 85499 90832
84592 100100 90462
96252 95438 77874
86096 98820 91811
81547 90808 97679
88791 101908 82430
98548 86075 79370
83470 90510 97609
96263 93192 84662
97018 92611 82100
81283 103760 75143
94528 87586 90679
88972 99433 88952
88313 90138 96041
92188 84521 93650
95284 89043 89147
97719 90013 81931
88948 97437 91715
89731 99627 87805
96974 88386 86038
96459 93008 84257
84469 102039 86146
82248 103598 78881
83621 98639 92792
98621 85300 79356
80591 103785 74176
84008 90506 97536
98424 87157 79603
80285 86419 98725
97694 90574 80494
98276 88072 79767
96073 95717 78688
82976 103571 79279
83120 98757 92742
90642 94019 92788
87280 85081 97187
98330 85876 81322
91256 100202 83584
86365 101894 85389
86092 91008 96852
86218 102933 81188
90261 85349 95398
98800 82821 77762
87196 91290 96331
87553 101735 84817
95363 96764 79233
96525 94700 78181
97778 89670 81995
96215 87662 87880
94142 86557 91329
91761 96910 89257
84615 97792 93512
94440 96740 84941
94026 92976 89321
84545 100788 89167
89966 100443 85648
83465 99538 91583
81559 103694 77258
95764 96216 77462
96630 94351 79936
85759 103369 77919
93718 95770 87677
85134 91815 96882
87063 91906 96199
82386 93318 96670
81869 103717 76457
85815 94481 95575
94364 90255 90159
96848 92952 82482
95829 91806 86883
89862 94029 93468
84643 97844 93454
91279 99830 84820
96094 92010 86236
87344 98216 91939
95237 90023 88844
88775 102350 78970
90966 98926 87612
91743 85532 94092
96241 94611 82755
84378 103424 79713
95653 95793 82629
97670 85996 84379
94260 85969 91239
95170 96873 81193
94891 94148 87031
84624 92625 96719
83074 96939 94371
92596 94367 90386
97589 88097 84045
87657 99775 89446
85794 93899 95862
82777 88212 98209
82490 89936 97886
94396 89941 90227
95250 96948 78602
93498 96493 87196
91768 94721 91163
87972 102548 80625
97660 88715 83427
97869 84676 83708
90687 87275 94912
96735 91603 84881
87920 94887 94389
89245 95746 92938
92064 100277 80140
88540 98748 90461
96397 94782 80969
84933 92179 96810
80291 85960 98795
84243 96556 94605
85550 101126 88044
91438 98115 88226
87561 101148 86551
92466 91056 92275
95532 84923 89331
96857 93724 80274
89910 96858 91413
96351 89471 87032
90128 88877 95068
87962 85305 96883
91854 91590 92718
97568 86434 84644
96831 92395 83535
86362 95883 94594
96843 93788 79950
96481 91176 85887
97284 89001 84901
89583 88016 95667
83366 102192 85975
96627 86739 87133
86441 103111 79504
94730 96829 83842
78994 85253 98917
84889 89703 97525
89885 91761 94421
85166 92954 96453
94464 86576 90903
97897 87088 83093
87226 99389 90349
94003 95158 87763
92890 92151 91285
85685 83769 97806
97485 90992 81807
90404 97585 90109
93350 93271 90187
79994 82711 99109
93213 98621 83794
92771 94279 90223
84809 85229 98069
90872 101190 79315
94420 91379 89554
94936 96404 83976
98556 85540 79893
94545 89430 90178
84835 100522 89638
98856 82026 75905
85342 100609 89290
87990 102622 79622
84856 92667 96651
95551 93994 85782
84912 96765 94368
96252 86981 87923
95965 85590 88536
84635 103378 79834
89022 101118 84933
82877 103008 83371
83317 100116 90621
82776 102011 86503
80385 85875 98800
92144 95516 90077
84109 101905 86629
88982 101853 82206
83928 83727 98357
86841 102055 84490
82662 95147 95687
92233 100204 78893
90394 94430 92765
94083 98413 79334
98001 85141 83097
84383 89361 97736
88216 93156 95066
98851 82685 76872
87271 101414 86080
86880 90254 96742
79762 103791 73912
94248 91884 89581
93747 87571 91683
82661 101448 87945
98472 85419 80486
92916 99604 78757
86378 99057 91337
85877 91741 96685
90773 89025 94478
93772 98528 81948
95513 96170 82155
88961 98199 90872
86532 101182 87352
84430 98895 92314
96139 95179 81692
83558 102571 84756
82243 91177 97537
95159 93805 86796
83997 100924 89043
90600 86396 95103
85309 97511 93630
83205 91187 97440
85865 98567 92219
83503 96353 94812
83988 95526 95365
80292 88460 98379
87508 90214 96491
92335 99754 82586
90133 91970 94129
96284 93400 84354
87496 99445 90093
87279 102979 78137
95033 97256 78073
94735 90266 89560
93604 98368 83413
81918 90698 97699
89640 99357 88423
83690 103398 80712
83991 103508 79381
93477 98941 81549
95464 87570 89295
83606 98875 92542
83403 99803 91154
85947 97375 93471
81748 103741 75724
82155 87342 98429
81735 93755 96482
86966 98848 91287
92197 100232 78944
84557 96176 94850
87799 97982 91912
91724 100591 79395
83635 94142 96179
86190 94680 95330
90115 87401 95351
81757 103752 75174
97087 92792 81023
82907 103390 81207
87904 101979 83572
94480 89100 90375
96700 86028 87069
84941 85495 98016
95270 87689 89576
84804 102134 85723
83554 103647 76856
90409 101336 80450
96665 90137 86030
97816 89073 82298
86659 102954 80386
82411 103717 75106
95967 93822 84902
96355 87094 87676
96709 92348 84123
97194 92156 81796
91898 93165 91975
81983 96971 94361
91688 89210 93609
95192 95686 84466
97527 91048 81111
89118 93619 94282
83226 100597 89747
92938 95092 89393
88490 96534 92888
92813 98524 85084
90694 95721 91637
83517 103639 77819
84345 95062 95598
88710 86218 96510
92914 99597 79930
79027 84121 99046
91219 88578 94201
83387 102336 85537
89775 98047 90268
90510 96333 91332
92045 98026 87518
77861 82870 99128
86817 94431 95186
87000 86737 97256
82830 101683 87341
88290 95985 93451
96109 92439 85867
83125 94484 96058
85081 84009 98006
89388 102075 77488
94583 95265 86557
90734 94712 92290
98007 87138 82556
82460 102452 85202
86168 102403 83953
90487 93192 93340
88028 96575 93127
93680 90455 91010
82496 99411 91833
82448 101660 87403
85754 98577 92251
90657 98571 88529
95188 86079 89929
86960 88206 97172
97372 92151 78823
88470 97262 92214
89963 98423 89601
89691 85981 95846
89986 101421 81638
89557 98350 90099
90864 99385 86770
82447 103200 82308
83527 89140 97940
95946 92540 86193
98662 84638 79173
95698 95165 83707
96071 95461 81168
90463 101494 78684
97786 86484 83812
86177 96443 94220
88393 88954 96274
87829 91910 95793
88042 99781 89133
89096 96381 92577
83519 96792 94472
90464 98264 89208
86385 96774 93842
91633 92985 92356
85443 86327 97817
97404 92063 78177
89295 99757 88013
83434 87702 98178
89807 90129 94968
87632 96109 93764
86969 102411 83168
82019 86506 98564
82902 82893 98611
90059 95027 92709
84110 101183 88461
83176 103183 82312
83758 96590 94621
85845 103196 79834
94988 93613 87262
89230 97674 91241
94815 86106 90496
85662 99275 91371
92471 97411 87774
88482 99723 88902
86778 103048 79087
89744 90378 94945
89482 98814 89568
82102 94806 95886
96299 95269 78765
87705 102839 78014
86242 101448 86881
83171 92652 96903
85092 93709 96184
97035 93176 79936
88718 100886 85974
97458 91841 79110
95241 96846 80481
88408 101531 84505
85444 103464 76577
98258 87400 80932
80878 103759 75421
91315 100397 82717
93289 94116 89659
89975 101365 82009
90776 87903 94726
84566 100471 89796
84320 91331 97246
83421 101421 87989
79322 84391 99010
85221 99585 91084
83489 84632 98467
85387 95166 95353
97941 88757 81870
81966 102314 85621
85450 101961 85879
98517 86241 79563
91259 99044 86879
93178 99371 79821
95951 89709 87720
82188 91869 97286
96459 94517 81398
98513 84757 80303
86896 97362 93040
85253 93854 96075
86850 92783 95962
94207 87568 91111
96957 89636 85538
90475 97970 89589
89442 86938 95966
82756 102760 84263
96929 87895 86257
84061 102802 83752
96697 89216 86400
90151 86443 95468
96781 88447 86479
92623 91640 91849
88255 101558 84632
96337 94922 80920
84479 93576 96372
92624 99863 79459
85404 100344 89719
84662 90793 97337
91048 100791 81894
88795 97085 92160
83875 102734 84141
91841 100164 82280
96531 94683 78276
86869 91832 96323
83887 102295 85523
86423 103208 78342
86166 92101 96478
83372 100898 89146
82786 103651 77966
96502 93369 83582
94114 98380 79565
94252 90579 90214
81906 88912 98175
93228 98345 84550
93076 86054 92680
80891 90076 97927
85836 102151 85008
93262 94728 89224
82891 103671 77474
86969 100126 89224
94310 93453 88541
97997 87690 82314
90381 100659 83962
98525 85444 80124
85983 103313 78094
86289 100747 88422
92586 94810 90076
93253 98763 83276
89828 101247 82863
90655 95361 91936
98568 86445 77832
87868 95017 94343
90467 91777 93900
97242 85694 85695
82359 88118 98284
82891 95568 95432
97326 90556 83406
94459 97980 79975
88809 101698 83249
81689 102426 85285
85682 94941 95382
96020 88302 88066
94332 94522 87724
95977 91276 86926
87514 102318 82816
91424 97170 89397
95302 88674 89256
98209 88316 80626
97440 90178 83227
88999 87691 96162
83076 96751 94523
97659 90969 79670
94723 92089 88708
92186 87749 93427
96408 87406 87506
92012 98896 85885
90607 85001 95097
91560 87447 94127
91508 99486 85328
89524 86223 95971
90587 91033 94049
84572 102593 84361
94008 94435 88333
87021 96396 93844
96527 90660 86091
92544 94797 90141
93879 97459 85133
93259 98167 84947
88424 91929 95396
95259 94485 85912
84958 103512 77727
91941 93484 91774
93684 89500 91347
96131 88236 87868
84955 94276 95931
94759 88255 90229
85423 103398 78286
89425 89897 95325
97984 86227 83040
96639 90507 85877
92765 89328 92513
98322 86277 81221
94143 93710 88631
98582 86001 79026
85690 98156 92801
91896 100464 79033
88691 101428 84424
84275 98604 92724
95491 96507 80226
94785 87829 90271
97167 92798 78937
97285 88259 85161
84142 88042 98001
93649 98206 83817
93083 87252 92530
85118 101452 87480
97868 85739 83607
89647 101807 80244
90084 97251 90818
82900 103682 76924
88113 100177 88238
97464 91432 80697
88483 100070 88131
94379 93671 88273
95859 95368 82763
91823 88028 93776
86647 99749 90094
80848 82310 98986
94197 95836 86758
93846 88410 91443
87523 102551 81785
90156 98730 88922
87420 102970 77555
97083 93080 78043
98799 84335 76491
94646 96315 85075
92963 95965 88614
91622 91041 93128
82835 92734 96909
86783 101920 84959
91122 97924 88859
96803 93938 78779
84999 95027 95530
85836 99919 90238
84552 103353 80185
96076 92913 85512
92486 96141 89106
89009 102115 80414
94763 97466 81324
95789 94614 84301
90180 90220 94653
93213 88286 92209
98101 89128 79187
95368 85602 89629
83374 86096 98354
90946 90202 93993
