32159 22767 27993
26311 29107 27166
29955 24318 31048
31288 25894 27640
31914 24297 28056
31033 25462 29270
32271 21687 27513
28817 27323 29664
32096 23474 27695
32231 22872 26784
29552 22329 31584
29761 25575 30712
30324 21573 31065
32001 23348 28527
27558 25087 31692
27568 27076 30425
31359 24061 29668
32038 22518 28675
29204 26848 30140
26304 23757 32146
28647 26682 30481
25335 29288 26776
29007 23188 31790
30724 26550 27867
28908 25291 31236
27508 26280 31001
26470 22275 32271
27412 25473 31562
28872 23379 31807
26126 26166 31185
29144 26052 30716
25360 29124 27318
29578 25776 30679
28438 28633 27328
26558 23323 32230
28178 25792 31196
31279 25903 27695
31894 23862 28540
26262 28419 28932
29088 28140 27442
31117 25945 28203
27019 24446 31971
30590 25883 29713
24125 29304 24559
30294 25922 30155
31671 25121 27194
29420 27617 28500
27132 28230 29022
30420 27139 26920
27626 28868 27141
24809 29304 24513
29638 26572 30103
32155 22247 28253
30758 24337 30445
30785 26692 26032
30858 26569 26798
27979 23774 32005
31245 22958 30209
27185 27582 30002
28358 28455 27921
25155 22880 32285
26281 28135 29373
27671 28778 27496
29296 22914 31690
27695 23021 32109
25907 22754 32274
29342 25015 31199
25431 28763 28187
29449 27160 29401
26806 25213 31703
31554 25392 27616
31759 22038 29643
29834 27671 26169
28730 24526 31616
25718 22401 32282
30801 26636 27141
31661 22856 29553
25009 28472 28823
29024 28101 28079
29666 24592 31148
27056 23631 32135
29539 23978 31447
31347 24829 29415
27901 28801 26837
27439 28942 26362
28376 22118 31984
27117 26258 31069
26569 29131 26272
26171 24474 31992
26997 27741 29816
32118 23853 26674
30561 26340 28812
31957 23155 28838
29981 22638 31295
30067 26976 28607
27248 26746 30703
25925 27537 30105
27879 27820 29425
28318 27136 30212
28565 25814 31059
28249 26349 30843
28378 28007 28877
27919 22925 32081
31306 22199 30162
27070 22505 32211
29943 25086 30795
28627 22460 31911
28081 26930 30431
30697 22784 30771
26984 28657 28408
29271 25848 30797
31439 25051 28730
31910 24494 26829
26501 26922 30644
30331 23917 30869
27696 28614 28038
