73569 76431 8138
62248 80752 8355
69967 74033 8601
66294 81706 7934
85561 56439 7836
70412 77588 8289
68084 80916 7903
74869 69131 8573
77811 66189 8486
78053 69947 8322
75294 66706 8611
51416 86584 7165
84074 66926 7478
64665 74335 8721
79649 70351 8090
65666 72334 8774
61492 80508 8391
69115 79885 8061
66913 80087 8248
74187 66813 8661
65496 69504 8817
88788 50212 6732
80591 62409 8324
87205 58795 7197
64655 81345 8197
71675 69325 8712
85992 61008 7663
78245 65755 8468
86731 57269 7613
88778 49222 6809
86659 55341 7647
71287 73713 8562
67364 73636 8696
68646 71354 8748
72500 78500 7893
86910 55090 7596
79265 72735 7772
68335 75665 8575
72000 68000 8726
86360 61640 7384
73628 71372 8553
67394 69606 8803
71893 72107 8610
65746 79254 8400
60337 84663 7520
62280 81720 8229
52605 86395 7306
74255 68745 8617
60523 80477 8403
82026 68974 7817
66895 81105 8045
80193 66807 8279
49318 86682 7201
69858 69142 8770
67555 68445 8817
59912 81088 8346
85619 63381 7514
79895 62105 8378
65627 75373 8660
55235 84765 7845
84417 64583 7781
82028 64972 8147
68526 76474 8516
86356 57644 7691
85168 57832 7884
73043 73957 8434
82546 63454 8137
86910 60090 7228
87023 58977 7373
59935 84065 7872
60611 84389 7680
62693 83307 7866
72925 78075 7932
64013 79987 8388
81196 70804 7660
86903 58097 7522
54992 86008 7320
65332 81668 8092
52774 86226 7428
68561 72439 8712
85045 57955 7900
72909 68091 8693
65094 82906 7506
65549 73451 8741
76641 73359 8170
68536 80464 7983
84872 61128 7872
78237 64763 8476
80752 66248 8242
87520 55480 7387
56584 83416 8058
70628 67372 8770
84318 64682 7796
53856 86144 7396
66937 77063 8530
84928 64072 7703
63480 75520 8686
66523 80477 8222
87771 56229 7106
82475 67525 7901
86412 57588 7680
67738 81262 7833
59834 83166 8065
88761 50239 6773
63871 76129 8658
86732 56268 7625
86085 57915 7743
58032 81968 8247
74642 70358 8537
64112 76888 8613
61732 79268 8501
69966 78034 8272
70114 79886 7899
83869 62131 7999
66142 75858 8625
56638 85362 7646
87974 55026 7112
88797 50203 6702
86676 60324 7435
64784 75216 8683
71949 73051 8562
79389 67611 8328
71520 71480 8655
88819 49181 6746
66451 71549 8783
64419 82581 7904
85934 62066 7591
86982 58018 7500
79747 66253 8352
68960 72040 8716
85100 58900 7880
88086 54914 6938
67085 80915 8073
58355 84645 7802
86320 60680 7569
54828 85172 7762
57538 85462 7302
65796 71204 8793
49228 86772 7082
69783 73217 8645
78313 71687 8153
68941 81059 7505
67719 73281 8701
68690 79310 8210
72994 77006 8120
74851 74149 8272
72644 70356 8645
71582 76418 8318
54660 85340 7727
58881 85119 7276
79557 66443 8362
62746 80254 8396
83927 67073 7577
55025 85975 7371
69620 68380 8783
85457 63543 7574
72015 66985 8739
69912 77088 8379
73549 73451 8438
68961 81039 7551
70666 69334 8743
81481 65519 8189
70843 70157 8723
80459 63541 8327
75512 73488 8277
59064 84936 7587
81071 70929 7671
65820 77180 8555
61004 79996 8443
68909 73091 8679
76142 66858 8564
83507 65493 7893
72745 77255 8110
68522 71478 8747
78394 64606 8468
74778 77222 7749
72528 68472 8699
60210 79790 8463
68090 78910 8313
52570 86430 7224
85580 63420 7531
56931 85069 7746
84436 58564 7974
56329 85671 7437
70580 79420 7970
84318 59682 7979
61778 81222 8309
81790 67210 8046
60007 82993 8091
56563 85437 7612
80896 65104 8270
82936 67064 7860
59045 80955 8360
70004 79996 7880
85852 59148 7762
85615 61385 7728
71440 79560 7645
61065 82935 8074
88795 50205 6717
81501 64499 8222
74791 73209 8365
76537 74463 8049
60310 84690 7478
55083 85917 7419
65706 82294 7792
78640 71360 8145
87606 56394 7266
67227 77773 8471
84413 59587 7968
84028 63972 7905
73517 75483 8250
83252 67748 7690
87922 55078 7149
63331 79669 8441
83292 63708 8037
68960 79040 8225
50517 86483 7338
80382 67618 8214
76706 63294 8561
58915 85085 7473
86346 58654 7670
87189 54811 7530
59459 84541 7759
63255 82745 7991
68925 76075 8529
51458 86542 7285
65871 73129 8746
69491 66509 8799
51651 86349 7403
64657 69343 8819
81552 67448 8064
50482 86518 7320
66531 74469 8680
74361 72639 8434
77634 71366 8264
85270 62730 7732
86967 57033 7549
64865 74135 8726
64870 79130 8443
62833 82167 8144
87311 54689 7492
82993 60007 8124
87781 55219 7247
64073 81927 8129
65468 71532 8789
55918 84082 7959
88666 49334 6944
62286 82714 8060
72010 78990 7829
71922 70078 8687
63176 72824 8768
85144 64856 7412
66443 81557 7965
88670 51330 6799
65624 70376 8807
87601 55399 7349
84254 64746 7805
87759 52241 7374
80025 71975 7734
71313 68687 8735
66033 77967 8496
71223 71777 8656
69151 72849 8682
87431 57569 7239
77308 71692 8272
79105 65895 8406
76700 67300 8524
83953 65047 7843
76095 75905 7841
71970 76030 8326
58311 82689 8155
86536 58464 7622
78011 63989 8492
85842 57158 7794
51832 86168 7478
69587 71413 8722
59517 80483 8406
85258 63742 7628
71739 75261 8419
65437 77563 8539
85951 63049 7332
78321 73679 7806
71373 78627 8031
79873 65127 8358
88703 50297 6854
64265 82735 7867
75048 76952 7796
88652 48348 6956
74558 77442 7671
69811 80189 7843
60457 83543 7976
68799 80201 8025
87300 55700 7471
69242 74758 8591
56189 84811 7830
77502 72498 8164
84341 58659 7985
87437 56563 7362
86218 58782 7696
84001 66999 7560
88494 52506 6872
81365 68635 7983
87460 54540 7440
88289 53711 6944
86420 61580 7318
83459 67541 7659
64714 82286 7974
69695 67305 8790
72019 77981 8073
78547 68453 8362
66046 79954 8319
64943 81057 8226
80646 64354 8303
83827 66173 7769
63726 75274 8695
61851 80149 8421
64568 76432 8629
82641 64359 8095
55293 85707 7587
88682 50318 6880
74270 69730 8586
72822 75178 8341
76998 71002 8345
85519 61481 7743
78792 71208 8137
63339 83661 7458
57962 85038 7686
88773 48227 6875
73198 77802 7953
69662 80338 7812
61234 81766 8247
85564 62436 7675
86465 58535 7640
60851 84149 7769
58301 84699 7787
86357 55643 7705
78010 70990 8254
65968 77032 8561
85158 56842 7889
83249 60751 8094
76490 69510 8459
62770 74230 8732
80189 62811 8353
78893 72107 7994
70263 79737 7923
63884 83116 7750
87938 53062 7273
66910 82090 7449
58893 85107 7420
49251 86749 7132
71326 74674 8497
88080 54920 6967
84295 63705 7872
75931 75069 8044
71323 79677 7588
64863 82137 8005
87191 58809 7215
70406 66594 8779
88508 50492 7013
70748 79252 7990
86330 59670 7633
74881 73119 8365
68973 69027 8791
65536 74464 8701
79060 69940 8222
66830 76170 8591
72085 76915 8219
71271 77729 8191
80151 63849 8350
85514 63486 7557
76877 74123 8049
55572 84428 7902
66589 75411 8636
83681 58319 8054
87205 55795 7503
85314 63686 7613
68030 70970 8771
81140 61860 8283
62985 75015 8705
79665 68335 8260
67885 74115 8661
67387 79613 8278
57170 82830 8138
78492 67508 8413
63404 82596 8022
75727 71273 8420
52573 86427 7235
86963 59037 7415
87867 51133 7333
83355 59645 8087
78157 73843 7810
76327 75673 7843
61742 84258 7478
74481 65519 8659
59589 81411 8310
63734 71266 8799
57665 85335 7513
72725 66275 8726
80840 69160 8020
72590 76410 8232
65686 80314 8293
88030 54970 7046
87769 53231 7347
60344 80656 8388
84427 65573 7671
64892 80108 8348
81809 70191 7593
77418 73582 8038
60520 81480 8296
59465 82535 8165
88328 53672 6778
61840 84160 7564
80091 70909 7940
87463 53537 7459
87069 57931 7468
64633 77367 8572
54279 85721 7610
80545 70455 7914
77392 69608 8391
62060 75940 8671
67045 81955 7575
84630 65370 7636
74500 77500 7623
87254 57746 7371
69244 72756 8683
81173 69827 7874
78635 68365 8359
88827 47173 6848
88473 52527 6898
75240 67760 8591
66104 80896 8179
69968 79032 8124
51434 86566 7234
56242 85758 7332
69702 77298 8373
72614 73386 8504
64910 76090 8640
66636 81364 8002
62740 76260 8657
66909 82091 7444
85797 62203 7625
61947 78053 8571
69978 67022 8786
63990 73010 8763
56877 85123 7731
71756 67244 8743
67541 78459 8397
67383 72617 8735
77270 65730 8524
78484 73516 7801
81549 69451 7849
82185 65815 8092
74019 73981 8358
59998 80002 8446
71316 79684 7537
65152 82848 7554
69120 80880 7659
86767 59233 7504
86796 60204 7337
81841 66159 8117
74994 67006 8619
83355 64645 7986
86567 60433 7477
67267 81733 7686
53333 85667 7638
69772 69228 8771
62347 79653 8462
84198 61802 7962
60263 84737 7341
63866 77134 8604
65545 76455 8609
71438 70562 8694
69602 77398 8370
78887 65113 8434
78827 64173 8443
62892 81108 8298
65691 71309 8792
83387 63613 8026
76845 70155 8403
63362 80638 8344
71176 72824 8610
86388 56612 7692
58409 83591 8018
64222 73778 8743
70041 75959 8476
81971 63029 8203
68759 78241 8342
87154 58846 7261
86358 60642 7557
65052 82948 7449
62875 78125 8559
72416 74584 8428
66008 81992 7869
72691 71309 8605
48237 86763 7105
75119 70881 8483
78209 68791 8373
73331 69669 8635
75686 68314 8555
77774 73226 8030
81519 70481 7629
88528 51472 6962
87108 55892 7534
59628 82372 8186
50307 86693 7091
58973 85027 7521
66529 78471 8438
79314 63686 8412
66799 69201 8817
82831 66169 7964
87029 55971 7556
57434 84566 7855
74148 75852 8151
71691 79309 7741
62267 83733 7742
74411 76589 8015
73052 70948 8602
75603 70397 8476
86076 59924 7689
64276 78724 8490
65319 67681 8823
85309 59691 7840
88163 52837 7152
82114 69886 7527
73087 72913 8504
71387 72613 8610
76156 72844 8278
70752 69248 8742
76824 72176 8279
87178 57822 7411
54941 86059 7223
69718 70282 8751
88864 48136 6721
57613 84387 7886
87288 56712 7439
82203 69797 7363
70712 78288 8171
87260 58740 7108
63987 81013 8274
75995 69005 8510
79900 69100 8171
75001 69999 8530
87284 57716 7349
70341 71659 8691
67279 67721 8820
88347 49653 7117
57795 85205 7598
79082 68918 8287
83700 60300 8048
77107 74893 7832
75331 71669 8425
84784 65216 7606
78915 66085 8416
78479 69521 8308
75265 65735 8625
84246 62754 7926
62027 81973 8198
87541 57459 7095
69285 75715 8538
60095 80905 8364
67990 75010 8617
70598 73402 8609
66825 72175 8759
88152 53848 7092
53010 85990 7533
83762 61238 8029
77829 72171 8160
73911 70089 8593
61719 82281 8159
80477 61523 8335
61945 84055 7614
70508 74492 8557
61062 83938 7819
63472 78528 8523
88689 51311 6713
84991 65009 7522
68212 77788 8426
84831 65169 7592
79877 64123 8370
54379 85621 7646
65398 71602 8788
53769 86231 7296
88042 50958 7262
56439 85561 7539
55610 85390 7696
84504 60496 7941
50339 86661 7189
66251 69749 8813
74903 72097 8429
82625 68375 7758
73303 71697 8558
65063 70937 8800
61433 77567 8600
87511 54489 7422
71580 74420 8499
70943 72057 8656
82423 65577 8074
88096 54904 6872
85157 61843 7796
63424 83576 7529
87922 54078 7234
87004 58996 7388
88514 52486 6821
62184 78816 8525
62737 79263 8488
78556 63444 8464
63482 79518 8449
88384 50616 7092
68540 70460 8774
81271 62729 8266
83034 62966 8088
57520 83480 8049
82662 62338 8146
58647 84353 7863
88327 53673 6795
75512 67488 8583
63333 83667 7400
75693 72307 8361
78239 72761 8018
87314 53686 7511
73238 67762 8686
85743 58257 7793
84098 64902 7826
80120 71880 7729
67135 81865 7634
64172 72828 8767
74929 75071 8163
53772 86228 7309
80831 67169 8185
88004 51996 7263
61705 83295 7967
69237 76763 8459
88862 48138 6736
65214 82786 7587
64650 80350 8331
87734 56266 7159
73509 66491 8692
73287 75713 8246
88322 53678 6815
86474 61526 7199
67181 78819 8379
71191 69809 8719
67746 76254 8557
49429 86571 7282
70890 76110 8404
57613 82387 8195
71786 77214 8209
66123 68877 8823
66451 73549 8720
67402 80598 8109
62455 83545 7802
56020 84980 7791
62472 77528 8597
69778 72222 8688
54351 85649 7637
67895 72105 8741
53554 85446 7701
51528 86472 7335
85605 60395 7772
73829 77171 7997
87592 57408 6956
85836 63164 7406
61717 84283 7414
56927 84073 7958
87232 55768 7494
86631 59369 7552
67526 81474 7773
81785 61215 8232
86016 61984 7560
76015 74985 8045
72627 78373 7905
75233 75767 8034
75958 65042 8597
78979 68021 8345
74485 77515 7546
58207 83793 7985
87646 56354 7238
88591 51409 6906
68098 75902 8568
63482 83518 7577
68282 79718 8186
63320 81680 8202
58674 83326 8058
56224 85776 7279
86290 61710 7424
58988 84012 7927
76078 73922 8171
58418 81582 8292
88245 53755 6992
69166 78834 8236
75395 74605 8170
73815 75185 8255
87478 56522 7340
77140 63860 8540
88864 47136 6655
60486 84514 7631
79231 64769 8412
68937 81063 7495
61027 80973 8348
81356 67644 8078
