25437 21273 24764
24054 22421 26416
19611 29376 20949
25603 20921 24197
23118 24563 26606
24074 23483 26258
23565 27055 22420
20739 28054 24829
18447 29433 20501
22281 27103 25313
20861 28569 23871
25077 22498 25469
23663 23684 26544
23969 26600 22894
22502 27877 22980
25727 20546 23396
25554 22318 23951
25560 21323 24367
24328 22791 26165
22512 24860 26745
21921 24671 26984
22758 27391 24319
21845 25724 26601
21924 26668 25949
25352 21147 25010
25218 22355 25185
22601 26312 25952
24927 24726 24275
25774 21714 22420
24838 23878 25385
23110 23780 26836
24237 23719 26034
22346 23254 27198
23122 26517 25246
21517 28510 22690
20239 23500 27320
22502 27714 24039
22135 27595 24725
23545 25087 26085
23042 22775 27016
23749 26848 21941
24294 25243 25114
21087 26341 26329
21529 27892 24864
24842 24402 24888
22574 27761 23739
22323 27977 23374
21702 22443 27326
21628 23153 27311
25826 20700 22600
22883 25606 26214
23686 25483 25673
22423 23614 27117
23029 23317 26978
21839 28278 23411
20674 28946 22667
20443 28426 24178
25343 21870 24975
25764 20898 23094
20997 23951 27231
25295 23553 24245
21428 28370 23822
25285 22737 24919
20225 29220 21867
19344 29389 21877
22117 26054 26358
20767 28945 21797
25286 23930 23288
20063 29180 22372
23074 25803 25941
25635 22586 22904
25275 23933 23741
23740 24771 26116
20181 21861 27484
21711 28455 21715
22533 25268 26558
22963 27551 22369
21617 28196 24084
22145 28102 23376
20075 29133 22574
25839 19744 22481
21145 27583 25412
24159 26317 23201
23806 26564 24017
23312 24173 26608
25860 20677 22009
24992 24710 23716
21260 28584 23421
22000 26805 25773
24999 24392 24513
25733 21253 23211
25647 22296 23235
22723 25757 26219
25874 19785 21112
22985 24351 26734
19776 28954 23280
23605 27000 22947
23205 26060 25603
24611 24445 25361
23952 24838 25868
25637 21480 23909
21873 23763 27209
25337 23735 23247
21529 25109 26950
24611 25690 23074
23560 24453 26357
21269 23077 27342
23328 22340 26911
24302 26002 24205
23370 27229 22312
21504 28564 21817
19079 29149 22840
20911 28838 22520
25031 23993 24796
24792 25122 24261
22625 27822 21898
25127 23283 25054
23196 27138 23943
25325 23213 24368
24608 21774 26012
25403 23383 23748
24986 23426 25338
24980 21731 25656
23124 25120 26362
25671 21451 23705
21055 25886 26566
24200 24986 25497
23934 24381 26118
23893 25374 25571
