63849 67777 61385
60527 69682 57867
64592 58623 68531
59598 60504 69565
68933 60126 64287
62356 67476 63704
58218 61181 69440
59828 59447 69866
58563 54992 70791
61770 64353 67240
69478 59882 63322
64333 65533 65146
68403 63630 61895
62956 67459 63262
58774 69211 60848
68189 64116 60884
60965 66853 65011
64535 64576 65970
60497 62383 68621
63470 60290 68585
64711 67142 61562
59717 56808 70482
66807 60088 66833
65926 64020 65346
60921 61155 69104
62053 68944 59584
62784 56532 69615
65624 66438 61744
60850 58476 69934
63255 62459 67874
59827 58610 70117
64746 58118 68522
66125 60150 67362
63273 65668 65788
63508 58446 69073
57071 70193 58008
58052 69915 58911
69539 55950 63734
68543 59705 65058
68125 63805 62616
65034 60673 67782
63102 66668 64602
65973 63396 65852
57142 54351 70865
61489 56985 70039
64005 61050 68129
64932 66159 63859
59593 68808 61651
65536 66828 60013
58066 54207 70830
61449 69238 59054
66408 62644 66082
59564 69967 56751
66633 63969 64722
60765 59899 69564
65483 65020 64701
63633 65262 66003
70024 59246 61872
64281 60419 68213
62126 60051 69138
68809 59880 64579
58737 56568 70597
68669 57941 65274
62029 66837 64897
65559 66574 61369
60857 65440 66668
68340 63113 63548
64711 67398 60221
61294 67723 63567
61865 55659 70004
57889 68724 61928
57772 70335 56789
57074 53975 70883
65245 66115 63515
69478 61113 62615
68171 63625 62965
69192 62109 62022
67868 64106 62766
62578 59744 69101
61472 57628 69955
65102 66762 61913
70445 57403 60534
60944 60720 69248
61637 67990 63011
58962 66280 65871
70548 55566 60086
66350 66009 61215
60376 66893 65031
61006 67510 64013
58053 58163 70365
64016 62767 67424
67931 64295 61635
61632 68936 60322
65189 63407 66440
59067 61187 69357
59747 69879 57857
64106 61518 67904
60661 63385 68051
64097 56643 69004
64544 67138 61962
61396 61809 68688
60157 61480 69108
65135 61141 67557
58364 64464 67651
67290 58313 66774
60485 69665 58169
67816 61096 65524
66280 62884 66020
67206 64951 62594
67379 65102 60888
64684 58018 68568
65455 61556 67235
67918 63570 63694
58184 63586 68329
59580 66464 65636
63049 63156 67606
66584 57823 67470
60331 62068 68800
59394 69640 59482
60838 57900 70076
60663 62459 68550
61245 56416 70170
61448 63088 68052
68444 61058 64736
66254 66021 61461
69579 59203 63288
58689 61911 69082
60860 64075 67616
60663 56019 70375
64343 59694 68399
63322 68131 60865
67028 58777 66912
63864 63961 66796
66532 57436 67552
70066 59800 60169
58129 70209 57533
67793 59474 66079
65331 66490 62289
67680 58367 66420
67724 64353 62535
69321 61993 59991
66297 65658 62746
62489 68425 61008
61233 63064 68118
65055 67086 60783
66612 63180 65469
69222 62215 60653
60586 62592 68504
63765 63907 66886
70111 58427 62033
69360 61014 63121
69813 60602 60883
66894 63524 64903
68073 60600 65448
60119 58464 70105
57766 59606 70010
64458 66763 63188
61594 68217 62451
59767 62058 68904
64971 59378 68164
62261 68084 62261
61835 63542 67707
57666 69629 59934
65338 62988 66584
57943 58947 70194
67865 62889 64557
63109 68522 59687
58994 66572 65491
64410 63143 67034
57863 56768 70631
59789 68440 62426
58015 60033 69877
56850 70371 56727
58792 59054 70151
70178 59373 59764
62311 58766 69444
57429 61667 69304
58043 57227 70547
64619 67493 59986
57788 70294 57143
69715 56680 63380
66196 64268 64845
68769 63268 59994
65917 66532 59932
60547 68562 62036
64552 60931 67926
62131 68362 61622
58841 61243 69355
58611 70058 58213
57672 69791 59418
70643 56150 59235
61923 65828 66053
64311 62202 67538
65430 57194 68291
65505 65524 64067
62825 66852 64500
58617 60158 69798
59112 57241 70487
63545 66040 65108
67882 57586 66203
58030 58711 70246
66922 62306 65939
58054 69326 60636
58930 65193 67055
62070 60521 68988
59167 70006 57661
61306 63184 68035
60532 69030 61063
64995 66600 62650
63620 67355 62793
68311 60422 65200
68204 61542 64870
70385 56460 61156
70593 57045 59004
59008 62885 68583
60373 64852 67221
64198 59497 68524
62745 63820 67331
67052 65518 59868
70072 57628 62322
63863 58831 68854
67227 59746 66533
66683 64477 64174
60560 69487 59266
65920 58390 67842
68850 62902 62325
65347 63852 65980
66441 58648 67432
62038 62175 68356
69540 58269 63678
61028 69230 59792
68264 59843 65431
69830 58756 62743
69999 59682 61582
60042 60654 69448
57676 55048 70820
62731 64029 67202
60190 55584 70480
59236 54641 70690
66922 57490 67198
67213 65167 61607
67437 64316 63477
63673 64934 66232
60229 68191 62861
69204 57465 64403
68806 63202 59729
70624 56609 58940
59211 69723 59281
69844 60397 61263
62419 68290 61552
59623 66087 66091
63833 59911 68550
60102 67994 63253
69746 60484 62296
63263 55732 69437
69542 61441 60527
68660 63379 61208
61375 62968 68135
67117 63125 65047
59053 69517 59990
68982 61081 63794
63853 66250 64603
60478 57414 70245
61164 69193 59796
62604 57784 69539
61513 68493 61774
69757 60822 60510
64899 67344 59677
59761 58083 70243
58881 65529 66714
59607 67317 64482
59841 62416 68712
59736 65506 66710
59958 59822 69729
59247 57743 70396
65782 65952 62977
64782 64820 65514
59003 64120 67929
66552 65762 61544
60238 60290 69534
61927 56193 69957
70051 59865 59338
59868 67557 64108
66795 64894 63558
58860 70114 56984
64383 67710 59176
64662 59510 68302
66235 66345 59187
62566 64936 66631
61138 66127 65981
62904 60905 68588
67794 64627 60052
70350 56819 61385
67381 63733 64232
60214 66669 65345
64374 67653 60033
59696 56066 70550
60527 68226 62738
59108 61741 69115
61922 58347 69671
65727 61828 66928
67504 56955 66641
68624 58313 65293
66699 65870 60369
62946 67936 62072
59107 56625 70564
62301 65721 66044
60202 69773 57833
65393 65107 64683
61756 64562 67111
62975 64106 67083
60451 69732 57624
66081 65667 63093
69339 58943 63988
62209 66294 65473
59446 64975 67238
62521 65837 65871
60169 56501 70445
70661 56020 57908
68977 59508 64416
70023 56805 62578
70010 60020 59796
67978 61041 65365
64643 67303 61151
56208 70453 55625
62598 57414 69588
61336 59030 69658
56834 70412 56373
59154 70059 56397
63513 61226 68267
63502 66688 64265
55794 70477 54360
70480 56299 60499
65831 62829 66359
63603 57066 69215
61110 57320 70124
57424 70176 58006
62698 65467 66141
66654 61058 66652
58718 68506 62349
58006 60242 69812
62291 61887 68396
67599 59759 66185
62086 69080 58710
64884 65029 65207
64687 57243 68673
70451 58277 60048
58929 60418 69668
70316 58378 60980
61962 68779 60488
62059 57606 69771
63983 62593 67519
59286 60244 69695
68430 62277 64214
68836 63044 61192
70088 59189 61571
56669 70423 56200
64860 56386 68617
69577 58888 63401
64082 56266 69037
62194 68200 62009
67862 63736 63555
67493 64150 63616
59769 63049 68405
66025 66293 61085
60107 55967 70492
61474 66968 64786
61584 60433 69164
67223 63467 64638
