89156 54844 6677
73579 75421 8305
84131 68869 7524
45748 91252 6584
58894 89106 7254
87835 61165 7005
81898 73102 7457
56120 89880 7123
49018 90982 6875
61446 84554 8069
62752 81248 8289
74763 73237 8333
72141 78859 8184
87552 59448 7198
73022 75978 8307
83744 70256 7424
85844 67156 7137
54773 90227 6902
86624 61376 7379
68645 73355 8463
71567 75433 8379
82308 72692 7374
69983 84017 7381
65050 81950 8215
85207 63793 7569
69735 78265 8322
75870 76130 8123
79389 72611 8026
54774 90226 6952
63654 87346 7221
72047 81953 7786
56301 89699 7239
77074 78926 7424
70086 80914 8115
61964 88036 7292
84160 65840 7683
77689 74311 8086
89533 51467 6528
79817 75183 7716
67341 76659 8431
61959 88041 7162
47852 91148 6752
57093 88907 7494
83514 65486 7767
77014 76986 7935
64872 80128 8323
76814 79186 7372
54800 90200 7054
68984 79016 8310
79194 70806 8126
77536 75464 8018
78511 73489 8062
64627 78373 8394
73565 73435 8371
70127 83873 7508
72635 82365 7254
73520 77480 8202
65443 80557 8294
67452 84548 7827
62099 87901 7402
86865 62135 7316
89392 53608 6576
86989 63011 7241
53785 89215 7465
84593 69407 7231
69262 82738 7973
88477 58523 6866
66580 82420 8133
73439 80561 7876
67695 85305 7437
56056 89944 7009
52409 89591 7383
65572 85428 7839
85059 67941 7385
89175 55825 6545
72340 72660 8402
77454 78546 7483
75463 78537 7928
74989 74011 8295
88294 59706 6856
88308 55692 7017
79291 71709 8086
81783 67217 7934
88618 57382 6871
89172 53828 6695
76961 71039 8262
62800 87200 7647
71704 74296 8407
76792 79208 7327
72734 82266 7425
65660 78340 8389
67624 77376 8405
87303 58697 7276
79094 74906 7892
63714 87286 7353
63471 81529 8264
72644 82356 7317
86970 59030 7333
84438 69562 7287
66424 78576 8375
89266 54734 6601
73960 77040 8202
72222 75778 8345
69348 75652 8427
81571 69429 7921
85691 64309 7482
61282 87718 7617
60407 84593 8079
85135 66865 7465
67939 74061 8469
84726 68274 7442
87508 62492 7030
52128 89872 7311
82435 70565 7726
85619 62381 7526
56804 89196 7415
89363 54637 6419
71459 78541 8244
75932 77068 8039
71324 80676 8062
81781 68219 7932
59397 88603 7500
47827 91173 6638
84449 64551 7663
75352 72648 8319
75603 79397 7767
88232 55768 7038
86230 62770 7426
50035 90965 6790
77405 70595 8241
65280 79720 8338
53816 90184 7146
75346 71654 8325
88301 58699 6963
86738 65262 6940
69965 82035 8004
85572 66428 7393
86254 63746 7393
59317 87683 7705
46762 91238 6567
82191 67809 7893
64656 79344 8359
50258 90742 7015
75411 75589 8191
60363 88637 7163
72239 79761 8092
64582 84418 8009
46822 91178 6723
84937 69063 6938
57328 86672 7879
66227 85773 7672
62700 82300 8226
83433 71567 7087
85411 61589 7553
54185 89815 7293
85235 65765 7510
71269 76731 8346
84777 65223 7607
51735 90265 7201
76244 74756 8177
84052 66948 7665
77639 78361 7490
70166 83834 7528
46762 91238 6641
83036 68964 7729
74595 75405 8256
89871 48129 6143
70458 83542 7619
79586 69414 8107
60457 88543 7335
65710 86290 7476
77255 71745 8236
57956 89044 7418
89524 53476 6430
59728 88272 7577
83072 67928 7770
67088 75912 8451
83318 66682 7779
89729 50271 6377
76087 78913 7793
53448 89552 7388
88310 56690 7016
78818 75182 7904
64590 86410 7689
78780 70220 8163
82818 70182 7685
59351 88649 7489
66512 80488 8282
83526 67474 7722
76258 77742 7935
48061 90939 6931
48931 91069 6757
88365 57635 6979
55308 88692 7571
68856 78144 8349
44728 91272 6486
73018 73982 8375
82439 69561 7789
87066 63934 7087
70033 76967 8372
73223 81777 7588
63228 79772 8347
71630 79370 8172
74482 79518 7914
77486 76514 7927
56770 87230 7804
78022 77978 7477
79743 70257 8094
70991 81009 8049
62299 83701 8130
64105 86895 7580
61030 87970 7572
88977 55023 6768
82148 71852 7660
78850 72150 8108
74805 80195 7715
65866 80134 8312
61742 80258 8328
82927 72073 7242
62576 87424 7608
57849 86151 7937
79350 70650 8117
74112 74888 8302
76074 72926 8271
55112 89888 7216
85694 63306 7507
75548 74452 8243
86088 64912 7373
69620 79380 8261
72188 76812 8303
65562 86438 7370
70604 83396 7650
67766 80234 8265
59014 88986 7373
62190 87810 7469
51132 90868 6784
88115 58885 7046
78213 72787 8127
72636 79364 8104
65652 83348 8086
60407 88593 7260
70316 73684 8441
80525 72475 7900
84753 69247 7132
88691 58309 6695
85861 61139 7495
68854 80146 8239
79163 76837 7391
83713 66287 7735
76818 78182 7803
84745 63255 7633
65167 84833 7939
84884 69116 7030
62146 82854 8191
70435 75565 8404
56708 88292 7642
87374 59626 7243
89865 48135 6156
62238 87762 7488
70200 74800 8432
83484 71516 7060
57374 89626 7118
89355 54645 6500
57446 88554 7579
57597 89403 7309
87931 60069 7075
68173 75827 8441
70768 79232 8224
86057 61943 7469
78079 70921 8199
52324 90676 6860
70439 82561 7898
87211 60789 7263
89057 55943 6671
85145 64855 7560
62868 86132 7851
71165 79835 8157
85650 67350 7251
88860 54140 6829
59115 85885 7962
68286 74714 8463
60351 88649 7123
81106 71894 7854
58835 89165 7169
79544 76456 7290
87460 60540 7205
60091 87909 7643
89488 53512 6472
71287 81713 7949
60759 85241 8008
60560 87440 7721
76800 75200 8105
51275 90725 6993
83732 68268 7656
72931 82069 7535
87662 62338 6921
88151 60849 6651
79088 73912 7976
66863 73137 8477
71844 81156 7978
65923 80077 8314
89006 56994 6511
67861 85139 7558
53530 90470 6972
60797 83203 8176
76306 71694 8289
57025 86975 7840
89279 52721 6658
79958 74042 7849
87221 62779 7170
88111 59889 6982
64998 86002 7761
87591 62409 6974
83117 65883 7807
67626 85374 7336
79374 76626 7346
74102 77898 8130
81068 70932 7915
66896 84104 7957
70103 73897 8444
65842 86158 7563
77090 73910 8160
88565 55435 6935
67561 73439 8472
71217 77783 8298
81566 72434 7728
68698 74302 8462
70248 83752 7559
83878 65122 7728
71480 74520 8407
77898 71102 8208
86097 65903 7286
69242 83758 7802
89516 52484 6517
71774 80226 8077
65647 84353 7979
65520 86480 7320
85909 67091 6917
76520 73480 8225
74090 72910 8360
70060 83940 7468
72752 81248 7837
85892 67108 7026
68396 84604 7691
70707 73293 8434
63736 83264 8138
82766 72234 7281
61836 85164 7997
88966 57034 6615
87816 62184 6737
89879 47121 6058
78357 71643 8169
66762 81238 8223
86428 65572 7163
88744 57256 6798
89740 51260 6349
82954 67046 7818
54947 90053 7139
87366 63634 6834
71021 74979 8406
68089 75911 8440
84109 65891 7689
69972 75028 8431
89137 55863 6602
69321 74679 8450
60758 88242 7491
63707 87293 7345
64461 86539 7661
66758 77242 8419
69847 74153 8447
78493 69507 8183
51195 90805 6897
73109 72891 8386
74679 72321 8346
88817 55183 6843
73886 79114 8031
72893 75107 8343
66751 85249 7755
69421 80579 8180
86413 61587 7414
61325 85675 7952
86709 63291 7304
78077 76923 7801
70029 83971 7439
87797 61203 7025
83522 71478 7003
87856 59144 7116
57348 89652 7045
80397 69603 8045
78388 77612 7463
83313 70687 7508
58370 86630 7881
50057 90943 6830
64268 79732 8347
86697 65303 6992
52327 90673 6885
88646 55354 6906
84273 64727 7684
86809 61191 7347
79621 74379 7868
54003 89997 7227
79023 75977 7770
73943 81057 7651
67383 83617 7988
87333 63667 6904
77603 74397 8088
78782 71218 8148
73575 76425 8262
84323 66677 7634
71471 73529 8420
54980 90020 7155
56079 89921 7071
76295 76705 8038
86252 65748 7230
81347 67653 7971
81472 73528 7523
66805 75195 8466
86600 60400 7391
83176 71824 7180
63880 84120 8063
58920 87080 7818
85239 66761 7450
87295 63705 6961
61423 86577 7835
54749 89251 7453
79697 71303 8064
56176 89824 7173
72386 73614 8401
85695 65305 7438
89639 52361 6383
84722 65278 7614
81746 70254 7857
78747 77253 7445
66513 73487 8479
63829 87171 7442
87877 58123 7126
67837 81163 8195
82024 68976 7880
70837 83163 7692
63649 85351 7928
68815 75185 8448
87688 60312 7144
66634 85366 7737
61736 87264 7698
72709 82291 7404
88430 55570 6980
80669 70331 7995
54453 89547 7371
88144 60856 6722
67305 78695 8359
89846 48154 6191
52956 90044 7247
80937 74063 7601
80908 73092 7791
48913 91087 6638
86567 65433 7105
80217 71783 7987
87354 62646 7112
89261 53739 6651
74622 78378 8040
77126 70874 8255
79692 76308 7226
88475 59525 6613
60366 82634 8210
87402 61598 7179
86903 64097 7171
88599 58401 6790
73457 78543 8126
47825 91175 6582
49310 90690 7051
68559 78441 8343
59899 85101 8034
63195 84805 8004
68083 83917 7885
74483 76517 8200
57393 89607 7137
60702 88298 7468
74554 77446 8132
86424 64576 7295
88070 57930 7073
87973 61027 6901
84644 67356 7532
89653 51347 6435
75965 73035 8274
76414 77586 7936
86270 60730 7441
65746 77254 8428
69967 84033 7273
69922 80078 8199
88986 56014 6721
63153 86847 7706
74579 80421 7699
88928 57072 6672
68074 84926 7613
73049 76951 8258
68781 77219 8388
74216 73784 8337
58814 89186 7097
64324 81676 8243
54978 89022 7504
52554 90446 7077
65765 75235 8467
81800 72200 7705
88728 56272 6853
66166 75834 8457
68695 82305 8054
88051 56949 7086
87145 61855 7253
63562 86438 7770
73835 80165 7891
67756 85244 7487
57410 87590 7751
58232 87768 7712
55807 89193 7445
88427 59573 6707
60344 88656 7072
58935 89065 7297
86480 62520 7384
73711 73289 8369
69574 75426 8429
73796 75204 8304
68595 80405 8229
78237 71763 8173
67804 82196 8114
70659 74341 8433
55382 89618 7329
