17179 13282 16480
17095 12690 17619
17565 12679 16704
14194 15284 16293
16025 14713 14940
14778 14417 17324
16665 13792 16596
14172 14753 17061
17512 12870 16425
18077 10751 16220
16267 14459 15787
17323 13199 16180
16145 14215 16613
14631 15419 14778
18152 11871 15747
15566 15045 15554
15016 14689 16907
12919 15558 15758
13409 14927 16952
14821 15366 14288
14176 14855 16938
12318 15739 12782
13284 15451 16247
17987 12400 14622
17211 13537 15334
13879 14744 17119
15875 13406 17830
14258 15522 13877
14698 15120 16380
17253 11868 17732
18303 11506 15378
16769 13503 16976
14011 15250 16449
18407 11551 14379
15884 14614 16081
17067 13620 15634
16057 11980 18298
16610 13137 17707
18525 10756 14537
16536 14069 16156
17246 13109 16718
17865 12081 16392
15504 14426 16961
14671 14782 16922
15433 14851 16257
12401 15722 13461
14518 14074 17728
15986 13849 17344
16874 12219 18094
14996 15312 15267
18525 10619 13712
16109 14631 15432
16409 14002 16629
16538 14313 14507
15254 13184 18165
13522 15620 15059
16503 13502 17305
15584 15034 14741
17140 12925 17394
16587 14249 14971
16243 14545 14868
15509 13778 17713
14966 15277 15884
15879 14214 16942
13469 15689 13641
14671 15313 15952
18515 10504 14796
14601 15384 15395
17555 12427 16963
13399 14675 17211
15412 12362 18278
13869 14492 17378
13587 15669 13017
17946 12397 15922
18301 10703 15600
15186 15259 14777
17840 11060 16775
16611 11482 18171
15770 14037 17279
14929 12321 18306
