37999 38149 43117
39655 42486 35722
36257 42821 40030
37541 44005 36027
37607 39298 42943
38039 41885 41001
38397 39400 42523
36549 40326 42692
38748 43312 35289
40413 41454 37456
40993 38751 39942
40642 40626 38835
40007 38625 41523
40022 42022 37437
35514 38372 43692
38982 43117 35369
39981 39012 41480
37789 42501 40254
35114 44992 34544
41762 36085 36016
41308 39743 37011
39161 37523 42455
38654 42543 39329
35600 37784 43901
34307 45255 34292
36489 44286 36878
36506 44431 36246
36051 43519 39025
37333 43120 39399
36504 37245 43860
36300 44515 36097
39650 40405 41196
37165 41129 42001
39529 39669 41662
38432 42326 40052
37014 37870 43636
35897 43261 39416
40939 39909 39015
38097 43743 35180
41636 38065 37826
38832 40166 41892
41648 38350 36293
35502 42703 40207
40401 41406 37659
38452 43135 37918
40388 39768 40624
37303 44171 35006
36762 43565 38883
36661 39990 42911
33879 45383 34158
33057 45408 32860
37119 38842 43331
40137 41890 37277
38523 43423 36369
38656 40580 41808
40726 39160 40337
37529 40624 42369
36179 39621 43177
36550 44533 34589
40749 40950 36839
38213 37009 43160
37885 43100 39083
40377 38266 41133
40007 37561 41618
40098 40648 40473
40100 41935 37289
35034 44952 35511
36274 44646 33526
41630 37727 38115
36102 42379 40631
36847 43876 37927
37741 39265 42891
37389 44072 36159
38291 40319 42163
40481 41446 36692
35796 44648 36447
35238 43825 38544
40998 38142 40049
39427 38268 42174
37844 43771 36510
40407 39979 40450
39823 38586 41732
39675 37453 42005
41769 35703 35982
34460 45056 35787
36492 38587 43592
35981 37158 43991
37873 43543 37636
39025 42468 38844
39697 41853 38876
38371 43490 36501
40984 40100 38411
35273 44323 37735
39474 42696 35235
39063 37775 42533
37193 36817 43610
35004 37747 43916
39797 38973 41689
38069 40478 42200
36923 43045 39630
38537 41835 40683
37958 38662 42984
38901 41330 41051
36586 44471 35279
35910 38875 43485
38441 43541 35694
34837 45008 35581
34812 45154 32453
35180 44994 34005
41427 39197 37901
35088 45041 33516
35974 41458 41723
39039 41569 40555
35982 37962 43816
37189 43649 38258
39756 39486 41556
39261 41786 39832
39834 41658 38958
41727 37114 36959
41658 38191 36953
41399 38733 39063
34513 35836 44226
38591 41326 41278
40253 38442 41267
36832 38474 43549
41211 38079 39604
37932 41098 41869
34917 45048 34614
36702 44466 34457
40658 38349 40646
40371 41145 38492
35538 44819 35161
40011 38144 41588
41106 38602 39753
38773 43079 37303
36873 37961 43682
37573 44033 35612
40373 38747 41068
41153 40104 37621
35753 42777 40103
39940 39525 41347
37328 36916 43561
37366 42193 40824
37531 41392 41705
40685 37730 40693
41417 39356 37241
39378 42743 35939
38519 41200 41477
34158 45332 33004
39009 37590 42587
39109 41853 39964
36663 41710 41482
35616 36572 44165
39157 38723 42314
36933 39469 43193
40742 40928 37514
37902 43400 38255
38232 41107 41711
36508 37375 43856
37533 43907 36658
40030 41620 38524
37926 36977 43341
37336 38239 43424
41293 39431 38388
35337 36030 44218
