64933 65885 67072
64689 70002 61697
63569 71187 57767
69083 67272 57428
65005 60293 68978
66911 69562 55596
65542 69295 62328
64273 65919 67385
70024 63829 61717
59969 61099 70166
66893 65764 65812
62368 63342 69273
67612 67746 62394
70415 64252 58788
69306 63957 63918
67994 67713 61516
68124 61944 66393
64433 70891 56165
62628 69496 64091
63398 61890 69396
70314 60941 61663
62013 71207 60365
61205 71803 57167
70797 62529 58936
56185 56642 70773
67197 67095 64212
69342 64185 63697
69974 64325 61466
64210 67315 66237
63791 67326 66367
65887 66478 66043
66635 69692 57323
68272 67763 60524
63957 64632 68280
64560 66637 66720
60973 71122 61053
60295 72054 53891
64086 62265 69140
64079 66616 66903
62159 69329 64478
65410 68760 63655
69523 66357 58746
67934 68664 57318
65779 69900 59821
67632 65625 65144
61896 67242 66829
62781 59069 69750
62952 69696 63678
69835 63419 62660
69118 63095 64590
66473 63979 67118
56992 72293 50841
69331 66464 60090
62158 71628 55108
62375 59437 69839
66673 69709 56678
65203 68465 64306
66950 68579 61759
59275 59273 70430
61914 71452 59206
69132 65203 63331
57722 72265 52170
70106 60903 62395
64889 70194 60498
65428 68074 64714
64637 64622 68062
63054 71361 56120
68628 66776 61930
63378 71098 59051
69355 65141 62790
69486 63766 63592
64159 65313 67873
63068 71256 58394
70381 63786 59954
60446 65156 68516
63090 70017 63048
71166 59274 57484
70186 62118 62049
70099 62799 62022
64311 69986 62174
70235 63991 60561
64021 60917 69322
71054 61056 57979
59737 72145 54108
61611 69634 64090
62154 71628 55726
67785 66665 63923
69512 66507 57774
63275 67881 65960
63969 68218 65349
70225 65118 55746
63606 68354 65306
69711 65545 60603
62626 64879 68496
69335 66619 59161
69822 65049 61297
70381 61476 61352
63187 67594 66266
67185 68136 62325
64337 70418 60567
67745 68846 57536
69153 65965 62302
60340 71959 56406
69347 62956 64181
68345 67549 60925
61790 71222 60550
60030 62217 69968
64202 67937 65591
68740 65046 64249
70572 60427 60706
67988 67728 61496
68622 66421 62758
60176 64089 69128
68981 61090 65097
69718 66105 57847
67972 68453 58797
71249 58736 56759
65338 65210 67292
69226 61816 64594
70949 61055 58766
64446 70859 57156
69903 63104 62583
69937 63113 62459
62799 68474 65410
67786 68559 59296
66136 60150 68328
64558 70822 56989
69901 65921 55907
56849 56048 70748
62800 67932 65991
66671 67364 64411
61421 71818 55005
61409 67083 67005
64617 68277 64976
62844 69312 64291
67705 61024 67020
70392 62210 61170
67705 68784 58269
71169 60254 56511
68110 67992 60359
66468 66117 65925
66664 68158 63154
66921 68931 60861
64419 61495 69149
58238 72112 55778
70110 65077 59031
62632 61022 69700
70433 64009 59179
57247 57172 70717
67453 68395 61050
65701 70270 57359
64453 62511 68944
62289 70693 62092
64869 61356 68983
65002 70434 59108
70448 64337 57531
67364 69197 57465
56649 56982 70748
61290 71484 59458
62117 70028 63345
66251 69962 56706
62113 67589 66451
70551 62452 60444
66417 69462 60200
60774 71788 57940
56558 57441 70738
67502 60263 67203
70608 63732 57191
64094 69434 63502
71265 58801 56270
59796 71003 61375
69596 66285 58256
63915 68562 64941
66171 69009 62217
70120 65226 58300
60552 70744 61997
58796 71909 57569
60452 70560 62406
67868 68389 59735
64328 61218 69198
71153 60189 57000
66425 68024 63725
63236 61009 69546
59491 72127 55025
70229 65097 57442
71100 60923 57137
70760 63008 57360
61527 64537 68869
59121 62598 69809
69627 63381 63392
63555 65326 68027
70682 62869 59357
65328 67581 65391
61537 69979 63510
63797 62960 69039
69416 66156 60644
59317 71812 58265
61853 62153 69696
66786 69117 60522
64030 60082 69337
58825 72115 55554
68350 66042 63915
62277 69544 64105
68674 67813 57943
65649 60374 68669
71025 61570 55829
61449 70398 62750
61643 71656 57795
60532 62386 69855
65724 64659 67334
60776 64366 68987
64001 70895 58718
63044 60568 69631
63517 60527 69510
68674 67671 58943
66825 69609 56387
60560 65741 68142
67065 67683 63461
65891 64020 67561
63690 68953 64533
59809 60470 70283
68906 67207 59578
67363 64401 66096
68822 67606 58333
69526 66471 57848
61791 63045 69503
66172 67320 64948
70819 61928 59183
65269 61931 68654
61416 71693 57914
68457 68139 56899
59447 71999 56787
68197 67164 62246
70823 60489 59561
63420 69730 63429
65017 70634 55072
66034 62773 67932
68719 63196 65283
66820 69488 58559
65062 65442 67320
70539 63670 58938
61707 61401 69853
66550 67140 64810
66625 63255 67287
63258 62353 69353
60837 69660 64071
58548 57828 70573
59968 71864 57706
64301 63235 68775
59886 63675 69330
68095 62456 66248
66768 63149 67206
67060 65125 66039
70565 59764 60734
63106 63077 69184
66181 65399 66590
66265 62618 67813
67621 68479 60343
68121 68054 60124
63997 69032 64221
69633 64423 62658
63685 71150 56982
60470 71817 57895
68690 63708 65138
71026 61435 56902
68360 68012 59191
57387 72257 53638
57759 56988 70661
61922 61098 69848
68497 67372 60932
66673 61825 67760
67477 69078 57726
67512 63597 66313
70946 59587 58921
66427 67279 64760
70277 64645 58913
62574 68865 65002
63511 69364 63975
66942 59857 67690
63818 69443 63663
65625 65928 66627
62745 66622 67289
70978 61254 58474
65719 70241 58111
63272 70830 60762
58028 72023 56706
62604 60221 69768
70750 60250 59900
69565 62288 63888
59688 58277 70412
70624 63607 58005
70872 61945 58875
69563 65179 62058
62665 69723 63733
64861 62724 68707
68272 68344 56831
69901 65687 58355
71076 59450 58173
71025 60857 58271
60628 59479 70221
68848 61670 65355
69501 66680 55675
62050 63820 69156
60510 66121 67849
62547 62308 69518
62458 64049 68966
62445 64937 68491
70509 63095 60184
64822 67187 66136
61669 71707 56781
61753 68571 65525
67294 69113 58504
68771 67798 56651
70653 63545 56302
64904 67652 65626
59461 61656 70094
67771 66548 64107
59768 72037 55961
60602 71378 60202
70813 62594 58447
68681 67539 59497
58392 72219 53342
67297 66455 64798
70608 63542 58494
67652 65684 65077
66092 65243 66752
68878 65549 63539
59299 64385 68978
60058 72092 54313
60958 71882 56191
68449 61771 66048
67251 61178 67425
61030 59205 70160
69957 62310 62741
67179 67781 63153
59059 59175 70461
71014 60175 58501
65317 64567 67666
70038 65360 58603
65615 70333 55780
69506 66177 59976
62783 69938 63360
69139 64945 63556
70345 63401 60757
70083 64715 60392
66294 61095 68151
60616 58497 70256
68630 62338 65648
70948 61747 58380
64495 70744 58244
69774 64038 62458
60091 71673 59208
61836 71592 58029
68189 68490 55175
61690 71758 54467
66983 69093 60025
67899 67121 63044
69945 65762 57066
59989 59254 70330
58633 71950 57267
65538 63895 67848
68282 64501 65191
61328 69385 64522
60741 71933 55908
59220 60260 70340
62160 62454 69572
66391 69030 61807
63183 62193 69401
66043 63296 67730
69748 66174 56527
68450 67971 58839
58092 58791 70593
70826 62670 56964
64537 68800 64227
60398 71651 59133
68196 67766 60764
63491 63674 68894
70489 64021 58635
64009 71039 55119
62441 70228 62932
69883 65420 59812
69000 66829 60605
64097 70786 59242
68375 64983 64744
70383 64603 57085
60616 72001 54096
63227 64625 68512
60213 61209 70122
62417 61325 69705
58695 58148 70547
64718 63971 68336
60881 63329 69484
61556 64238 69029
66670 66559 65329
69193 64274 63933
71090 59977 58006
71176 60233 56324
60337 62518 69844
55368 55573 70828
70456 64266 58325
68378 67760 60169
63494 68982 64563
71119 60176 57714
70722 63176 57628
67753 68948 55999
70195 64779 59216
70836 61052 59354
60065 72074 54793
62111 60218 69878
66133 69788 59317
62502 63090 69338
65150 70186 59932
59869 64333 69007
62067 60518 69874
70433 61794 61078
70691 62946 59107
63836 70820 59679
65176 66048 66832
60726 61294 70048
62270 66112 67829
70672 61271 60117
