75582 59437 70203
70752 65691 72750
66484 65841 75063
64051 70876 65119
64202 61261 77264
74856 58231 71593
76197 61371 64676
64319 70887 62863
75681 62274 66205
71900 60586 74598
75170 62085 69538
72175 65132 71596
76564 57817 68469
70993 67571 67689
69681 61685 75902
69849 67290 70924
66255 64560 76150
64044 69064 71870
76534 60535 64760
77400 54721 61673
75642 62337 66303
58255 71163 67646
69116 65823 73960
70586 68096 66324
63833 65586 75745
59576 71500 66150
75166 61038 70527
65479 67309 73953
67191 64400 76026
61939 71267 65951
66492 61800 76910
75771 59495 69791
70399 67591 69307
67356 61607 76747
69506 61154 76051
72410 66580 65462
74654 63634 68202
69483 68752 66109
65798 69326 70242
75683 57691 70390
67569 60215 76815
65728 70402 64098
64182 70465 67757
74031 62568 71680
66856 69554 68418
59602 70376 69782
73819 60199 72786
70420 65354 73480
73853 64933 66929
68975 67608 71283
71559 67324 65840
61241 58619 77633
77095 58563 64121
76037 57273 69777
63961 62053 77117
65852 59469 77254
64761 68445 72699
62477 67619 74059
57640 71822 65031
66989 66239 74565
61336 71632 63701
60664 71216 67092
65437 68801 71748
70741 66495 71319
65468 66704 74590
67246 62198 76689
61283 69741 71083
58331 71416 66758
75387 62871 65915
69226 64305 75195
71555 65250 72431
64379 70840 64018
71959 61763 74346
69394 65501 74085
72642 64667 71639
73596 64539 69580
71559 65786 71461
62996 68676 72727
75053 62845 68510
58074 71823 64983
75647 58704 70249
59919 71888 63407
73834 57969 72847
61802 69754 70981
63713 69435 71309
61200 69805 70957
70857 62197 75042
57264 71822 65059
73311 63460 72157
64475 70202 68700
67507 66693 73961
60071 70768 68806
70407 64990 73856
60399 71040 67907
63608 68361 73085
75782 61965 66691
64031 67795 73702
61411 60075 77507
64058 59788 77432
70152 68458 64963
64725 70738 63915
73854 58205 72824
72053 66897 65500
64244 67443 74081
70170 67995 68505
72960 65129 69889
63124 65235 75991
64055 65976 75465
75615 61871 67940
72233 66411 68002
76257 61010 66210
71868 65836 70797
61615 61154 77347
74706 61985 70993
61363 71602 64057
76269 58603 68932
65802 60883 77162
74121 63565 70218
63889 71014 63218
73563 63863 71187
63432 69379 71512
70839 60620 75453
74498 61685 71395
60631 70474 69473
67086 69691 67270
76473 59155 68008
76135 59311 69039
66689 68168 72179
62660 62064 77140
74397 60322 71942
59298 71849 64251
65128 69732 69624
72523 61743 73845
63302 61506 77239
76888 58959 65835
73132 58218 73620
56927 72135 61924
77374 55529 61470
64184 63781 76662
63719 71054 63451
65189 67244 74097
69725 58243 76040
57830 72102 61216
59617 71599 65670
67519 65714 74878
65189 63240 76760
69361 68913 65025
70767 61292 75361
71365 66742 69541
66921 69998 64377
63512 62733 76966
63449 62108 77119
65305 67215 74099
73013 59100 73710
71545 67346 64823
67075 67390 73219
66394 67320 73712
76744 59307 66239
65778 70206 66563
67955 69579 64314
63556 68369 73084
75016 63311 67089
75867 61362 67751
68703 68819 68501
66763 70065 63609
65178 58413 77378
66655 69320 69528
76418 60086 66963
64037 70197 69011
67228 61178 76838
71573 62391 74437
71467 61771 74743
76894 59489 64217
69880 68373 67671
72889 65418 69300
67000 69084 69831
71318 63746 73997
63543 70711 67347
69215 68940 65719
71092 65773 72245
72517 62649 73496
75793 60544 69426
66900 69908 65588
71675 67059 67408
61125 70928 68099
77129 58255 64424
71603 61652 74656
73090 61778 73220
75528 62671 65186
76444 59662 67434
71107 67716 64856
72602 65922 68626
77281 55334 64228
61657 70431 69402
65377 70474 64898
68753 61963 76250
71813 63325 73843
64658 66188 75194
63991 70658 66985
72536 65851 69046
66410 69011 70600
68307 60375 76554
72816 63857 72545
57131 71993 64031
69034 65402 74436
77044 58977 64665
59011 71443 66563
65349 68549 72310
59162 71624 65683
70859 64885 73607
74258 63890 69012
70984 65334 72979
62428 60912 77366
77012 57700 66701
67084 61779 76800
69913 62825 75476
74566 64139 66500
63032 70738 67802
66976 67664 72853
60945 70126 70250
70049 67441 70319
59152 71268 67231
67264 68255 71542
76398 60810 65481
68863 66889 72725
62892 59434 77533
65858 63452 76650
61784 59295 77580
71374 62089 74713
62310 69265 71929
73989 64573 68098
61130 71319 66402
71050 66545 70655
74459 62713 70760
64828 70611 65540
62885 70824 67493
73461 62629 72527
68946 61678 76210
57309 72076 63158
67595 69455 67525
77319 55979 62941
61032 71572 64782
76880 59503 64557
66963 65035 75584
58324 72065 62202
60097 71663 65110
57499 72117 61875
71733 59399 74852
64876 70670 64280
77342 54541 63230
67916 67173 73046
74444 64202 67039
65018 68920 71749
74823 63034 69129
62430 71434 62652
69019 68512 69007
74431 58395 72142
70865 67772 67031
71524 64970 72907
65734 66425 74768
61588 70926 67911
69537 62286 75864
76862 59383 65364
73161 64568 70694
67176 68003 72104
62471 59330 77563
70966 65045 73336
68144 69318 66883
74096 64574 67504
63185 68094 73493
60987 57299 77661
64054 68750 72401
71998 64984 72186
76637 60269 64416
74391 57889 72200
68015 66899 73412
69335 66955 72141
75008 63216 67589
76398 58950 68461
62168 71411 64383
66500 69511 69024
76038 60808 68006
62885 69353 71658
68516 68841 68697
76083 61496 65960
74808 62581 69930
62090 69152 72089
71977 66452 68715
71331 67163 68178
62973 70292 69416
64979 70673 63430
71817 60373 74693
75722 61872 67346
69789 64880 74402
63807 70553 67800
76808 57148 67625
57677 72051 63271
62616 58264 77625
75148 59055 71068
67811 68480 70526
76718 59731 65768
61638 70800 68357
58444 71890 64581
67885 69584 65095
73415 63035 72325
71359 65635 72066
74798 63784 66426
66726 68459 71542
66901 69320 69268
70374 60635 75741
72593 66303 66494
73446 64148 70905
68747 65033 74930
67577 69536 66971
58544 72046 62775
58534 71621 65853
64666 67838 73517
61643 71191 66660
62859 68499 73013
70801 60061 75491
72234 64134 72978
64760 70431 67100
71587 67219 66648
65738 62454 76934
62639 71320 63810
74667 64024 65078
68567 62931 76153
60767 71730 63944
72444 60049 74166
71581 66340 70123
77115 58269 64764
74776 63571 67663
72759 64382 71921
72115 64699 72468
68448 62043 76352
66564 62885 76752
70622 67584 68774
62298 59445 77559
66510 67291 73714
75288 62641 67857
64060 70904 64555
63075 69995 70249
66443 70040 65923
62489 66492 75236
64427 65575 75719
72113 64625 72580
71539 65664 71716
70050 66729 71729
67747 65079 75320
67993 63133 76323
59998 71941 62701
68717 69215 65782
61335 58259 77651
57232 72099 62706
63308 68832 72431
71116 64159 73910
64518 69445 70830
67818 59708 76764
56707 72108 62733
65236 67871 73317
73535 64598 69620
71301 59927 75163
75870 60770 68902
72684 65343 70046
74863 59905 71394
76437 58887 68363
75146 63005 67413
75196 61661 70009
64213 69937 69734
66555 69790 67836
76003 61757 65101
72918 64453 71482
64904 62723 76921
75183 60789 70614
66263 70197 64745
61773 70404 69451
73784 63296 71447
69835 66005 73187
70129 63592 75012
67803 58661 76790
70399 65985 72686
63892 71005 63493
64912 66025 75296
72303 58879 74394
68609 62564 76212
70859 63078 74728
62568 69877 70602
75017 63535 64173
72509 60360 74063
75782 59022 69906
77226 57206 64120
71092 67218 68746
67635 69554 66628
59233 71102 67824
68576 67393 72051
74570 58932 71912
67657 68834 69863
63177 70617 68198
66749 58059 77093
62731 59953 77498
67391 61952 76690
69927 67880 69293
77257 56016 64503
71413 65310 72553
76674 57959 67968
70607 62605 75093
68992 60909 76266
62688 71270 64483
73975 64870 66390
60587 71832 62589
61390 71665 62672
67221 69843 64959
61629 71025 67431
65099 66382 74953
63387 70954 66077
66170 69733 68589
72484 65182 70932
64002 68758 72400
69189 59383 76266
68703 68048 70664
77296 55678 64048
77248 56619 64308
63579 71081 63702
74500 58503 72050
73111 65664 67323
62485 69941 70476
68125 59881 76654
62987 71217 64069
63260 57018 77600
57634 71637 65932
71621 64609 73211
71953 62669 73997
75161 59740 70979
58412 71250 67351
71043 66804 70037
77200 57630 63649
61797 71530 63740
67411 69800 64291
62564 71208 65387
73466 65146 68275
74693 60943 71340
