51215 75785 6428
50928 76072 6282
81092 50908 6829
79631 57369 6841
64320 72680 6771
83390 49610 6061
64889 72111 6865
81761 53239 6611
77959 55041 7140
63307 70693 7123
60040 71960 7050
80949 53051 6814
63526 62474 7534
53174 75826 6352
78730 60270 6612
64274 58726 7558
58693 73307 6891
74594 65406 6729
76231 62769 6869
62264 73736 6602
54398 74602 6707
45482 76518 6004
78997 59003 6819
49607 76393 5916
61912 69088 7298
52350 75650 6459
65881 62119 7528
57862 75138 6320
80380 57620 6377
78840 55160 7049
58070 74930 6473
62590 71410 7064
54204 75796 6303
71885 64115 7238
83299 44701 6425
82994 51006 6111
84519 43481 5926
81731 53269 6618
65590 61410 7542
61964 71036 7122
55303 75697 6086
84434 43566 6004
68144 63856 7438
48615 76385 6068
82328 50672 6586
79875 58125 6623
84314 44686 6012
74213 60787 7274
82896 49104 6466
80265 55735 6825
69531 68469 7009
79261 53739 7032
54338 75662 6389
81624 50376 6752
78308 60692 6721
69330 69670 6824
82589 45411 6589
72417 61583 7349
73178 60822 7334
53264 75736 6403
64337 62663 7528
64148 69852 7190
61106 67894 7361
62715 64285 7495
68129 70871 6736
63030 71970 6981
64503 70497 7104
73741 61259 7284
83473 46527 6358
70023 57977 7488
57899 75101 6361
60817 73183 6866
79120 56880 6959
80249 52751 6932
80954 51046 6848
55644 73356 6903
68384 62616 7476
56583 75417 6324
55459 73541 6880
63741 69259 7259
72289 67711 6716
81199 55801 6406
84216 45784 5922
61197 73803 6694
82192 49808 6646
84106 44894 6159
82762 45238 6551
56819 75181 6461
81332 54668 6602
84584 43416 5841
84832 40168 5810
75058 62942 7030
72789 62211 7299
67335 59665 7531
82750 47250 6545
47883 76117 6296
72068 66932 6919
64241 72759 6752
69490 70510 6330
59720 69280 7289
80121 56879 6758
80497 51503 6910
66033 60967 7542
84322 42678 6103
77409 61591 6804
61576 72424 6968
57997 75003 6430
77525 52475 7183
52952 76048 6034
48732 76268 6182
63469 61531 7546
52643 74357 6756
79336 53664 7025
79929 52071 6976
79130 57870 6909
62337 70663 7153
70160 60840 7467
84012 46988 5976
84038 43962 6216
68475 67525 7214
59247 72753 6962
63899 70101 7171
70023 65977 7240
77633 62367 6346
76930 62070 6832
81610 54390 6492
82155 50845 6624
47539 76461 6031
82380 47620 6628
83474 48526 6276
63619 72381 6889
67406 71594 6585
58281 69719 7260
79073 59927 6509
81980 48020 6707
82677 51323 6400
82665 50335 6497
62811 61189 7551
68995 67005 7227
72608 60392 7379
76843 59157 7126
70591 56409 7478
70497 62503 7409
80030 57970 6574
69506 70494 6447
58009 71991 7055
66251 71749 6798
57198 70802 7171
63397 72603 6856
82793 46207 6543
84096 45904 6085
84173 44827 6122
81818 51182 6695
54481 75519 6449
65878 71122 6967
60095 73905 6736
72702 65298 7051
59262 74738 6415
61253 69747 7251
70924 59076 7465
71357 57643 7460
71007 61993 7405
82505 51495 6494
60415 73585 6798
82019 48981 6694
76472 63528 6651
76139 59861 7160
52997 76003 6197
67225 58775 7534
67856 71144 6696
61186 72814 6917
66953 64047 7460
79052 51948 7060
56958 72042 7052
60311 66689 7415
79171 53829 7040
71874 65126 7156
63234 63766 7510
69317 57683 7503
57211 74789 6600
82101 51899 6593
68483 69517 6970
63915 71085 7058
83493 47507 6316
61540 73460 6768
80193 57807 6504
55003 73997 6817
76601 60399 7079
79714 54286 6972
79547 51453 7013
61504 69496 7270
73143 66857 6733
83390 49610 6033
82480 52520 6098
67809 69191 7080
74674 61326 7211
56499 75501 6231
73245 59755 7362
69012 68988 6990
55619 75381 6451
50706 76294 5964
70699 58301 7473
59894 74106 6694
79431 55569 6972
61991 74009 6441
83161 48839 6380
64531 65469 7448
71450 59550 7443
80760 55240 6741
67171 67829 7267
78372 53628 7120
59698 70302 7212
65104 68896 7254
77371 58629 7091
69983 63017 7412
80333 57667 6414
61621 73379 6784
74752 64248 6910
71957 66043 7050
82161 48839 6669
58135 72865 6958
55310 75690 6253
62161 73839 6556
84691 41309 5917
81176 50824 6817
75488 57512 7284
65962 65038 7445
58311 70689 7179
51810 76190 5960
63637 73363 6537
59368 73632 6832
77001 62999 6581
56495 74505 6703
80595 54405 6836
81490 53510 6674
74219 65781 6744
59985 73015 6913
73831 59169 7345
77269 57731 7134
67849 66151 7345
67066 71934 6343
75802 60198 7173
66515 66485 7362
59359 74641 6475
61022 73978 6639
66716 69284 7151
74889 60111 7254
80352 54648 6868
62467 72533 6921
85034 37966 5487
81878 54122 6306
53310 75690 6427
50303 75697 6464
56908 75092 6500
84416 44584 5870
46739 76261 6215
77674 60326 6941
64272 67728 7349
66968 67032 7321
84976 39024 5560
77171 60829 6966
84557 42443 5981
64962 64038 7496
54829 75171 6556
74053 63947 7045
50712 76288 6012
81177 53823 6739
71790 57210 7450
61974 74026 6331
78850 57150 6982
83334 49666 6162
61699 65301 7465
83647 48353 6136
68436 66564 7302
67593 65407 7387
65431 66569 7382
81212 55788 6236
67182 71818 6447
58993 71007 7147
72858 57142 7412
74187 58813 7334
62138 72862 6872
63592 73408 6491
74505 63495 7039
77132 62868 6550
81465 48535 6785
64751 63249 7514
54113 75887 6100
66491 67509 7308
49747 76253 6170
69257 64743 7369
77569 59431 7034
67509 68491 7185
84762 42238 5768
79918 54082 6953
79814 56186 6898
83021 47979 6465
65269 72731 6482
69813 70187 6556
84688 42312 5857
77484 62516 6466
64428 64572 7482
83742 47258 6228
83176 49824 6294
82882 51118 6281
52536 75464 6513
50189 75811 6422
62966 69034 7286
82392 52608 6303
59105 74895 6260
70044 69956 6601
58189 74811 6534
77930 57070 7089
85047 36953 5496
56118 74882 6615
62848 73152 6770
57659 74341 6718
60475 74525 6352
51019 75981 6352
68784 60216 7505
59300 74700 6443
84894 40106 5757
80895 56105 6563
57921 75079 6380
53455 73545 6883
74180 65820 6744
60318 69682 7259
83946 47054 6059
79091 54909 7028
80726 54274 6817
84305 43695 6094
79712 53288 6987
52081 75919 6353
80703 52297 6872
62586 70414 7172
80234 57766 6480
83035 49965 6364
65890 72110 6729
62851 66149 7436
68766 63234 7444
55519 75481 6396
49902 76098 6302
55657 74343 6748
80632 53368 6858
52086 74914 6643
69472 63528 7412
53064 75936 6276
84229 44771 6090
83819 47181 6184
74499 58501 7324
73001 58999 7390
83830 46170 6244
82442 52558 6254
83712 48288 6007
66980 69020 7166
78177 60823 6734
82222 52778 6443
61595 71405 7089
57649 72351 7018
73466 66534 6737
47506 76494 5980
67886 70114 6937
77861 53139 7159
71068 62932 7363
73717 56283 7383
70409 61591 7442
59525 68475 7334
74622 59378 7299
82305 52695 6376
82463 52537 6218
67072 59928 7534
66942 71058 6873
80363 53637 6895
80572 52428 6891
73083 57917 7399
48532 76468 5960
65915 72085 6734
75721 61279 7111
78403 55597 7082
81184 49816 6823
65596 69404 7184
80187 51813 6950
67088 68912 7171
70538 57462 7478
55368 72632 6996
65725 63275 7504
54233 75767 6322
81499 51501 6753
70208 56792 7486
65814 59186 7553
52966 76034 6149
68413 64587 7405
67285 71715 6527
62406 69594 7253
80901 55099 6715
48840 76160 6275
64712 61288 7547
65666 60334 7548
73042 62958 7229
67936 61064 7510
81779 54221 6411
52045 75955 6332
76538 62462 6853
61945 73055 6842
66799 62201 7514
83507 44493 6372
57051 74949 6550
76612 59388 7141
67788 58212 7526
81399 52601 6747
78343 57657 7022
78864 54136 7067
63900 73100 6669
83626 48374 6161
61958 66042 7441
72913 56087 7415
71159 68841 6672
57242 73758 6838
83574 48426 6215
82022 52978 6529
74976 62024 7128
81026 55974 6511
69619 62381 7444
73443 65557 6933
74894 57106 7330
70593 63407 7367
79539 58461 6710
64558 60442 7552
63878 63122 7522
83698 48302 6071
53520 75480 6488
78909 60091 6559
76256 61744 7003
59567 74433 6575
70661 69339 6641
44401 76599 5872
66085 68915 7217
61146 71854 7047
64823 70177 7128
81245 51755 6793
71817 61183 7393
69481 67519 7140
56696 74304 6745
70807 68193 6880
63470 59530 7557
67540 62460 7495
56805 75195 6453
75255 55745 7322
84007 45993 6152
81903 54097 6166
80287 56713 6718
67326 60674 7525
74632 55368 7350
77325 56675 7156
48960 76040 6332
68086 70914 6730
58088 73912 6805
57609 71391 7114
65262 72738 6448
63571 73429 6452
64499 72501 6814
75494 64506 6692
45448 76552 5943
55031 74969 6611
79208 59792 6353
83862 43138 6281
81008 53992 6773
50657 75343 6546
65525 69475 7179
78630 59370 6864
71979 63021 7305
48529 76471 5935
77204 59796 7054
49993 76007 6346
60577 72423 6988
83091 49909 6338
62575 67425 7378
63098 67902 7353
81856 54144 6363
81939 52061 6632
60323 70677 7173
55726 75274 6494
57787 75213 6205
84224 45776 5868
61225 70775 7156
57567 70433 7204
74642 56358 7346
54230 73770 6851
64511 66489 7402
47672 76328 6152
84996 38004 5611
67588 71412 6653
62312 73688 6622
65290 68710 7263
62448 73552 6666
72650 67350 6724
83721 45279 6315
67147 71853 6419
62059 73941 6501
70680 64320 7312
72535 64465 7151
65454 70546 7062
79299 52701 7035
61752 70248 7200
71618 58382 7448
80571 50429 6907
82095 50905 6637
83379 49621 6109
50838 76162 6207
67149 58851 7535
47455 76545 5873
66641 71359 6849
76180 54820 7279
64172 66828 7391
51838 76162 6161
49656 76344 6057
47573 76427 6065
84006 44994 6207
69111 61889 7476
84450 42550 6049
80403 57597 6272
44398 76602 5847
63561 73439 6350
61622 68378 7338
78477 56523 7051
73190 63810 7146
77940 58060 7052
85022 37978 5573
78062 58938 6996
79976 57024 6785
82191 47809 6669
71855 62145 7355
71524 68476 6692
57458 74542 6676
68812 59188 7509
62167 73833 6559
61252 72748 6926
69438 59562 7496
54623 73377 6903
70490 58510 7477
62511 68489 7327
69203 62797 7445
80048 50952 6965
49698 76302 6112
66457 68543 7236
70702 65298 7242
65415 72585 6607
80012 54988 6912
75734 62266 7017
66718 70282 7025
72234 59766 7407
59359 69641 7265
72492 63508 7235
75261 59739 7240
67016 69984 7041
76069 58931 7209
81067 54933 6675
56691 71309 7123
69811 69189 6846
71981 58019 7439
53874 75126 6585
58680 74320 6695
55226 74774 6658
81502 54498 6539
77239 54761 7202
70242 59758 7476
70667 67333 7042
82901 50099 6416
64737 71263 7003
64009 71991 6940
71319 55681 7462
59662 73338 6871
65939 67061 7347
58548 74452 6657
79712 58288 6671
66525 63475 7485
80383 57617 6366
67896 60104 7521
76306 56694 7244
69961 65039 7311
62100 69900 7229
84184 43816 6160
59758 74242 6650
84370 44630 5958
64720 68280 7307
70492 66508 7156
65119 59881 7554
57299 72701 6981
69768 64232 7369
60736 74264 6517
63738 73262 6616
61624 67376 7385
75726 63274 6890
68484 60516 7508
