53374 71807 58501
67399 58393 56035
56966 70556 62316
56979 65819 66172
58322 70802 60961
63040 67005 62398
65843 63522 58088
60474 69609 62241
60669 68489 64088
66177 62031 59304
62589 61803 64794
67017 59313 58136
64939 63974 61274
66338 62212 56051
65538 60023 61648
57241 70335 62707
55846 63238 66701
56289 71581 58947
59118 62828 66409
65214 64924 57627
54678 61153 67000
67068 59842 56512
56005 69386 64117
56290 69813 63627
56068 71369 60399
66010 61540 60249
60352 70099 60444
63690 62142 63777
65750 61226 60962
56271 65662 66254
54339 71894 57252
66856 60538 57148
56291 71378 60183
63569 67464 58545
65333 61925 61538
54211 71926 55982
64406 66157 59824
62118 68876 60280
61186 66931 64814
63428 63893 63680
58468 68778 64531
57295 70011 63288
62309 68736 59690
65609 63077 60326
63988 66943 58352
66804 60214 58459
56145 71535 59481
60379 65295 65738
66575 61200 58354
66527 60379 59467
56548 61487 66833
56056 68774 64679
54516 64950 66472
52683 59099 67220
63592 64842 62970
67329 58912 55504
65402 62733 60981
60058 62153 66264
58843 64018 66334
57516 71212 59188
66687 59746 59236
57614 63524 66540
67511 57475 55885
53451 64971 66474
64505 61501 63027
63190 61855 64250
53059 61367 67052
65221 64412 59961
56487 65130 66364
66892 60458 56518
62678 68339 60395
63911 62979 63401
55742 65077 66413
59729 66969 65464
58519 70038 62819
66693 61020 57677
65202 59870 62191
66346 62120 57896
62675 68386 59809
56468 70956 61487
56726 61471 66818
65083 64968 59314
67496 58046 54724
65743 63001 59899
65862 61556 60575
58398 69264 64015
62661 65122 64081
62177 66245 64081
57292 71267 59863
55147 66039 66183
64986 63151 61609
58664 70522 61552
62948 68126 59351
67004 58299 58499
64799 64979 60841
57632 68123 65132
64962 65398 58093
59627 68467 64499
53363 71958 55497
63233 67684 60280
65360 61032 61748
58701 64893 66195
66879 60139 58132
52211 59155 67224
56974 69974 63396
58234 62100 66594
61453 67759 64133
64389 63479 62485
57109 71145 60620
54314 58898 67145
56282 62501 66761
62165 65169 64658
54647 71892 55718
60813 62817 65850
66684 60468 58818
67245 59246 55964
65284 60202 62056
59986 69237 63355
55485 71476 60089
53742 71942 56317
54027 62061 66939
60899 65823 65449
59771 70357 60032
65854 63534 57385
63307 67160 61618
57217 65810 66159
61060 69696 60719
57485 65019 66309
61548 65273 65218
59425 66045 65825
61579 69260 61161
64143 65022 62052
52362 61876 67017
57765 62237 66655
65681 63770 58884
52906 59171 67210
60614 68983 63266
52857 63565 66755
64993 65039 59696
66542 61606 56784
63765 67237 59072
60961 68386 63907
56551 71541 58508
57624 69800 63538
66420 61127 59246
62508 68415 60865
63390 66941 61748
58291 70957 59162
57627 64144 66448
65894 59588 61054
61302 66473 64916
63479 66024 62474
58545 69043 64258
56953 67057 65762
58939 62330 66474
67293 58992 56134
66061 62844 58774
67182 59021 57466
60796 69898 60571
66151 62487 58903
67064 59394 57812
55169 63421 66713
61041 64948 65588
51907 59489 67212
54629 59349 67113
56334 63606 66619
58744 70775 59520
52154 58135 67237
62001 63559 65120
58952 69565 63358
64722 65532 59898
63701 64520 62990
66235 62497 56732
67598 56568 54935
57318 60067 66787
61599 69312 59838
63020 64204 64041
57793 67459 65541
57286 60742 66786
59584 61803 66405
57738 68867 64563
53840 63199 66808
58165 71004 57856
54592 59843 67088
61802 62331 65299
65196 64648 59543
53504 71923 57121
62997 63084 64344
65410 64340 59120
59209 66441 65753
57499 63251 66583
65362 64539 58602
67370 57705 57179
60451 70056 60370
59880 63952 66160
54298 64595 66555
58035 68773 64599
56787 71327 60054
65555 61161 61362
58325 66942 65684
61201 61959 65665
54410 71909 56653
64324 66430 58244
54640 62766 66830
64896 61479 62414
53698 64074 66669
66888 59220 58758
64456 64411 61910
59110 70594 60726
62728 62732 64643
57503 62051 66707
64295 66472 58720
65706 59195 61429
51522 58425 67238
54433 71917 55714
57507 65406 66224
57552 69969 63313
66607 60983 58603
62125 62776 65079
55935 70722 62060
62682 66267 63459
62927 66409 63037
66654 60227 59133
53728 62391 66913
57862 63126 66553
57273 66931 65830
56286 66106 66133
63410 67309 61116
60715 66947 65075
59488 69479 63236
59436 65073 66033
65506 61991 61169
55437 62600 66810
56386 64171 66535
60397 68210 64416
66178 61619 59725
60799 69851 61157
53234 59215 67197
59766 70375 59560
66536 61611 57544
62798 63629 64444
56627 70364 62780
62384 62568 64902
64571 65606 60576
66069 62611 59123
61794 68398 62911
55063 71817 57364
58325 66191 65958
63570 63018 63819
57441 66692 65889
54483 71877 57640
60490 67578 64882
63731 63984 63209
54698 71706 58994
57891 70161 62849
55003 71690 58935
50317 59726 67214
60902 64019 65739
58226 69888 63175
61284 62801 65589
67013 59947 57281
52352 60667 67153
56147 71652 57714
56019 60160 66957
58441 60578 66598
58052 70525 62131
62252 68613 61208
59230 68171 64856
61603 66809 64443
67395 58396 56144
54825 71798 58168
56794 59558 66869
63756 61570 63744
66512 59571 59838
66031 60154 60764
64236 66306 60420
64828 65590 58944
56909 64922 66371
66282 62342 57466
62666 65463 63908
57707 71117 60006
65817 60438 61102
66951 59744 58104
65891 60865 60811
61510 69156 61679
60035 70199 61259
65451 64420 57913
58423 67995 65161
55462 64410 66545
57965 69734 63506
59030 70289 61915
62264 63705 64928
59147 69131 63895
62061 68553 62131
53922 63544 66753
53857 71758 58831
55458 59491 67036
59966 69839 62153
56742 63849 66558
60521 64420 65877
54705 71868 57372
64865 62373 62204
51602 61139 67123
60961 67562 64621
57636 70961 60960
67465 57962 56067
