41581 46419 4267
40523 46477 4324
52325 33675 4597
37081 46919 4294
47028 38972 4804
44005 43995 4595
42948 45052 4492
45157 42843 4667
43352 45648 4360
51726 34274 4641
35258 47742 3853
37207 46793 4316
51221 33779 4680
48182 37818 4797
53891 33109 4312
41664 46336 4295
42589 42411 4742
47199 42801 4556
46241 43759 4517
49543 34457 4773
41377 46623 4135
43218 41782 4773
46640 44360 4118
47135 35865 4850
44685 36315 4883
54318 28682 4267
50569 37431 4672
54331 31669 4191
46589 35411 4863
50062 38938 4645
48502 37498 4792
34514 47486 4133
44031 43969 4597
52098 31902 4617
50124 38876 4642
49850 39150 4652
53043 34957 4457
37533 47467 3926
50392 40608 4403
41642 45358 4482
54526 28474 4189
36385 47615 3913
54743 28257 4035
52519 37481 4343
54059 28941 4343
47005 43995 4296
35807 47193 4226
51491 36509 4622
40047 46953 4056
52066 38934 4157
46399 42601 4643
50679 36321 4691
54595 27405 4157
53012 36988 4170
52242 35758 4553
37936 47064 4226
45430 40570 4786
53982 32018 4358
45286 44714 4392
48522 41478 4588
43474 43526 4653
44604 45396 4230
53612 31388 4439
51785 38215 4460
46330 37670 4850
53016 36984 4083
48250 36750 4814
36447 47553 3997
48982 34018 4795
43692 41308 4793
54559 29441 4170
50929 35071 4691
42735 45265 4468
38838 47162 4058
53410 30590 4474
48361 41639 4585
48781 34219 4802
43885 42115 4746
52647 35353 4508
46646 44354 4145
47895 41105 4676
51929 35071 4612
32080 47920 3779
44405 39595 4834
34180 47820 3927
41736 46264 4315
41946 39054 4863
50553 39447 4554
54254 32746 4128
45531 42469 4684
51600 35400 4634
51795 39205 4224
46749 37251 4849
54238 31762 4238
41178 45822 4422
35347 47653 3996
48022 35978 4828
45575 39425 4824
54296 30704 4267
54689 29311 3927
44630 38370 4861
42929 46071 4194
45860 36140 4872
43793 36207 4891
43634 44366 4563
51691 37309 4553
45386 41614 4746
37654 47346 4067
43353 36647 4894
52578 34422 4560
54432 31568 4098
44493 45507 4184
36957 47043 4264
41962 43038 4708
49716 40284 4575
39210 46790 4295
47772 37228 4823
47380 35620 4845
49119 40881 4586
42827 40173 4836
40360 46640 4273
52510 36490 4465
54856 26144 3922
43840 43160 4676
47096 43904 4317
43359 44641 4536
34302 47698 4015
36815 47185 4212
53908 34092 4178
46010 36990 4866
48362 38638 4767
40253 46747 4222
45332 35668 4879
41346 44654 4569
43115 43885 4625
48258 42742 4425
42952 38048 4885
47406 40594 4734
53130 35870 4362
44688 41312 4773
54669 29331 4075
54784 28216 3941
47261 34739 4849
53517 33483 4427
33102 47898 3869
52947 37053 4239
46817 38183 4830
38599 46401 4375
50047 34953 4746
47277 38723 4804
53733 33267 4373
42909 46091 4117
50927 40073 4368
43039 34961 4899
39544 46456 4352
49120 41880 4449
36414 47586 3969
40324 45676 4466
51512 39488 4286
44361 43639 4620
53263 35737 4317
52142 37858 4409
52342 31658 4596
33185 47815 3968
50449 38551 4626
46113 41887 4707
38445 46555 4349
36386 47614 3939
37636 46364 4381
35657 47343 4179
52096 33904 4616
49320 38680 4714
37739 47261 4135
49536 36464 4762
43835 40165 4825
54833 27167 3875
54824 27176 3968
42126 45874 4376
41355 45645 4445
49350 37650 4756
34217 47783 3961
41367 46633 3970
40193 45807 4450
53551 35449 4148
47389 41611 4667
40929 45071 4528
48671 36329 4803
47041 39959 4771
36869 47131 4233
51134 37866 4592
51034 38966 4529
46847 44153 4254
39695 46305 4377
45178 37822 4863
53005 36995 4178
35411 47589 4045
54536 29464 4180
32113 47887 3900
35271 47729 3926
42281 43719 4654
53058 32942 4532
42114 44886 4533
48556 40444 4678
47744 43256 4406
38777 47223 3978
53519 35481 4197
46366 36634 4864
48205 35795 4822
47819 39181 4771
48120 39880 4733
53140 33860 4493
54003 32997 4266
41433 46567 4180
50542 37458 4673
54592 30408 4012
39032 46968 4228
41790 42210 4754
49247 35753 4784
54167 32833 4178
37351 46649 4339
39734 46266 4383
52756 37244 4290
52033 36967 4519
47437 36563 4840
42631 43369 4681
46241 38759 4830
54528 30472 4155
46341 39659 4799
54765 26235 4049
45814 35186 4874
49280 34720 4784
53646 34354 4321
43207 38793 4868
53385 34615 4393
43573 37427 4889
44906 45094 4329
41813 41187 4805
49278 39722 4668
44700 42300 4726
51060 39940 4353
40022 46978 3993
43082 45918 4298
53909 32091 4384
50295 37705 4682
45229 43771 4579
44788 45212 4299
40099 46901 4127
42494 40506 4827
43108 45892 4311
54459 28541 4220
48870 37130 4786
43541 45459 4391
44039 44961 4464
38893 47107 4112
54154 30846 4313
37537 46463 4368
40897 46103 4385
51258 38742 4510
34142 47858 3803
42356 36644 4900
