78797 99579 75626
85153 92278 85973
83029 84738 91850
78232 92918 88315
77545 79441 94991
85858 82028 91634
79465 95511 85132
91739 87551 84019
84169 91554 87181
78389 86241 92450
90259 91382 82376
85333 87568 89513
90250 93159 76934
88261 88848 86672
89224 78674 89502
83099 98190 76349
85726 86501 89924
90012 91550 82534
77397 97035 83676
89004 93930 80336
75484 88781 91671
86442 96550 77285
86089 96168 79792
91468 88109 83990
75523 89321 91388
87131 92297 84659
85083 97208 77473
75136 100189 73925
74266 81370 94934
87660 90277 86045
86310 94110 83231
78817 99393 77425
84878 86869 90105
82721 91291 88105
76803 86457 92671
75792 97325 83341
84714 81991 92215
92727 80717 84289
88533 94852 78574
92663 87748 81867
73745 86224 93104
86950 78102 91322
89561 85076 87917
93211 84802 82467
73071 77090 95930
86394 79892 91657
93546 86009 80054
86673 86117 89627
76919 82677 94161
92725 88598 80178
89262 87460 86855
78167 92209 88993
80989 98589 78635
85543 90045 87703
87449 93675 82808
82805 98315 75484
77401 88508 91529
80863 86382 91771
77844 94731 86486
90247 85564 87055
77045 98009 82066
74814 76873 95847
87703 84046 89925
85193 96293 80619
91640 83921 85783
87914 84635 89487
86901 95890 79129
75912 79224 95338
92802 85182 83261
86419 84275 90641
92261 89918 78900
88935 94658 77378
83652 84522 91717
85043 96759 79635
91066 81683 87071
85661 85466 90486
86076 78442 91900
92680 82736 84211
76790 78701 95306
77979 97941 82017
88894 92865 82317
78187 93769 87440
84110 97528 78360
85488 79750 92188
92889 88454 78160
93973 84261 79850
94911 78763 75193
78791 78112 94968
73498 74879 96024
74029 94296 87363
84348 97072 79687
91637 84496 85611
92293 83870 84668
74874 99783 76820
84015 86102 90846
90519 92655 78953
92283 88539 82108
84857 94679 83511
89808 90079 84253
82230 90378 89037
93846 81347 81530
94702 81676 75719
93783 82151 81670
85316 89498 88240
85486 88496 88869
75369 88628 91762
80445 85496 92308
80114 97264 82619
88808 80604 89839
82245 95898 83447
78885 93473 87566
91973 88617 82740
76401 98343 81362
93052 87015 81309
85925 93190 84620
73548 76317 95974
76953 91061 90081
92613 89097 79107
85531 96356 80118
78858 79043 94830
80112 99233 74640
77936 99659 76383
87860 86502 88559
79004 99465 76513
76592 78133 95458
88568 84366 89118
94793 80261 77293
76294 97444 83122
76320 94941 86477
89306 87171 87028
89576 82702 88744
84244 88280 89560
75464 81138 94864
91902 89573 81790
87135 96058 77894
76988 99992 73768
88438 95121 77416
85238 85062 90882
91183 86271 85634
91843 90087 81154
84549 93276 85263
79764 96382 83973
94106 84696 77304
92690 88889 79308
92554 81268 84636
77736 89627 90814
77924 98599 80505
89976 87126 86476
89710 87564 86387
82939 92991 86400
88539 78564 90137
89475 94082 77809
90572 82859 87541
86772 95925 79288
88356 94386 80538
80801 98241 80091
78767 91100 89650
82920 93985 85361
80464 96651 83347
88835 89680 85514
88237 95213 78042
92485 84193 84210
72168 77884 95829
93444 86910 78300
76315 99726 77002
87426 88709 87433
89662 92128 82279
78787 87084 91960
91197 87290 85030
84756 88736 89091
93742 85185 80044
93670 85878 79306
83143 90670 88436
87217 89530 86973
79018 76910 94993
94078 82042 80716
74195 89604 91325
91680 86859 84572
75228 85632 93255
88852 84766 88698
75868 94015 87569
76129 87308 92334
83057 88939 89616
86677 96433 76547
81754 96388 83084
88180 87471 87758
85541 94517 83269
77787 91891 89327
77045 96290 84745
89959 92862 80693
90847 79847 87526
87392 94481 81629
85721 87330 89468
83111 96744 81649
80349 98938 77723
75523 92748 88897
86634 87066 89087
83071 87383 90517
79858 94210 86489
81509 98802 74640
77929 77347 95245
93381 81067 82830
93244 82399 83075
87310 87758 88188
84232 84943 91312
91643 89933 81861
84057 95759 82591
91684 79603 86253
80824 85842 92054
86217 90217 87144
84125 83879 91804
84523 96777 80320
85466 80697 92120
84515 95285 82935
79796 92529 88196
85740 95956 80704
92601 82871 84333
79757 99315 75518
86724 92525 84724
69825 72397 96151
74073 91161 90350
74913 100126 74504
83243 96214 82415
88213 89271 86383
92238 89800 79582
77172 80253 94870
77195 77079 95418
73693 90190 90972
79177 98576 80305
77111 79801 94991
85691 87792 89207
78270 94863 86234
79322 83841 93280
93384 86571 80245
92541 89009 80438
74966 81098 94936
83642 77325 93197
82020 85656 91770
75745 78031 95602
90919 90243 82832
76316 77787 95571
81733 91553 88297
71586 74792 96106
76278 92146 89361
92038 82893 85346
74057 81097 95026
90329 89877 83890
93936 85264 77675
87108 96117 77434
77733 99601 77076
93916 85395 77125
76776 92363 89114
80772 93184 87197
94852 80042 76403
79205 93969 86937
86318 95230 81530
82675 94391 85037
77071 82120 94314
94422 82389 78936
82325 92187 87458
82728 83936 92300
73740 88061 92218
74866 87695 92289
78632 90241 90232
89067 90858 84250
83941 89900 88652
94224 82595 79929
73856 85751 93317
92963 85680 82647
90537 88900 84540
93806 82531 81542
80780 97666 81513
81509 98807 74411
84783 97451 76669
93862 83469 81109
75781 93526 88099
91295 85765 85735
78093 92739 88531
86815 90986 86142
91617 91084 78225
82856 90178 88927
81552 96853 82463
86660 95345 80933
83757 97879 76744
83600 96978 80774
75528 93868 87764
93492 85035 81594
78349 88584 91270
83580 93334 85717
82213 98250 78320
93635 83758 81686
87748 95317 79236
81635 98059 79901
89718 93797 77532
81549 80681 93745
94507 81147 78952
92319 86084 83820
82962 97794 79240
81172 98863 76114
94385 81798 79475
87259 89142 87235
82339 80017 93652
94730 81408 77004
78296 99673 75714
86023 91725 85977
80644 98806 77981
74011 76747 95915
80501 95598 84688
81701 82363 93188
89519 93988 78109
92391 86887 83245
91759 88670 83064
91942 88184 83153
89237 94046 79519
81217 98876 75526
77570 99824 75358
94868 78167 76296
92298 88262 82370
79767 93525 87251
91668 88871 83042
80490 85197 92429
83927 97843 76147
94229 80959 80306
76622 100028 74080
75903 100014 74990
79269 91210 89431
80102 77818 94671
91884 80278 85916
80092 90841 89442
74356 85369 93457
88058 80187 90446
94133 84537 77811
76645 84833 93392
83381 95811 82943
79328 95863 84749
94508 82836 77442
77948 90477 90260
79516 98101 81254
87020 94196 82507
76800 96194 84906
78137 94867 86261
84844 81872 92177
79091 92833 88150
74057 100253 72323
89349 93837 79818
82565 84902 91930
76515 80688 94845
84661 80180 92623
85877 96607 78556
79262 83350 93491
87967 95511 77030
72646 78304 95753
89889 91239 83043
89409 81183 89128
93471 83084 82301
79427 99071 78297
82524 88165 90275
87662 94725 80868
81934 98651 75078
73852 87225 92618
87136 95213 80574
84458 92591 86025
79508 99411 73886
84365 97644 76493
75239 86804 92698
78739 92129 88904
89283 85598 87936
79033 99337 77447
90736 86912 85821
89147 91324 83724
75314 84737 93635
88125 95206 78563
82761 97348 80687
77407 97446 83042
76532 95694 85555
73090 84205 94036
80482 82593 93461
86884 94007 82882
92341 80411 85086
74692 95577 85801
73170 83071 94442
85018 91550 86716
87037 89166 87376
89904 93561 78110
85602 95547 81665
83089 97634 79732
78758 96605 83996
93385 84137 82228
72994 76027 96016
83919 96162 82063
73741 92040 89656
85825 96916 76148
84633 96400 80970
90711 84858 86873
79317 85558 92566
75437 84794 93593
83280 81054 93073
74247 83768 94115
78417 99598 76366
91410 84224 86055
94905 79177 74834
75603 95808 85490
83233 95636 83255
86796 92785 84411
90478 90925 82628
79233 97564 82391
84769 83310 91755
88847 94758 76470
91604 87186 84491
81305 92235 87858
88515 93621 81600
85996 83871 91037
77658 91002 89997
81444 90873 88961
80328 84420 92794
79600 99342 76198
89100 79330 89602
76868 88126 91816
88745 94842 77415
86105 96673 77692
80229 80824 94067
91712 88582 83215
77155 90653 90331
80009 97072 82940
79779 99299 76039
71519 73137 96117
84987 77645 92519
87897 93314 82825
74976 82045 94650
82128 96819 82191
91304 85115 85942
93232 87511 78077
94609 81878 77830
92387 89680 78452
72881 81761 94898
90407 92864 78654
83088 96932 81323
73221 83758 94196
86631 88543 88130
79528 97009 83235
85022 95921 81524
87445 95916 76558
86677 96438 76318
77549 99121 79020
89874 93433 79081
85562 80375 92118
91580 86019 85139
81392 95582 84273
86879 83992 90454
81721 98298 78850
89445 93954 78780
89359 78853 89358
80412 89646 90103
86095 84173 90876
91922 80471 85850
93900 81600 81371
83323 97326 80232
83312 88347 89882
76829 87586 92099
75341 90046 90982
80743 98619 78823
87038 80229 91180
74668 100213 73598
74373 80581 95143
87131 84702 90029
74979 76266 95848
76637 94541 86895
92966 80953 83783
87996 88912 86833
81932 94247 85553
72946 80007 95386
76925 92728 88774
86937 87325 88721
73894 88754 91844
76348 98703 80504
92003 89580 81492
92828 81493 84071
79017 97785 82049
93099 87772 79521
74979 83029 94303
79479 78034 94804
72735 75498 96052
77226 76784 95421
78786 84229 93248
83955 90294 88336
91288 79994 86861
83645 97978 75423
90672 84318 87156
80492 99124 74422
73386 87037 92738
88619 82932 89594
74223 92725 89008
86457 95918 79944
76288 97656 82763
94058 84325 79171
78975 97401 82754
94786 80796 76480
94094 82638 80537
90568 88527 84795
81010 80710 93885
86373 82786 91125
75843 83781 93941
83561 83220 92269
74442 93431 88345
90973 80386 87324
94888 78645 75875
83878 87633 90079
87445 95911 76787
81214 98574 78328
85468 86553 90012
77100 98608 80643
92702 88367 80913
93265 85324 82171
88388 88184 87078
91030 89753 83241
84187 83103 92073
92882 86843 82103
76427 92511 89021
72957 78077 95788
90441 85129 87067
82078 90974 88658
84117 78792 92962
90297 92680 80144
77367 99766 76051
92137 89511 81110
75578 98139 81807
80321 87377 91416
82754 91666 87759
86479 85889 89857
92407 89566 79061
87193 93179 83625
85919 95147 82083
77939 97474 82904
76883 97676 82685
81009 81063 93782
83901 80723 92864
78576 77377 95082
86103 92675 85009
88227 85658 88761
91116 83851 86602
79815 98843 78940
77199 90364 90504
84530 93702 84827
75903 100143 73653
72503 76410 96012
80057 99218 76184
79190 91504 89254
84536 93885 84632
89739 93524 79464
85216 87067 89852
84485 96105 81682
83436 85116 91531
90171 79155 88425
81868 78546 94008
76100 88715 91627
90063 90422 83655
81086 88447 90582
87270 87002 88686
79457 87084 91790
94536 80889 78845
82138 86658 91221
74182 78810 95593
84718 84263 91423
83910 89711 88808
80693 96355 83664
76221 98863 80012
92055 89213 81879
83819 91362 87537
90116 90981 83045
86968 79089 91283
94596 81250 78422
78218 97004 83592
91355 91179 80325
91893 83322 85496
82245 93799 85885
74865 96219 84950
78505 83046 93745
89461 92828 81564
74541 99984 75635
76765 92912 88604
84058 97801 75159
85393 95323 82255
79565 96227 84229
74151 79435 95481
93035 88043 79026
81148 97788 81013
91505 91293 77926
78527 99260 78135
73858 100008 75578
84867 89353 88602
88903 86350 87862
81248 80474 93877
90202 92049 81567
81348 84193 92625
79075 96205 84414
88097 80834 90384
91485 91255 78595
91951 90122 80535
80307 97825 81450
80030 98922 78299
82008 82141 93172
74879 99241 78893
81337 87833 90858
83944 96407 81580
93351 87183 78153
84752 95446 82539
88607 84906 88835
85502 82735 91617
89374 94225 76713
74889 96774 84182
94406 82049 79224
75415 93136 88550
80569 78565 94445
91471 81689 86495
88592 94459 80012
91612 89546 82479
79085 84329 93143
90248 86338 86671
87088 94977 81126
90785 92023 80101
94622 80211 78421
88872 94682 77907
78262 85142 92993
75037 93451 88267
88785 93865 80839
82233 95298 84205
87282 89076 87268
86162 89188 87970
74954 96460 84623
72270 74085 96090
77515 77628 95324
90635 92619 77790
77936 99788 75046
93919 84573 79819
81194 97997 80441
77479 99859 75141
77736 92889 88467
79183 99417 76583
89841 86372 87053
85243 96809 79116
94457 80096 79235
87913 95164 79382
89015 93463 81183
89184 82410 89223
87624 95417 79178
80940 98957 75744
75691 89588 91211
87598 95359 79426
77621 96163 84822
91670 82423 86089
88510 94734 79256
74426 84580 93804
77402 85137 93138
73454 92855 88893
77656 96666 84151
92739 87841 81546
77874 88447 91461
92695 88130 81373
82198 98537 75633
93316 85910 81536
80129 92867 87750
88714 89076 86126
75385 89757 91155
74753 91415 90127
89805 83879 88238
90057 81079 88435
77835 87907 91744
76526 80414 94922
76863 98390 81194
79898 84079 93043
87967 95516 76801
88513 87518 87459
75959 94700 86807
93272 86199 81363
85501 90433 87441
81075 98696 77851
79692 91614 89035
90538 90691 82823
93092 87380 80610
91139 89680 83157
84724 82139 92171
79492 85653 92484
92763 84642 83544
86419 93774 83577
92287 81246 85142
92550 86166 83287
82634 88535 90012
76405 100080 72604
77115 89617 90968
85256 97215 76012
79700 86605 91978
76828 99350 78377
87877 92428 83869
74451 77801 95735
85549 78874 92189
92357 88298 82200
80956 98972 75051
88032 94920 79917
76505 80540 94889
84131 97692 76976
86756 96040 78906
91890 88223 83224
94135 82195 80480
70760 72591 96138
76061 88175 91910
86273 96194 79318
81390 89296 89988
80752 83427 93078
86981 87657 88487
94209 83147 79598
94407 83323 76461
94714 80832 77677
87836 93615 82479
77741 97608 82715
90288 82459 87961
88861 92544 82802
91167 90751 81768
92914 87225 81609
76355 99424 78134
90422 92148 80928
91437 88482 83735
91988 81968 85620
74643 75400 95894
72162 77408 95891
88544 81417 90005
79019 89538 90560
83804 92207 86771
87298 86032 89227
74175 100149 74610
77483 93805 87560
94867 79663 76196
93490 84329 81907
77975 95871 85140
92465 87531 82597
76030 90093 90865
72552 85507 93465
89432 78074 89312
85508 79774 92176
81710 82133 93260
79793 85185 92614
90208 85024 87338
74125 93831 87927
88040 94416 80912
92564 88577 81213
76956 96049 85072
76947 99733 76735
94661 80751 78138
91061 88213 84529
87747 94048 81941
85292 94107 83939
73437 77740 95815
79302 78465 94800
94318 83399 78629
86974 82139 90951
82954 98225 76585
74246 76260 95936
84631 90986 87437
78206 98376 80987
84825 89741 88340
93877 84949 79432
84548 97122 79168
89813 89698 84606
81926 97284 81570
76765 93818 87650
74211 86412 92984
87691 95645 78072
83691 89040 89313
92280 85544 84103
81755 98568 77052
76245 96633 84375
76418 76338 95610
80738 98942 76704
80871 94438 85852
75154 99006 79618
77655 99525 77534
76556 81568 94571
75946 88022 92001
83927 97848 75918
87890 91127 85152
91944 81317 85762
93494 83736 82069
86965 82351 90901
80070 85323 92482
91806 90634 79287
81149 95239 84807
87065 86297 89244
85955 87851 89029
75923 91282 90104
93449 86032 80644
92233 87375 83234
73425 88401 92046
82483 97728 80030
91365 86950 84997
80169 78749 94533
86435 84778 90399
77484 87297 92121
89602 91765 82805
83538 94276 84735
88078 93004 83014
84694 84625 91281
93693 85996 78624
91739 85298 85181
87512 82696 90464
82936 98268 74725
89851 93315 79763
78581 81845 94144
84039 97626 77817
90990 86346 85873
84244 86768 90408
84129 83725 91863
78367 81310 94353
73335 100255 71537
83568 79537 93183
94182 82882 79968
93815 85737 77101
86511 80859 91521
76285 78412 95459
79877 99132 77317
89391 94169 77821
93561 85132 81160
79592 88364 91087
81086 98403 79337
76785 83880 93767
75739 76059 95741
73805 91617 90027
88777 82444 89605
90604 92084 80565
92325 82101 84982
92679 88404 80966
86776 83164 90782
78014 97715 82492
89535 79465 89132
92739 88859 78659
78697 87622 91701
85604 84968 90750
86637 94604 82260
93546 84723 81625
92833 87920 81073
78067 98168 81498
73890 92405 89316
73850 89043 91671
87342 85291 89591
89244 85058 88219
73401 78754 95652
