32213 29888 29841
29149 31287 30667
31540 32058 29015
30554 30340 30617
28852 33281 28569
34880 27878 25649
31793 32409 28011
34019 29980 27636
31261 29412 30430
30954 29833 30581
29100 33681 25942
30143 30106 30808
28262 31672 30661
28714 32548 30014
32905 29410 29444
29852 31387 30482
33636 28708 28692
30901 33143 26988
28689 33699 26024
28448 33115 29252
28386 33012 29474
27524 30528 31087
32828 29552 29487
34214 30140 26844
34852 28418 24999
29775 33451 26733
34009 30139 27481
29618 32279 29972
34426 28996 27544
32152 29733 29896
31936 32052 28490
29388 29715 31064
34638 29484 25531
27683 31223 30867
33082 30500 29171
29391 32898 29396
27892 33716 26360
34920 27835 25214
27299 33717 25725
32653 30315 29506
27218 32000 30549
34977 26420 24334
31092 32367 29076
30568 33074 28130
33458 31115 26094
27347 28993 31250
29006 30590 30983
30426 32816 28851
30315 32723 29134
27980 29518 31197
33267 31241 27832
34708 29020 26341
31635 32654 26643
32446 32066 26134
31840 31618 29313
32262 32159 27643
30360 31970 29925
29418 33065 28965
32293 31866 28307
30047 33225 28050
34210 29176 27891
27248 32484 30214
32919 31330 28318
34668 28607 27214
27209 29321 31223
34958 27452 24718
27932 32359 30263
28684 32064 30349
28043 33684 27344
31104 30888 30247
30813 32223 29453
28248 30901 30934
33822 30687 27360
32661 31571 28287
29927 32458 29641
33627 30527 28152
30284 30433 30705
31931 29362 30068
31864 31000 29810
34034 29543 28060
27577 33415 28249
33014 30890 28836
