25827 32177 29270
31961 26923 28848
29907 26588 33135
28712 30525 31807
26870 28485 34003
28934 27768 33493
31986 27244 27770
30121 30596 27400
30531 30088 26573
31337 26980 30970
30619 29976 27461
26637 30043 33237
28743 31293 29718
32147 25373 28465
26002 31804 30919
29533 30545 31035
31841 25611 30035
29092 25664 33712
26688 32229 27027
32121 26799 27206
30416 28848 31765
29809 30878 28892
28503 28546 33374
27022 31403 31695
30572 28600 31645
25338 30288 33138
25393 27898 34472
30015 27081 32928
31068 29337 27816
27018 26981 34452
31367 26003 31065
25546 29706 33637
25157 31033 32343
25782 32368 25597
31235 28740 29908
31636 27755 29600
27418 31718 30215
26271 32305 27899
31002 29433 28651
29682 25897 33306
28073 31759 28856
26274 27735 34377
30134 28390 32413
29144 29115 32766
29351 31231 26597
25409 28923 34159
29382 26954 33527
28597 30151 32426
27020 26065 34585
29150 30735 31039
25663 32382 25474
30494 30096 28154
31985 26343 29406
28466 31629 27768
29744 31019 27581
26292 26789 34630
31255 27583 30885
30486 28264 31978
26744 32166 28501
29262 27740 33292
30714 29611 29924
26300 28274 34219
27144 32075 28442
28429 27285 33932
28205 26228 34198
30687 26750 32385
25282 32250 29030
32160 26044 27387
28859 31417 28752
29529 30951 29614
26222 30649 32813
27430 28901 33649
31481 27712 30341
30552 29830 29954
27739 27297 34251
27825 31160 31536
24140 32491 25473
24128 32435 27097
26848 32190 26415
25828 26065 34741
30440 27820 32263
28636 31563 28039
30546 29471 31033
31457 28292 29783
24860 32434 26682
23844 27494 34546
28661 28206 33463
27539 31953 28299
31454 28373 29414
30032 26204 33031
25555 26503 34711
27984 29650 33077
29619 27800 33035
32072 27202 26573
28311 28660 33406
26607 29345 33718
25871 28731 34151
28026 31386 30570
30313 30164 29776
30831 27482 31756
26999 31988 29438
27018 31809 30274
27845 31558 30195
28633 28118 33515
28299 31703 26747
29917 30326 30940
32105 25680 28967
30533 30018 28658
26374 29535 33661
26049 32177 29205
32120 25898 28842
31855 27808 27657
28476 31607 28756
24916 32371 28156
27309 30746 32377
32178 24552 27272
29965 29135 31994
32146 25458 28433
29226 29773 32203
27736 31899 27564
