74909 65091 7865
77008 61992 7841
63005 78995 7189
66011 73989 7722
68302 76698 6799
79036 65964 7389
51497 82503 6474
68603 66397 8081
68841 76159 7176
67340 76660 7325
86109 53891 6973
77828 61172 7803
68320 64680 8127
68665 71335 7839
76030 63970 7836
65407 73593 7768
77452 63548 7742
70860 65140 8070
75275 66725 7740
77849 57151 7854
77131 58869 7887
72148 69852 7756
67231 74769 7601
87197 49803 6804
68100 71900 7817
65925 77075 7387
87530 46470 6729
87071 48929 6862
80268 65732 7196
56487 81513 6769
88314 46686 6247
63257 74743 7715
83247 60753 7127
71731 74269 7167
80185 56815 7696
57332 80668 7044
56491 80509 7116
64681 78319 7197
81660 58340 7528
62911 77089 7519
85974 50026 7072
82421 63579 6925
73957 63043 7998
73881 72119 7287
73467 63533 8007
76641 68359 7449
69262 60738 8177
88057 45943 6511
66386 69614 7991
70121 65879 8069
85245 55755 7062
86824 54176 6531
78374 65626 7502
88454 43546 6135
82815 58185 7382
71354 63646 8090
72745 65255 7987
59087 77913 7468
86171 55829 6709
78463 58537 7805
65602 63398 8165
81814 63186 7184
64886 72114 7878
88400 45600 6111
85974 55026 6931
68368 72632 7743
72599 60401 8094
63965 74035 7759
86157 54843 6881
68663 61337 8177
51407 82593 6259
79781 67219 6820
86309 53691 6915
75631 71369 7069
62474 71526 7914
71156 74844 6980
59590 80410 7009
62320 73680 7794
84861 57139 7063
64120 78880 6999
71903 60097 8123
69903 65097 8099
77745 60255 7832
87303 52697 6413
64033 76967 7502
55862 81138 6959
61769 79231 7236
78521 53479 7820
75884 59116 7954
81220 61780 7426
76265 65735 7719
77815 69185 7081
71555 62445 8107
79925 65075 7348
61937 78063 7433
87988 47012 6551
86649 50351 6950
65986 78014 6836
86756 52244 6842
69831 69169 7927
57741 81259 6784
77453 67547 7436
87476 51524 6534
62887 77113 7517
88110 47890 6394
76648 66352 7635
73202 67798 7828
72531 72469 7442
85367 57633 6870
86411 54589 6775
75787 64213 7843
67350 75650 7498
82360 61640 7235
75498 67502 7660
63426 70574 7958
82524 62476 7092
67722 65278 8119
75673 59327 7964
56885 81115 6917
63791 78209 7321
71458 61542 8124
88407 44593 6194
71671 66329 7994
64743 65257 8132
83406 55594 7386
56236 81764 6631
50575 82425 6533
49301 82699 6320
71094 58906 8148
79957 64043 7435
54986 82014 6608
57925 81075 6868
66292 77708 7074
79478 66522 7251
88422 43578 6188
80416 64584 7317
80825 58175 7624
83949 53051 7344
76209 64791 7785
86884 50116 6893
68066 63934 8144
75592 56408 7985
86443 49557 6991
73960 64040 7966
65141 76859 7468
74816 62184 7971
79650 66350 7244
65939 68061 8052
86115 50885 7047
87719 48281 6657
74075 67925 7755
53020 81980 6732
82505 55495 7493
83827 61173 6871
51429 82571 6368
65708 76292 7511
86791 54209 6572
83344 52656 7419
80663 56337 7665
64056 70944 7943
52541 82459 6392
66690 77310 7199
60779 79221 7271
61471 76529 7584
72351 68649 7827
80961 57039 7630
85929 56071 6817
81266 61734 7422
86823 53177 6747
87229 51771 6677
70311 69689 7877
72066 62934 8081
77208 68792 7299
88137 46863 6443
88061 47939 6444
79614 66386 7246
80891 62109 7453
69020 69980 7914
82176 57824 7483
78791 61209 7724
64319 74681 7702
88268 44732 6379
70380 68620 7935
80979 63021 7367
58721 79279 7311
60316 75684 7652
68077 58923 8194
83697 57303 7279
77890 66110 7517
80602 62398 7474
67313 73687 7703
66449 68551 8030
82599 53401 7496
76115 60885 7924
68827 75173 7445
63989 79011 6898
87283 52717 6457
85083 58917 6533
55099 81901 6665
81237 55763 7626
65979 76021 7531
86808 51192 6882
71401 74599 7088
68589 75411 7429
64198 77802 7374
82683 63317 6854
80377 58623 7654
84022 58978 7116
77211 57789 7889
86665 54335 6668
64548 78452 7169
86394 55606 6494
69619 71381 7788
67009 63991 8150
80007 54993 7718
81417 64583 7073
72079 72921 7433
79253 59747 7725
75250 63750 7897
75604 69396 7461
63550 72450 7866
76307 69693 7300
70259 73741 7508
66032 77968 6896
70329 67671 7990
64776 75224 7650
87683 47317 6683
76011 59989 7940
84940 59060 6771
70734 70266 7811
63339 78661 7260
68296 60704 8186
79694 58306 7717
84922 55078 7166
60725 80275 6930
59276 78724 7384
63943 73057 7828
74959 61041 7985
57994 81006 6894
77227 65773 7619
82484 59516 7376
53720 82280 6493
56310 80690 7072
75907 61093 7933
72669 64331 8020
77850 60150 7827
66541 76459 7439
55098 80902 7029
75476 65524 7804
69759 75241 7325
67827 75173 7525
75493 68507 7582
59536 77464 7507
81652 64348 7046
79229 61771 7666
71418 71582 7654
81313 56687 7605
55255 81745 6742
73527 59473 8063
76436 59564 7920
72376 73624 7232
68562 64438 8130
74072 69928 7590
68415 76585 7028
85013 58987 6715
76732 67268 7552
54907 82093 6493
85721 52279 7103
83246 56754 7372
74892 72108 7013
49231 82769 6190
67206 62794 8173
68907 62093 8166
70776 68224 7938
60794 80206 6956
71874 63126 8084
85059 58941 6618
84490 55510 7223
84463 59537 6931
80977 61023 7508
79726 67274 6889
78731 64269 7571
64926 74074 7739
81905 57095 7532
85335 54665 7106
69542 59458 8177
62140 79860 6819
54424 81576 6860
57585 80415 7105
87945 49055 6450
70541 64459 8099
65361 76639 7485
85569 56431 6933
77232 62768 7793
72826 73174 7257
65575 66425 8103
61469 74531 7737
76261 61739 7899
64997 63003 8171
67048 67952 8047
60715 80285 6925
81256 63744 7242
62526 78474 7345
86943 52057 6783
66384 72616 7821
77674 55326 7872
88500 43500 6041
65026 64974 8138
82603 61397 7208
52604 82396 6526
74210 65790 7879
74573 64427 7916
59677 79323 7287
86315 51685 6997
70045 61955 8152
84475 57525 7119
79234 54766 7773
80357 60643 7594
88201 47799 6244
82747 62253 7062
86167 49833 7040
59431 79569 7249
66436 77564 7133
84912 59088 6791
68548 69452 7961
62129 76871 7550
76926 63074 7804
73104 62896 8040
61793 73207 7828
81272 57728 7586
63005 73995 7770
88334 44666 6320
71608 69392 7825
72365 63635 8053
68367 75633 7412
64976 69024 8020
73667 66333 7889
72800 72200 7447
83808 56192 7306
72205 58795 8118
77713 68287 7294
56711 81289 6855
75120 65880 7810
85154 56846 7014
64601 75399 7638
54178 81822 6764
74273 61727 8009
61862 75138 7692
65859 77141 7380
70829 59171 8154
69147 59853 8183
67325 59675 8198
85664 50336 7119
67894 69106 7991
77169 66831 7539
79764 62236 7595
83549 61451 6928
86890 54110 6413
70065 70935 7799
53691 82309 6404
58918 81082 6617
61561 78439 7389
81690 60310 7450
84891 53109 7224
69801 74199 7488
70922 71078 7732
84461 54539 7265
48184 82816 6188
85477 51523 7147
70345 66655 8036
62598 76402 7585
81078 59922 7541
79805 67195 6730
82314 54686 7520
63965 79035 6800
84280 58720 7075
61298 74702 7725
85409 51591 7157
81027 58973 7582
81807 62193 7295
85610 53390 7105
62416 77584 7477
85439 57561 6850
67014 69986 7968
81407 59593 7514
82416 56584 7487
84379 56621 7190
50282 82718 6258
74235 66765 7823
75965 60035 7942
64624 76376 7547
77085 64915 7698
81645 54355 7588
78260 68740 7065
62646 79354 7098
70977 73023 7536
56780 81220 6881
68533 74467 7562
68180 67820 8039
65381 72619 7838
69674 66326 8067
78870 68130 7028
64577 67423 8075
73844 61156 8034
70044 59956 8167
86303 55697 6624
71714 70286 7749
68067 73933 7640
85763 57237 6667
80373 65627 7187
87510 50490 6626
59057 80943 6782
62118 75882 7636
74244 70756 7462
88076 48924 6220
75701 67299 7657
86415 51585 6978
57631 81369 6706
73369 69631 7681
58641 80359 7076
71054 66946 7995
76815 66185 7631
79681 60319 7674
72452 66548 7944
48182 82818 6146
75448 70552 7300
65862 75138 7631
66817 71183 7905
72418 70582 7675
87297 52703 6427
59274 80726 6898
80359 61641 7556
87124 52876 6594
70672 72328 7635
68350 71650 7827
68868 67132 8052
67884 61116 8186
74808 70192 7466
54044 81956 6707
60650 75350 7677
81815 61185 7372
70453 62547 8134
76249 57751 7942
57111 79889 7224
71567 64433 8066
69571 68429 7978
87554 49446 6670
47149 82851 6098
82032 56968 7521
75596 62404 7922
83615 58385 7237
51448 82552 6407
87994 49006 6400
53783 82217 6582
67646 68354 8026
82981 57019 7400
78609 56391 7809
87792 50208 6431
80602 57398 7655
76359 62641 7865
59895 77105 7538
87474 48526 6744
87628 49372 6641
75154 69846 7465
72139 73861 7215
87675 51325 6371
71110 74890 6911
61031 79969 7036
49338 82662 6351
57224 80776 7017
60420 76580 7583
71531 58469 8138
59124 79876 7191
70908 74092 7392
65089 68911 8024
51678 82322 6586
74241 59759 8031
84666 59334 6882
67768 76232 7365
52836 82164 6648
63030 75970 7616
81615 62385 7312
52951 82049 6705
65496 69504 8000
57774 80226 7149
85170 51830 7189
78216 59784 7808
79557 56443 7743
66889 67111 8076
72376 67624 7889
83285 61715 6974
87923 48077 6543
73129 69871 7680
73638 62362 8027
67303 60697 8195
72354 61646 8090
85586 55414 7003
66097 59903 8204
82804 63196 6698
72154 61846 8095
84202 52798 7314
73742 70258 7591
71375 64625 8069
83959 61041 6815
80056 58944 7675
84892 58108 6973
49235 82765 6249
82738 63262 6785
60042 79958 7123
70416 60584 8158
85025 53975 7187
60564 76436 7595
78690 57310 7800
83838 60162 7045
71597 73403 7419
74547 72453 6881
70151 71849 7715
71229 74771 7036
65206 77794 7293
68309 76691 6843
72276 71724 7573
63032 76968 7529
71633 68367 7887
85806 57194 6413
72393 65607 7991
68974 76026 7204
64802 77198 7440
71650 61350 8121
70427 59573 8161
80302 63698 7413
59018 80982 6743
67989 70011 7944
84214 60786 6653
80320 62680 7493
74662 63338 7950
61575 77425 7507
81013 64987 7119
67748 64252 8140
79499 63501 7537
75857 65143 7797
62422 79578 7025
87026 50974 6812
66766 65234 8126
86404 55596 6376
72949 58051 8092
77280 64720 7692
63179 70821 7948
69258 72742 7690
70762 63238 8115
66823 77177 7227
74539 72461 6812
66134 77866 7005
78952 58048 7775
82154 55846 7528
84682 56318 7147
50344 82656 6348
76496 68504 7451
79738 67262 6880
88400 45600 6105
74273 68727 7678
63527 77473 7459
60487 80513 6790
87688 50312 6517
73418 58582 8074
59466 78534 7404
83105 53895 7441
81466 59534 7509
70568 62432 8133
84171 53829 7311
64535 73465 7793
66663 61337 8193
88198 46802 6379
81390 60610 7475
66047 71953 7872
76938 61062 7870
85774 56226 6880
65346 70654 7952
87890 50110 6312
76006 66994 7650
81343 61657 7415
82688 60312 7287
77626 62374 7778
68368 76632 6955
83848 54152 7349
87809 49191 6546
54355 81645 6834
61390 79610 7145
74939 71061 7297
82236 57764 7477
76990 70010 7086
65194 71806 7893
58007 79993 7200
68862 63138 8151
72947 69053 7760
78058 62942 7717
82130 53870 7542
73208 65792 7941
70333 63667 8118
65934 64066 8155
77878 67122 7424
67943 71057 7886
65993 74007 7721
87785 47215 6641
57330 79670 7258
79402 64598 7467
60041 77959 7463
73442 67558 7827
78133 63867 7662
72692 73308 7252
56184 81816 6534
65013 65987 8114
79498 67502 6938
66259 70741 7937
84164 60836 6725
81571 63429 7211
78989 67011 7267
65480 77520 7339
86749 50251 6931
86580 52420 6895
78470 60530 7769
67212 70788 7920
63175 77825 7423
46126 82874 6085
69767 63233 8137
87331 48669 6788
57501 81499 6581
71291 65709 8037
74178 64822 7925
69504 67496 8029
83250 54750 7416
52981 82019 6717
82099 58901 7455
74851 59149 8010
54630 81370 6921
55558 81442 6860
48226 82774 6240
68837 64163 8132
87843 48157 6593
66641 73359 7755
68080 64920 8124
65951 66049 8112
88027 48973 6352
72477 64523 8023
68392 59608 8190
80068 60932 7615
70431 74569 7365
80622 54378 7676
