85223 87125 82857
77274 93861 73818
80805 92621 74422
76072 92295 80761
76961 92370 80222
85562 88296 80111
90226 79232 75492
75286 93405 78022
88985 82804 78898
88151 85826 77532
83506 88349 83074
82041 92040 74109
83698 86634 84726
82714 90753 78887
75525 92300 80906
73349 94511 68923
79310 84248 88104
85704 87866 80754
79001 93166 75564
73272 75668 90934
78241 89261 85305
75710 93826 76060
75903 83826 88894
70708 75359 91196
85846 87869 80459
74945 78275 90540
76450 79449 90107
87419 81251 82962
79413 93143 74644
79134 77858 89277
88373 81787 81292
87831 85168 79961
74725 82543 89522
82799 90936 78070
86550 88317 76604
84532 83884 85576
75011 83967 88889
88370 84788 78649
90093 81294 72878
81555 92426 72607
81565 88396 84669
71660 77300 91022
77444 90685 83572
71242 94617 71538
81459 85957 86569
76546 92880 79031
80476 80562 88613
71320 74314 91176
73830 91960 81845
75685 93288 78229
74500 82197 89666
78317 93370 75476
83007 90874 77851
90435 77380 74647
84248 87590 83327
88714 84923 76093
81313 80728 88191
80491 84122 87737
90589 77024 72825
83463 89858 80329
89698 82571 74731
76784 89501 85291
82399 83684 87067
86947 84799 82639
82683 90381 80033
79991 87593 86163
70783 94570 72153
87747 83202 82069
81840 90844 79968
86536 86229 81846
86638 84402 83352
72494 79122 90657
84362 90564 72500
82787 81892 87240
73898 94149 75086
84890 81394 85756
70346 94745 68659
88367 83659 80170
85221 86758 83278
86809 80717 83753
78350 86942 86974
74472 94374 70569
78826 79683 89361
78839 93003 76559
79591 80322 89016
76084 80779 89928
87311 84739 81928
83923 88170 82855
80746 88888 84602
89066 84036 76052
77468 81292 89539
85345 85619 84068
75842 93393 77780
78993 92476 78345
73465 92102 81583
79218 91424 81151
70568 76135 91133
75287 79423 90326
74347 92648 80302
89280 81223 79256
80068 93093 73149
78885 93488 73035
81834 91615 77217
83757 91015 71929
85804 81018 84918
72728 94586 69171
80807 86964 86279
80568 82157 88369
73859 93205 79033
83288 90986 76406
87155 85485 81405
70692 75811 91159
79345 88762 85488
87063 87810 74146
75539 82537 89487
78245 93271 76073
72334 78685 90760
86149 85741 83056
76532 86098 87701
73773 92193 81404
85161 86932 83145
87037 87848 73792
78004 93729 71696
82327 91987 72772
85901 85662 83469
88441 79985 81322
76417 91192 82976
73579 92499 80765
84351 90527 74434
85643 86906 82491
88463 80355 81269
79210 89124 85149
79596 92001 79216
90543 78036 72906
75827 84811 88420
79469 92989 75542
70770 94392 73679
82472 88676 83570
82922 90691 78668
88933 82104 79944
83546 87110 84505
78307 90096 84221
71661 94502 72709
81398 92415 73942
82570 91664 74652
70434 94679 70761
76376 81538 89712
82258 91065 78553
76185 82946 89270
79295 92694 77199
76710 93640 76099
90642 77403 70477
86738 82226 83777
73801 93637 77818
79872 91945 79046
76221 90369 84294
77870 78476 89798
81260 92042 76556
77883 87066 86997
83321 84976 85964
74873 93623 77421
80348 79257 88705
82410 91948 72533
87038 87692 76582
75723 85571 88023
84523 88150 82095
80824 82706 88115
75926 81079 89890
74020 78802 90618
88041 86352 74777
90525 78220 73090
74809 80022 90307
81119 79302 88317
73579 81364 89980
81794 92002 75605
76227 90172 84537
76707 76577 90220
77754 77975 89854
84624 85571 84728
73439 79344 90566
77062 84116 88631
89794 80938 77101
80113 91621 79841
77735 80985 89552
87702 84751 80942
84960 90035 74185
85310 89652 75842
83143 91425 73559
77529 83992 88608
81023 84388 87430
81776 88848 83906
76580 90599 83960
73346 93982 76343
87585 85864 79693
77000 85834 87794
83648 86456 84895
89878 81210 76506
78524 89823 84497
78596 90596 83271
71989 94638 70622
84214 83367 85961
77145 80512 89792
78621 87899 86339
72020 94590 71482
74843 91493 82653
78879 88945 85454
90682 75764 70758
90118 78663 76448
85858 88735 78220
85207 83956 85042
77550 86227 87500
76429 76365 90305
79465 92830 76363
78418 93533 74295
80247 91165 80921
88949 80485 80236
80426 83000 88187
72144 79359 90598
88658 84648 77382
76885 85340 88059
70612 94651 71153
86664 86285 81477
88477 83717 79699
81646 91643 77481
85745 86555 82757
89953 81762 73886
83630 90982 74862
75011 92976 79396
88366 85226 77724
82080 87290 85379
88741 84987 73666
85000 90005 74025
77750 92667 78901
89381 82188 77915
74714 93783 76836
90716 75935 69835
81314 87830 85383
74803 83436 89152
71756 94439 73227
82499 90727 79300
85043 82640 85515
78970 85062 87853
73066 94540 70384
89565 82084 77024
89893 80488 76948
81956 85513 86525
76557 79789 90043
76889 83016 89132
79340 93260 73965
88800 83483 78722
78821 92784 77500
73666 94466 70746
87383 86581 78906
74567 76691 90719
76310 93947 74425
78028 93717 73254
90130 80995 74241
79091 90534 83163
74319 94248 74129
79046 93025 76174
79250 87700 86300
83693 89161 81430
83112 91481 72210
82716 85434 86148
74368 91261 83068
77479 78529 89930
82825 91340 76040
73308 91846 82061
81910 92228 72359
84643 88804 80620
78446 93314 75591
72605 77522 90931
86779 87417 79049
87110 86567 79863
87057 82350 83332
83682 80471 86687
78825 81525 89122
89231 83246 77055
81740 85299 86737
74435 80748 90154
78723 93539 71836
75985 90476 84164
73825 93865 76808
76388 82190 89529
90519 77652 74052
82531 91769 73889
78486 92395 79120
76336 86726 87331
82779 89986 80895
81258 90251 81990
77694 80098 89726
82798 91685 72710
84827 90173 73341
86528 80541 84081
75215 89925 84876
74902 91854 81979
86906 85070 82472
83487 81291 86811
80012 89026 84881
84125 90292 77266
71922 75715 91107
80053 92803 75303
87855 82932 81978
88594 84064 78774
80686 90111 82750
80303 92909 73847
74370 91608 82469
86232 88725 76449
76712 84353 88572
77714 93696 74412
69314 94751 68839
82980 86582 85298
82428 89066 82991
71383 76165 91112
78244 83305 88762
76028 85716 87939
74015 94029 76020
76826 93429 76936
78416 91484 81596
86394 88392 77531
82564 81264 87438
84775 89613 78219
79345 90221 83526
87073 80234 83435
82514 82421 87304
76003 79377 90204
86660 86996 80324
74526 92658 80246
85639 89370 75162
76926 92896 78754
85148 88775 79755
83763 85900 85172
76110 94054 73410
77611 77385 89906
89458 83124 75682
85349 87596 81880
89126 84187 73936
70127 94746 69764
81185 79423 88283
77421 84222 88520
88180 86093 73349
89760 82420 73215
73830 80747 90169
76230 77544 90352
82185 89929 81700
81012 89073 84160
76509 92461 80216
85757 86920 82303
89409 81578 78394
86816 88050 76008
80116 87012 86491
76799 84929 88275
77530 89759 84932
86998 86378 80524
76786 91639 81968
86640 87850 78444
83406 91063 75369
77786 92996 77777
72158 94198 75165
88403 85603 75163
86260 84491 83839
75827 93544 77248
84384 87142 83689
76530 93485 76987
81003 84874 87237
86225 86150 82521
78058 81765 89299
84448 81937 86071
78901 90094 83950
83639 80035 86722
87895 83314 81717
78418 77960 89580
79004 82323 88854
78573 91316 81870
85781 84795 84155
75511 91076 83337
86301 85265 83277
84106 80456 86375
76117 84031 88781
86754 85546 82251
84952 86292 83931
85590 88400 79793
83251 90825 77424
83671 89796 80110
90523 78747 72033
88387 79864 81437
88940 84494 75296
87457 86120 79668
79244 81400 89016
85941 85803 83275
90275 78109 75580
78453 90539 83429
88586 82806 80404
84445 86813 83976
80024 92851 75093
86669 84855 83065
82000 90448 80790
75143 79882 90285
71887 94298 74377
87899 84420 80777
87789 86752 74491
77399 90013 84604
73875 93416 78459
74151 92346 81019
78587 92750 77878
80331 92488 76357
73249 93409 78597
74189 93857 76775
77579 93328 76595
78110 93348 75861
85122 81863 85512
77348 93701 75038
86818 84239 83169
86169 87141 81322
79948 86256 86989
80495 92143 77483
81088 86831 86230
79619 86701 86844
79902 92537 76927
80811 81127 88401
71936 94657 70176
81939 81452 87816
90256 80172 74159
87041 81340 83449
84054 85346 85303
72170 75535 91080
75713 90944 83522
75155 86034 87748
86965 84805 82600
86659 87304 79670
79175 92141 79237
75236 89672 85126
74273 83695 89028
82890 89636 81558
78503 85186 87876
75661 78229 90418
88740 84635 76814
83369 87803 83943
83690 85486 85476
87785 81398 82364
73768 82066 89731
70026 74387 91281
84018 90719 75039
85621 89449 72754
79612 82402 88640
73320 94455 72253
81707 86426 86188
86271 87608 80077
86439 88605 74430
86862 88076 73675
81546 87310 85660
74422 93411 78314
89306 83600 75461
77979 91139 82602
76575 93852 74827
90605 77885 71390
83495 83022 86582
80681 90221 82543
74734 93873 76402
90456 77957 74451
89390 83628 72716
73239 94263 74392
87010 85301 82005
85773 88552 79037
79350 80986 89064
80192 89695 83880
76131 93602 76780
89652 79501 78251
87634 85499 80126
76918 93594 76085
76430 93206 78057
81151 82419 88026
75180 90897 83642
73747 79755 90450
88839 84170 77409
90653 77231 71185
85443 85094 84307
85604 84567 84437
87931 86415 75716
89736 78251 77959
78093 82671 89019
85025 89155 79059
76870 86798 87281
78959 83517 88507
73273 92320 81172
78752 80278 89369
76845 93991 71833
79563 88117 85939
86374 83588 83986
87367 83005 82809
84094 90107 78151
76505 76990 90276
78921 80620 89269
90372 77685 75046
86606 85708 82364
78991 89699 84474
77155 79591 89944
80725 92500 75515
86652 86958 80424
77401 91875 81233
84130 89868 78877
78561 81061 89324
83467 89535 80989
82898 88137 83952
86329 86820 81490
89667 82123 76269
89199 83928 75198
80200 88292 85578
77297 84821 88252
85407 89621 74212
87656 84246 81650
70967 94730 68872
75638 76014 90544
72464 93254 78999
79088 80901 89174
73463 76976 90881
83949 87685 83533
76287 94111 71586
73848 91143 83268
77178 77515 90062
71875 94390 73619
80039 81314 88755
77305 79760 89888
73279 78907 90669
90259 79819 74901
87163 83746 82891
84382 84553 85474
88601 83407 79620
79829 93169 73320
88177 81672 81702
79845 86055 87126
89289 79869 79325
77083 89606 85182
86188 88106 79040
76111 84357 88631
81909 89495 82786
74998 84238 88750
80832 90938 80867
75913 85222 88204
84554 86325 84251
90060 79390 76497
89397 79254 79063
76200 80231 90022
88326 82523 81205
86384 82283 84205
75873 92856 79405
78121 88589 85977
75846 93677 76644
79492 85173 87657
86210 87809 79748
88613 84480 78030
87118 87078 78629
79106 91637 80743
82806 89364 82153
76570 88470 86130
81959 84051 87146
89480 83303 74453
89825 79215 77586
90659 76565 71253
85872 84316 84294
82461 90577 79809
84208 88863 81223
81277 89727 82999
86598 87389 79675
89375 82675 77233
90721 75870 69590
90014 81256 75244
79172 87987 86135
87766 80549 82502
84665 90118 76123
79065 78686 89300
89647 80337 78142
88743 81548 80609
89173 81668 79353
73720 91932 81900
79505 79066 89098
82126 88611 83965
82944 88716 83070
74775 80969 90078
78433 93599 73681
81246 92590 71321
88891 81660 80257
90407 78858 74490
76453 83312 89079
83018 91326 75192
80320 78691 88721
75889 93067 78831
77955 89565 85052
74162 82983 89374
78158 83793 88569
78880 84289 88202
71878 94669 69713
73403 93812 77083
74612 93093 79189
80689 92826 72990
79000 93263 74836
88399 84329 79220
84544 80719 86036
78212 79699 89612
84927 89687 77312
72325 78307 90823
89019 82630 78956
87189 87399 77103
90171 80976 72991
89423 81098 78736
87518 87140 75147
74699 91440 82763
82979 83758 86682
81373 90541 81221
85958 84353 84198
80950 85043 87186
79675 91025 81681
85701 86353 83042
77551 82445 89216
87364 87285 75989
75373 94242 71591
85189 85978 83963
82204 91220 78080
82764 86549 85474
81595 87697 85334
84988 87520 82579
73790 79221 90572
84225 89232 80419
86053 85186 83690
78154 88023 86362
78113 93579 74619
79043 82077 88907
85021 84835 84813
75156 94289 69554
75538 94020 74779
88289 80897 81625
85631 83152 84890
89170 83101 77678
82310 88040 84491
90712 76198 69864
75123 84943 88374
87283 86557 79337
82588 91300 76935
83346 88034 83675
79686 79472 89004
82440 91375 76948
84600 84797 85178
72909 91963 81854
75635 83460 89085
87165 87631 75718
88419 85631 73971
74922 76060 90666
89984 81569 74743
73189 92825 80091
70493 74263 91258
83717 91030 72781
77813 80305 89660
90078 80699 75464
88374 85593 76101
81217 91692 78051
81392 84240 87341
77041 93967 71022
79790 88326 85694
89848 78627 77564
79660 80982 88947
77699 90606 83610
79600 87463 86359
71267 94636 71275
81996 80228 87808
89908 79680 77126
83496 90911 76011
77702 91961 80850
73389 78261 90762
81691 82554 87725
77370 92507 79658
77340 82080 89364
85791 89105 77009
87169 87644 74916
84607 88422 81500
72412 94512 72478
82520 91138 77817
77770 93790 72223
77141 87755 86646
86583 88426 74431
90693 76736 70330
89810 82233 74615
79122 93422 72043
83322 81382 86916
