90002 82944 95727
90338 87338 90310
83913 84785 95922
89270 87284 91109
82528 93152 80072
97851 82183 88299
80473 91921 84908
98927 82441 82939
82463 82037 97660
89755 91176 80593
93854 79935 95428
84192 80657 98320
88401 89028 88485
95585 86751 83361
87869 80605 97905
97860 77786 92328
85638 84118 96109
90781 89514 85401
81284 71146 100698
96761 83198 88994
96822 76461 94227
87251 81928 97284
99838 75701 89253
92270 89311 83743
93701 88501 82669
84238 83221 96926
89157 91615 77977
92245 81342 95662
86881 83664 96186
88990 90277 85313
88651 79106 98388
93729 88483 82633
92058 87383 88652
79645 91671 85629
82638 83587 96760
84206 85227 95491
87524 74824 99600
100758 78156 83317
87455 77564 99190
88492 79624 98214
85630 89985 88126
93311 82573 93844
86540 92430 80413
96813 84051 87592
81725 92264 83837
81748 92361 83543
100445 74693 87689
90029 91138 78908
84773 90464 87512
89488 79881 97786
81854 72207 100637
89981 91056 80582
83928 92798 81312
90207 80477 97221
101534 75783 81997
101450 76004 82550
83593 86335 94472
84198 87864 92393
81741 91325 86366
87678 75510 99484
97462 84045 86158
83366 91612 85197
91853 81961 95470
92126 73125 97837
94957 87011 85019
99749 79183 87200
87935 87246 91917
96206 84386 88264
80095 89635 90224
94619 85832 88320
88913 84248 95021
87995 76092 99323
81345 92962 81223
93284 77253 96882
98520 77356 91486
90932 90320 82598
92651 82749 94223
90128 86078 92287
87109 88863 89622
89735 82222 96392
97844 75292 93133
89199 91582 78635
84805 74715 100198
96368 86029 81776
101648 73120 82861
98182 76817 92280
93749 78147 96387
88408 91957 78344
89746 86004 92648
98484 83218 82388
96525 78401 93901
82654 78729 99274
95723 76509 95261
91216 89455 85018
87544 80277 98136
82323 81620 97879
98762 76750 91359
96007 75217 95174
94699 85563 88677
85947 91806 83428
93003 76068 97237
81736 72668 100633
88487 91569 81783
85254 74508 100137
77740 93710 72674
87412 91712 82431
93414 84203 92099
94796 78546 95467
88550 86079 93273
97436 82407 88844
99164 81198 86154
83182 93303 78166
101983 72283 79956
79195 93562 76564
89696 90383 84353
93899 82574 93329
87400 71657 99707
83143 76066 100157
89645 90674 83549
81621 73634 100571
93449 81527 94645
101171 75136 84859
77325 93668 74426
84931 89189 90052
95726 83090 90762
87154 82821 96738
89379 86476 92275
92163 88546 86031
87722 74710 99554
86267 81681 97596
85213 92696 80628
80386 93564 76261
89472 87049 91344
89461 79031 98170
87579 90320 86224
84465 90226 88165
88002 75257 99428
78905 91191 86895
83564 81753 97806
92652 75130 97540
95917 86478 82422
81561 76586 100085
100536 74660 87365
83507 92986 80568
91396 86392 90930
84403 92483 82182
84426 85712 94992
95359 75343 95692
83565 77679 99651
89571 74940 98941
99721 80778 83196
92249 76833 97587
85517 72089 100151
100664 78618 81311
87891 92132 79673
89963 86789 91407
81530 92540 83035
91354 73910 98234
95193 85137 88669
81829 92874 81617
84938 90607 87107
90672 80793 96864
90733 84186 94195
82398 92835 81735
81052 73984 100535
77528 93698 73614
87067 79559 98544
89826 74363 98880
96999 77159 93819
86796 90445 86450
91322 89066 85865
83728 92756 81627
93840 87793 85245
85732 91197 85298
83486 88209 92074
85418 85338 95156
89221 86314 92586
82113 92507 83028
94705 82833 92274
99849 78134 87917
96709 84490 87072
97876 77351 92515
98702 80278 88786
90313 90601 82806
84930 91859 83795
86669 85540 94641
98938 82206 84277
87053 88824 89720
94493 84654 90316
80379 93469 77680
97032 77417 93671
83406 89883 89333
96662 82279 90398
88736 83465 95785
92034 75789 97794
88373 91980 77526
89902 81411 96810
89293 91148 82333
100890 75211 86033
95059 82741 91960
82874 90282 88603
81151 93565 74546
96580 77067 94354
88647 79359 98281
93076 84992 91477
85947 92683 79831
84065 73669 100361
89372 90664 83896
96729 78762 93466
82877 92042 84210
83070 93197 79308
79880 93619 75029
91425 90054 82554
96772 75952 94335
92743 89327 81061
85359 92949 78358
80755 90876 87561
91172 84721 93288
95514 79665 94147
93510 87138 87373
93470 83202 93109
86284 92743 78624
92458 89547 80461
97611 76804 93130
101686 75200 82189
79437 70918 100728
85377 92873 79300
82093 87484 93255
97034 75472 94102
87483 86489 93212
90619 85420 92805
91409 85946 91535
97198 83654 87447
87709 80766 97856
101813 74508 81274
86885 90133 87135
87232 92438 77589
92180 77707 97464
95748 84416 88951
93291 81246 94964
89924 85114 93631
100064 75740 88644
94941 82302 92563
96361 84970 86933
84754 74122 100247
80005 91043 87240
82680 93261 78984
95966 83644 89668
77248 93709 72992
85457 83641 96502
100752 77944 84123
95170 86636 85597
91851 89951 80721
84276 92870 80611
99448 80043 87021
101011 77568 81525
94431 87685 84012
97854 79424 91296
91767 87615 88505
92310 89423 83148
90085 73952 98788
100509 77138 86652
83999 91406 85535
91011 79644 97328
92223 89700 80725
83061 80670 98368
98608 80290 88992
83207 90588 87824
99163 75600 90847
100774 78312 82102
96664 81179 91567
94174 77036 96326
84201 76894 99863
85372 86615 93811
83571 77258 99793
93248 88929 81530
82366 87127 93688
97378 74477 93768
98985 80570 87721
91153 75626 98225
97750 83506 86353
95673 76000 95369
99484 79117 88002
95626 80995 93037
89603 91402 77674
80947 93570 75122
92531 82650 94404
79836 92071 84468
87591 92284 78640
99910 78016 87846
86610 92358 80737
97573 82770 88022
84759 93119 77123
92778 80526 95840
94433 87989 81943
78138 93647 74825
98814 81239 87164
92003 88004 87483
80894 88784 91609
84762 82199 97494
96229 85213 86737
95317 84520 89445
97585 80495 90932
84656 89093 90320
84664 86362 94261
98771 82654 83428
99016 77401 90526
91944 82549 94912
92875 83862 92967
90337 77529 98321
93304 86507 88918
99053 80023 88237
88295 83796 95657
83813 93119 79526
92878 85346 91161
91253 90374 79718
86215 82430 97184
95644 74551 95517
90586 90515 82547
100797 73316 86445
86905 78534 98985
93349 85711 90156
101416 76197 81606
84505 86957 93604
97533 81558 89816
89522 84675 94329
89622 75203 98900
91556 89082 85511
84827 85856 94766
94993 79084 95023
80052 89042 91250
88389 80424 97856
88213 76763 99173
94833 87463 83159
88187 88819 89059
88582 91727 80709
94143 86606 87538
76928 93718 71916
88781 85586 93722
101447 75982 82688
83978 93003 80153
97226 81533 90390
86065 76317 99734
91319 86858 90322
98046 74617 92872
86085 90639 86453
93694 76520 96763
81789 93272 79272
97415 75928 93649
87928 91106 84013
86112 87771 91889
94098 79059 95769
89539 88195 89291
87384 80438 98087
90208 90773 82226
96399 81212 91908
89416 85739 93205
87605 78838 98751
84780 89538 89472
84584 93024 79355
90282 89673 85557
77677 93665 74495
98956 79578 88988
78738 93683 73507
97114 83415 88023
101392 73625 84111
101243 76453 83550
85949 92566 80475
93727 79398 95843
98099 83417 85274
89672 73681 98939
82533 76564 100075
90947 87843 88849
78176 93689 73854
95826 82561 91249
82755 72800 100553
86354 76709 99594
81960 80954 98222
96361 83038 89899
99934 76696 88618
94842 84121 90628
85816 89356 89350
90495 90068 84324
85760 89317 89448
96277 74233 94927
88144 83037 96301
96463 76149 94630
89446 74209 99021
97330 84288 85962
86750 88370 90682
88302 84228 95289
99170 74577 90939
98056 75302 92831
97972 84014 82211
101277 76663 82404
100790 77063 85478
98789 81615 86634
93906 88159 83737
84480 93067 79109
84807 91010 86251
98405 82128 86908
86714 83310 96502
93048 78697 96666
93089 88844 83567
97700 77274 92804
84899 78742 99203
99856 74208 89394
80691 72649 100680
87221 83855 95937
85061 73400 100211
88937 82550 96413
98973 73882 91315
94300 85468 89393
86168 84242 95894
86172 85092 95179
83938 90280 88258
86785 92599 77793
91936 89627 83273
81065 92345 83634
86849 76565 99540
100128 79189 85660
95599 85870 86660
99251 80647 86809
82353 85815 95063
89401 91425 79883
84955 91778 84022
95530 85445 87690
97741 84259 83290
87180 87064 92549
85504 85393 95084
90925 86396 91273
90595 90788 79286
96157 86146 83477
93860 88024 84512
85856 89128 89752
82728 92468 83005
99252 81639 84041
91634 78081 97618
80526 71947 100715
90541 90371 83297
92380 78863 97043
82703 92234 83743
93127 88637 84142
88448 82550 96561
95244 78132 95292
94124 82725 92984
86331 72823 99992
101099 77270 82155
98647 75680 91871
94598 86466 87164
95261 87163 82193
93789 81176 94630
92766 88056 86382
86995 89439 88520
86996 87942 91259
90524 79017 97813
91402 85530 92111
82474 89419 90407
98370 80090 89729
85165 93046 76819
81676 91744 85309
92368 82902 94288
84258 93194 77815
84540 93049 79245
95180 86764 85201
90415 82116 96204
101000 74558 85633
87010 84390 95562
82258 72713 100594
99274 78054 89460
85474 87359 92761
83612 86870 93916
98715 77336 91176
85754 78810 99060
82422 90946 87162
83729 92556 82287
93897 81793 94059
101789 72741 81779
78637 93671 74184
80536 90521 88398
86141 88882 90065
93118 80175 95825
82159 76033 100238
85760 92631 80364
87312 89765 87651
85527 89603 88986
101336 74105 84342
90280 88357 88433
97240 78819 92744
98968 78329 90009
91920 89775 82455
83653 89560 89850
100818 77290 85112
89713 85660 93119
88333 72560 99415
81997 73601 100570
88301 91762 81113
92507 81424 95419
96895 80097 92265
83065 91194 86382
84796 75342 100140
95148 77170 95593
100297 78056 86600
101201 76129 84121
82544 93439 75825
93592 88468 83420
98710 82153 85846
81633 92025 84531
101390 75387 83706
101767 74038 81805
87210 92353 79624
98392 76795 91951
85413 76678 99763
83451 82790 97254
94322 78849 95710
88847 81291 97256
87913 91424 82945
86966 81064 97835
89496 90341 84668
86083 75333 99883
94358 83287 92190
94921 86405 86775
79163 90797 87794
97663 84334 83557
88773 85399 93938
100476 75932 87403
88597 77562 98929
85577 82919 96993
84819 88264 91617
96288 84644 87673
92845 89275 80628
83079 93320 78065
83556 73910 100413
98795 82684 82743
92814 82497 94339
97566 84323 84511
83772 93282 77067
99273 81822 82506
90837 83817 94484
92854 74317 97441
92729 77925 97083
97090 82524 89344
101138 75586 84854
85774 77695 99442
86680 86648 93355
100833 75932 85980
101136 77131 82589
89307 89750 86296
89660 74310 98941
94371 82149 93290
90940 74210 98433
86579 90821 85689
81623 87794 92879
89495 80511 97486
90482 89715 85242
82613 82906 97201
94434 80566 94526
86127 89121 89635
97155 78499 93044
91090 80200 97012
89473 76767 98802
88028 92073 79900
86454 87072 92829
94157 78231 96069
94498 80103 94776
97064 78742 93033
91158 84407 93663
96539 77557 94232
96948 74468 94240
84550 72529 100309
99408 78486 88800
90694 73441 98541
92185 85858 91055
99431 76891 89859
91901 74457 97946
98176 80906 89283
85110 92859 79776
92848 78503 96875
79620 91585 85858
94018 84092 91623
92782 87185 88224
96793 85541 82546
80323 70899 100719
91775 89964 81668
95692 79184 94308
98013 80509 90053
88321 73612 99405
83255 91844 84618
97623 84481 82389
98281 83518 83695
97087 84322 86555
83619 89385 90163
94324 81186 94155
98063 80787 89645
101186 76983 81184
88205 88064 90435
97002 76078 94076
97518 74669 93612
90824 88917 86781
83015 93084 80318
88743 83897 95417
91283 80813 96596
90161 78351 98156
89570 74176 98976
85092 92831 79964
97115 84772 85157
82212 88371 92128
94220 76297 96416
97091 81849 90252
100941 77227 84554
84160 74979 100250
84054 89546 89752
85386 85885 94612
98221 82002 87641
94019 79000 95855
86656 78055 99184
92573 89369 82297
81008 93527 76781
90092 90103 84689
87261 87815 91335
93697 85294 90364
86385 85092 95121
94038 87328 86100
95721 78034 94891
83106 93369 76294
78302 93704 72327
91563 88132 87743
97206 83416 87826
96601 85634 83738
93831 75090 96846
80338 91349 86461
92464 89336 83048
95391 74737 95718
99956 80390 81668
100151 79834 83000
93814 85096 90507
91736 80479 96543
98239 78921 91043
81635 92983 81098
97365 75419 93757
89222 75919 98989
91471 84986 92743
94496 84339 90749
91982 87812 87913
79338 93614 75348
94114 87504 85521
88674 84023 95337
80361 88448 92063
85809 90265 87429
82941 91873 84649
101271 73258 84611
96175 83616 89390
100529 78839 83123
97690 83131 87191
91436 76274 98030
83714 80388 98488
97586 84195 85133
93935 83602 92288
91024 88959 86466
82974 74095 100469
83001 93377 77238
93587 78357 96438
85870 88889 90182
89962 83463 95308
83482 87653 92862
92110 85657 91388
87172 91077 84649
95133 80666 93811
94511 87255 85366
84504 86201 94473
92021 84180 93270
97364 83602 87150
94338 87809 83737
84632 81069 98079
91929 88530 86385
90741 75188 98451
82599 75410 100328
95105 86531 86042
85109 78435 99297
99689 77544 88793
85964 78503 99154
82666 86200 94678
96044 85881 85485
90130 90868 81737
82468 93170 79936
90175 74086 98753
94117 85924 88856
88192 86913 92297
84173 79298 98984
90408 73141 98662
101940 73288 80551
100711 76075 86415
87519 83175 96377
93302 84726 91588
81473 92042 84502
89752 89891 85551
100168 73657 88544
85447 92919 78569
90918 85967 91875
81699 89763 89986
99369 77618 89555
95038 87121 84227
100198 74948 88453
83370 90464 88055
85570 79670 98695
80222 93595 75428
89247 75187 99039
92634 81708 95128
84934 88464 91259
85914 88177 91327
82078 74752 100451
82929 88975 91069
101052 77352 83142
92193 79496 96858
95278 76160 95662
90495 85606 92660
81476 92657 82588
82413 93316 78581
93304 87629 86624
88064 71873 99507
82727 92668 82345
87494 86877 92689
89354 83917 95149
79484 90463 88526
91347 83065 94877
95908 78971 94230
82603 92724 82154
98014 79840 90710
85339 92276 82306
84201 90801 87010
101138 76067 84525
96411 78910 93714
100949 76328 85269
88632 90927 83847
97439 77210 93202
89026 78204 98640
92328 75734 97659
91801 84879 92634
88520 81853 97015
98782 82738 82134
89350 77951 98584
81384 88758 91620
92396 82468 94671
100243 77061 87564
91005 77599 98030
93711 87752 85613
86207 75858 99795
92327 79899 96550
82161 73657 100556
100563 75179 87236
93753 74433 96915
86571 79346 98723
101144 76959 83376
79951 91936 84865
88968 73776 99193
99607 78740 88044
91054 89524 85054
95096 85314 88522
82743 85131 95662
85136 92628 81105
92516 85903 90706
81317 92219 84020
84761 77617 99590
87129 74270 99744
90022 88875 87651
82077 90278 88834
101799 73667 81633
83424 81336 98025
86703 92642 76155
85669 86348 94030
83637 92209 83383
83654 88742 91266
83375 89442 90134
86310 80060 98428
93903 80652 94909
84831 87283 93069
80577 91809 85229
98329 75997 92313
99469 75025 90308
85162 80809 98167
83351 79722 98831
88264 84954 94613
89281 88713 88509
90113 90902 81487
99182 79966 87933
90836 82857 95378
100400 76364 87455
98147 77203 92162
94592 87482 84306
98055 77766 92018
78028 93709 72614
92447 86517 89787
81769 93129 80330
83375 85452 95362
88844 89118 87986
87680 88546 89873
94568 86188 87746
89944 77094 98581
94766 76899 95934
86348 80940 97987
86696 91357 84192
90629 88339 88171
94514 86079 88036
93303 74038 97203
88188 79481 98362
94716 82705 92399
101487 75922 82228
95205 76766 95633
83239 78814 99227
86340 92280 81374
83704 92086 83716
86147 91848 83113
87328 73292 99726
85379 92894 79086
89307 91418 80545
94688 77524 95866
81643 86896 93936
83037 90158 88834
97967 83660 85078
84185 89902 88985
89756 83895 94998
94517 78930 95521
85486 90768 86464
96985 78003 93488
91741 89396 84428
82478 92947 81231
82517 93326 78412
98990 77263 90643
96245 85979 84146
85229 80237 98449
86162 86516 93694
96960 84511 86520
92721 87489 87676
91074 76725 98153
81303 91395 86242
86132 73801 100010
92650 84338 92616
95506 76346 95460
100667 77126 86036
87146 92032 81476
92712 88661 84873
91622 79664 97060
90361 89337 86260
98389 76597 92035
91936 83532 93994
90378 84938 93554
92788 78947 96725
84281 91851 84127
88677 87721 90738
99808 75934 89242
86306 88759 90206
100332 79480 82145
85818 88635 90629
86259 91368 84472
87369 92134 80746
98219 82706 86399
83794 72403 100438
85328 85079 95409
87211 91481 83451
89109 91022 83066
85951 92869 77345
100420 79182 82775
83493 77973 99549
89980 91183 78622
100091 76994 88076
95591 86197 85761
87327 85919 94013
91391 90194 81823
88656 91850 77896
92074 89688 82355
95937 83004 90572
92322 89581 81907
94214 78408 95961
99812 75563 89370
85359 84573 95808
98601 81083 87995
83754 85949 94859
101180 75964 84384
82719 77235 99843
98603 79361 89959
100791 75021 86424
92097 74919 97832
87972 90571 85331
89944 77915 98369
87815 84819 94920
88293 85216 94346
101002 76787 84632
85969 80627 98182
81051 93433 78030
94105 87824 84596
93595 87993 85161
92738 85050 91719
95971 76680 95034
90102 75445 98684
95051 74413 95999
97853 76198 93003
84151 75606 100192
87846 92194 77279
94582 74877 96361
101619 74043 82895
95350 82118 92291
93104 86465 89233
94997 83903 90738
89313 91268 81618
80323 93607 74751
98426 76307 92076
91109 90161 82922
94631 77928 95826
91482 81494 96082
101535 74264 83448
86360 86165 94048
87911 90110 86490
94100 85426 89708
96026 82603 90934
