56055 61462 68361
55189 68025 62354
61030 62166 63881
60369 61634 65320
60442 64174 62864
53791 66351 66007
61309 57073 65089
63233 59584 59958
62086 59668 63251
52250 62151 68845
53813 56694 69561
52962 63086 68401
59815 64688 63312
59505 64784 63732
59118 65915 62555
53653 64680 67466
63976 55659 57288
50123 54922 70012
53615 67418 64569
57717 67162 60969
59186 65698 62871
59090 59715 67313
59574 63557 65003
52780 63479 68215
53886 68588 60790
63978 56265 55125
56892 66837 63647
57753 64008 66388
52613 59531 69476
56626 62596 67869
55544 58127 69084
56632 58786 68637
51903 56511 69896
57802 58116 68225
58103 61642 67479
56717 58452 68651
59694 60261 66686
54745 58734 69231
58594 66484 62104
61755 63413 58777
62927 61042 59157
56470 65386 65934
63483 55463 60607
54707 66187 65897
50087 55402 69985
59716 65830 60755
58571 60090 67571
59517 66048 59297
63554 59051 58329
60222 58657 66498
60119 60337 66144
61258 63247 61884
58495 62077 67036
62168 57779 63643
59770 65298 62387
54817 65625 66438
54976 59462 69052
58978 61134 67054
60749 60146 65448
57750 62854 67196
60460 57016 66256
56742 67634 59423
55468 60816 68661
59864 65392 61904
58646 65941 63283
59328 64982 63750
58800 65010 64411
52992 62407 68697
63043 57386 61877
52616 56109 69823
49361 54187 70036
60781 64461 61036
54864 63718 67849
57870 59636 68069
57558 63632 66828
63704 54795 59638
61473 63807 59089
59739 61825 66016
53068 66712 65661
52956 66968 65293
62049 60812 62667
63679 57332 59200
54272 58169 69383
63923 56201 57652
53030 63810 68024
53788 65177 67067
53412 56173 69651
64015 54698 57328
59702 65515 62071
63596 57983 59386
61282 58570 65015
58357 66464 62591
60812 61213 64880
53547 63610 68069
60936 59210 65417
57687 66909 62586
58006 66958 61551
60564 64921 59813
56900 65747 65294
61326 58357 64979
63240 58762 60542
63607 55875 60019
63690 56305 59475
62330 59304 62853
57599 61275 67907
63974 54982 57903
57279 67408 60140
55394 66970 64594
57818 67036 61690
53140 68697 59349
49435 53281 70055
62802 59028 61769
54327 62251 68631
59034 61141 67008
55241 65004 66847
57702 67139 61440
55009 68104 62271
63367 59987 58360
59336 63296 65475
61225 62423 63128
62146 56707 63735
54147 67893 63522
59432 58348 67258
57070 67493 60878
58223 60672 67666
51735 55604 69935
52756 61863 68903
55813 65330 66369
55500 68104 60416
62011 63064 57837
59654 61538 66268
54847 62607 68358
57029 57971 68563
57622 65657 64817
51398 62903 68541
60397 62768 64579
56254 63992 67186
61322 57972 65030
53901 65789 66548
58838 60545 67311
52087 56254 69902
52795 58616 69603
56743 63348 67407
61296 63838 60564
60911 64437 59965
60324 60070 65990
61401 60214 64424
53143 63149 68364
61563 60340 64002
53419 67109 65048
58643 66242 62681
63562 59501 57631
58501 61471 67304
57941 64892 65372
48937 54332 70035
55327 68109 61385
54127 58978 69360
59552 63759 64829
57514 66797 63124
56779 67507 62028
52680 60906 69171
58891 62906 66179
57283 63949 66809
63444 56756 60758
64051 55355 56041
53470 68545 61701
54876 62279 68498
63209 56544 61557
58427 64479 65387
56046 67911 60735
60613 57413 66090
57835 63141 66944
58406 61150 67444
54366 66975 65024
52851 68727 60374
57873 63326 66779
59930 63958 64105
56910 67539 61421
62856 57629 62379
51179 56413 69917
56389 64489 66787
55838 62796 68007
63539 57459 60057
60397 65151 59620
57061 67500 60187
60747 61914 64575
51475 60556 69294
61955 58137 63973
61149 57121 65332
60793 60543 65206
61158 63622 61623
56553 62215 68027
53784 57227 69557
59212 66009 62072
56115 63691 67444
55974 66266 65195
63877 56062 58284
50920 61123 69142
58449 64277 65561
62386 60717 61808
54738 66800 65121
53069 68357 62374
52449 65547 67008
63102 60868 57414
50597 56787 69897
56738 57380 68707
51151 63529 68255
59934 62201 65576
61718 58520 64339
63869 56686 58051
57613 67257 60375
54887 64758 67114
55459 58461 69070
60284 61347 65572
57803 61441 67728
62669 58565 62410
59869 58439 66881
55689 57318 69107
61310 58730 64955
60431 65014 60406
63811 57487 57765
52599 57196 69780
56699 67641 61302
53406 66794 65488
52611 58873 69597
60449 64835 61525
53152 67277 64814
62382 56675 63325
57671 62287 67493
55781 60936 68551
52209 64454 67753
57478 64325 66369
63575 58782 58536
62035 57083 63921
53523 60361 69219
54734 67261 64393
60780 60010 65442
58870 58592 67651
51310 57503 69821
54388 60223 69067
62969 60656 59898
62518 59499 62271
60724 57450 65938
59132 66230 61239
64097 54584 55243
62760 59705 61490
62574 62124 58550
58707 61750 67012
56261 67637 62273
62313 61991 60505
56342 60107 68559
54662 68383 60351
51259 64857 67493
61971 59601 63538
63916 56758 57204
58284 65833 63981
63035 58010 61644
56769 64663 66464
53729 63217 68255
51990 59604 69504
55277 67672 63329
60455 64612 61979
56471 66273 64932
57775 59377 68149
56506 66741 64148
53262 67767 63952
61610 58011 64571
63857 57173 57652
62549 57538 62979
57081 62910 67523
58386 66809 59112
58853 62721 66344
63695 55923 59510
51163 58733 69657
58396 65667 64134
56644 67383 62570
56359 66439 64779
62848 58946 61675
64049 54678 56656
53954 68483 61944
61395 59341 64751
59796 65609 61588
62221 59172 63165
54699 67650 63710
59863 65704 59548
59126 60529 67094
61913 62034 61708
61356 62522 62627
53248 68631 61266
64072 54364 56070
61279 61106 64157
59118 66370 60301
52443 65361 67147
60821 57680 65776
63834 57693 56028
62439 58230 63066
63053 59698 60573
59452 64415 64288
60004 63607 64423
52762 65667 66898
57450 67296 61009
60184 64716 62480
56358 67782 61233
57425 58648 68356
63080 60886 57984
61054 56800 65472
54778 61674 68660
62742 61840 58071
62673 61186 60445
51595 56549 69903
62132 58139 63666
57414 66291 64050
56263 67755 61755
61952 63026 59617
57198 63662 67061
58068 63702 66339
61908 63114 59559
50515 54774 70007
58915 65407 63762
53244 68111 63097
