36363 54637 4676
46214 48786 5236
45267 44733 5369
38462 49538 5311
39914 47086 5385
39468 54532 4449
47826 48174 5195
41480 50520 5237
52677 43323 4997
52549 42451 5030
35343 54657 4688
47485 47515 5241
56124 36876 4501
40189 51811 5121
48169 48831 5096
43169 52831 4745
45563 46437 5340
40458 52542 5008
56427 34573 4444
39911 48089 5356
35577 54423 4743
37923 49077 5329
53538 43462 4880
41991 51009 5182
45194 47806 5309
52916 40084 5008
41088 50912 5212
50582 42418 5202
46579 45421 5333
43304 50696 5178
56656 35344 4266
54285 41715 4816
35842 55158 4495
43426 44574 5398
53134 39866 4987
55499 40501 4538
41176 53824 4603
42722 44278 5401
53695 45305 4621
39096 53904 4777
44171 49829 5231
54611 38389 4810
38204 54796 4403
39212 52788 4994
55960 39040 4468
37736 50264 5273
49105 46895 5193
56637 34363 4385
52698 45302 4890
47241 48759 5180
48591 49409 4966
46726 46274 5316
46525 51475 4719
40794 45206 5403
45410 50590 5077
46087 47913 5275
44557 50443 5147
55310 41690 4452
39836 49164 5324
47039 48961 5173
42459 51541 5092
52988 45012 4865
35496 53504 4920
34786 55214 4514
56367 36633 4427
44845 44155 5380
53359 44641 4822
28123 55877 3961
51695 47305 4824
43752 52248 4856
44044 52956 4457
43969 49031 5286
42416 52584 4884
32695 55305 4504
56686 34314 4263
47872 47128 5240
44390 52610 4662
42508 50492 5218
51063 44937 5113
35744 55256 4437
55828 40172 4291
52428 44572 4982
55837 36163 4585
55653 37347 4618
47005 43995 5332
45924 52076 4466
53863 44137 4732
38596 52404 5066
50936 41064 5181
48240 45760 5278
49219 48781 4984
55968 37032 4544
52218 40782 5073
38667 54333 4661
52987 41013 5001
51396 44604 5094
55818 40182 4348
48937 47063 5197
49925 45075 5211
55822 40178 4329
55252 36748 4705
49766 46234 5172
47400 43600 5322
30226 55774 4177
54746 43254 4453
46492 50508 4999
53757 39243 4923
46911 50089 5038
45856 51144 4924
44182 51818 4928
37550 54450 4701
40764 50236 5263
43009 48991 5308
45940 46060 5339
42848 47152 5372
56711 33289 4298
37350 51650 5159
44052 50948 5098
49122 49878 4717
49952 43048 5239
41718 52282 4994
45213 48787 5266
42697 52303 4931
56387 35613 4446
55211 40789 4628
43576 47424 5357
56203 36797 4479
40692 53308 4829
55290 40710 4606
55817 35183 4590
53816 40184 4916
37158 53842 4847
36058 53942 4837
46008 49992 5121
43095 49905 5254
39708 53292 4893
54320 43680 4647
56526 36474 4347
56180 34820 4512
54742 41258 4731
51304 46696 4985
55774 40226 4407
55277 39723 4651
55280 37720 4697
42461 48539 5333
53293 45707 4710
52019 43981 5052
45208 51792 4832
55324 36676 4691
41603 51397 5150
41059 53941 4558
42074 52926 4822
52070 42930 5071
44057 52943 4524
37664 52336 5082
32812 55188 4552
42894 48106 5345
41136 52864 4910
43759 49241 5280
48469 50531 4525
45407 49593 5198
36246 52754 5035
44649 47351 5339
46182 44818 5349
50667 47333 5002
44973 46027 5363
49813 44187 5237
37089 54911 4566
48853 50147 4684
44134 52866 4589
48545 50455 4557
32432 55568 4362
40239 49761 5300
54968 39032 4745
40197 53803 4718
55025 41975 4573
44189 45811 5383
55380 41620 4357
38818 54182 4710
49065 47935 5120
35064 53936 4845
39827 54173 4612
46998 51002 4815
50831 46169 5083
38536 53464 4887
53792 41208 4904
34444 54556 4726
49118 43882 5270
41587 46413 5395
55684 40316 4456
38281 50719 5243
43696 50304 5203
49360 46640 5186
54583 42417 4692
37031 54969 4531
54615 41385 4757
48634 43366 5289
48209 44791 5295
56155 38845 4284
39151 51849 5127
45668 43332 5363
50154 47846 5000
49648 42352 5259
43821 52179 4869
42771 53229 4641
38987 53013 4959
39792 52208 5071
38218 54782 4500
47819 44181 5311
42194 49806 5273
36071 54929 4605
46244 51756 4652
43238 51762 5007
54598 43402 4564
41653 53347 4742
29144 55856 4092
31254 55746 4104
41737 50263 5253
46400 49600 5146
50599 46401 5094
36589 52411 5074
54912 42088 4606
33436 55564 4263
50229 48771 4812
43117 45883 5391
53620 42380 4900
50546 41454 5205
44295 50705 5122
37730 54270 4742
49613 47387 5118
54796 39204 4775
54822 42178 4630
50060 43940 5226
46001 51999 4531
50094 45906 5160
41216 53784 4616
38219 51781 5143
46938 48062 5239
56538 36462 4304
56646 35354 4323
45457 51543 4872
39566 54434 4507
51548 41452 5135
33815 55185 4549
40507 50493 5247
56714 32286 4149
55686 40314 4455
56136 38864 4371
56383 37617 4357
42989 53011 4704
40879 54121 4457
54721 43279 4477
33465 55535 4327
49541 48459 4993
39276 53724 4818
47847 49153 5087
56145 38855 4341
36971 55029 4429
48986 45014 5261
41397 53603 4669
55881 39119 4490
52205 45795 4927
42618 53382 4589
40067 52933 4950
52617 46383 4776
38628 53372 4902
33443 55557 4294
55777 38223 4565
49400 45600 5228
48041 44959 5299
53568 44432 4785
47575 49425 5075
45397 50603 5076
50336 43664 5207
38337 54663 4549
38326 49674 5305
54126 42874 4777
45658 51342 4900
40844 53156 4858
51300 47700 4831
55255 38745 4693
49888 47112 5112
52216 46784 4801
52440 39560 5053
38673 50327 5268
44932 50068 5170
44709 48291 5306
54306 40694 4836
40913 52087 5065
55370 41630 4414
48455 50545 4437
40008 53992 4665
53204 42796 4948
47733 50267 4898
34055 54945 4627
34710 55290 4482
55602 37398 4629
53754 43246 4846
40032 45968 5398
51061 43939 5143
35870 54130 4804
53225 41775 4968
56231 35769 4489
55166 41834 4527
49339 47661 5120
40940 54060 4509
55809 40191 4378
38201 54799 4362
52056 45944 4938
42375 53625 4488
38742 51258 5199
47448 48552 5186
55542 36458 4647
31511 55489 4432
43865 47135 5359
44628 49372 5251
36786 54214 4775
41542 48458 5343
48122 49878 4931
50176 46824 5105
55192 39808 4670
31427 55573 4360
33545 55455 4432
