96783 82009 83451
94793 87003 90985
96195 82265 87533
90488 95655 85033
96433 80903 86726
82649 100116 82132
94966 87378 90025
81523 100232 83549
87025 97187 90171
96404 84601 83239
89854 96155 86099
86163 91806 97776
82264 99597 86857
96269 85066 84423
85792 97220 91396
85735 98538 87641
85363 84818 99951
91888 85193 96255
89667 90894 96391
84576 97342 91948
84510 99140 86956
94047 86262 93276
90057 96067 85114
92514 90951 92612
87400 92487 96757
95885 86533 85056
91930 92069 92275
79431 88333 100199
82521 94930 95795
85171 93179 97148
79918 99545 87854
87891 96056 91674
93696 84738 94187
88132 95955 91589
92963 85894 95116
85614 97912 90001
85666 99072 84617
86963 97598 89029
86180 90429 98529
89664 87388 97807
84000 95439 95116
93968 88790 91847
79945 100426 83262
81763 98581 90366
97156 78820 79958
89346 89680 97411
89855 89951 96874
87373 97150 89763
88839 94832 92790
84784 98715 88377
90158 92263 94678
90975 94580 88498
79146 85293 100968
91317 93158 91653
88992 91055 96780
90217 88840 97085
96859 81803 82239
96798 80450 84474
85488 94730 95503
89407 96026 88711
81493 99870 86104
81633 88109 100210
82437 99204 88370
95946 86122 85575
89671 94334 92483
92430 88919 94604
80386 89375 99835
88509 90549 97435
89794 94599 91773
94712 89349 87815
80977 85385 100814
82443 93781 96943
92566 93405 84013
86414 86114 99629
84105 98861 88458
84714 97313 91928
79622 100512 82556
87224 94166 95177
95663 87198 85479
88007 95026 93371
92335 91983 91461
85426 96558 92985
95459 87545 86819
79978 96978 93521
80835 84580 100913
84094 99708 83665
90672 93242 92800
92637 93179 85468
89085 96774 86283
92367 90730 93137
95160 88574 86530
92347 87385 95481
91104 89778 95773
94210 85288 93150
89045 96271 88789
82908 99724 85636
80335 89913 99601
84398 95872 94531
86472 98628 84212
95995 86400 83645
92443 91324 92322
84801 98937 87580
95620 85722 88790
95817 86631 85569
94627 88335 90264
89698 95979 87992
79283 82310 101187
90785 91476 94833
80819 98308 91138
94977 83271 91606
95244 84745 90688
95211 88744 83666
94465 90412 85439
96821 78905 84420
80250 85929 100795
85649 85420 99861
83671 90357 99245
82239 99917 85126
92988 91961 89250
88600 96251 89914
91005 88078 96654
76582 82257 101316
96600 83105 84238
85215 98310 89304
95091 88944 85384
87585 96713 90588
85878 94795 95253
87740 89797 98237
92907 88166 94348
96904 81701 80957
78676 83215 101231
84710 92357 97858
94380 89382 89645
84895 85416 100069
81165 90040 99542
82915 98246 90854
80867 98901 89718
81678 91747 98572
89858 96240 85141
87698 93311 95749
94563 86828 91805
88462 95614 91846
78975 99212 89004
76525 82559 101300
94954 86075 91129
93153 90791 91354
81767 85224 100732
91635 94466 84884
85830 90218 98763
93491 91472 88226
91656 93241 90465
82391 99011 89060
90530 92849 93584
80345 85303 100886
92335 92725 89504
79783 99241 88910
96213 85563 82987
91799 91640 93139
88109 95312 92809
92179 86047 95962
81614 94708 96068
81634 91932 98457
96160 85170 85547
97017 80263 81681
94319 84233 93042
91898 89976 94627
95323 88470 82927
83179 99850 84515
95187 87741 88365
92375 89802 93995
78711 85295 100986
87638 95224 93400
94240 90053 88773
86793 96209 92630
96934 80432 82791
93715 83568 94193
81433 100061 85029
97071 78989 81565
88778 97092 85287
89260 96726 85508
87665 95103 93560
93608 90439 90637
77465 83823 101186
80657 100067 85496
78917 82217 101229
86236 98076 88520
83580 89967 99420
80810 86298 100684
96882 79280 83960
96214 82227 87458
79886 98764 90140
97000 78552 82872
83542 98998 88448
91262 93417 91258
84417 97345 92030
94143 86892 92822
78043 100541 82397
84030 95791 94688
86467 94382 95444
91700 90575 94379
95820 87003 81278
92697 91947 90433
81255 98429 90822
89035 84607 98428
96596 80439 86014
90564 84878 97434
95723 85862 88100
85158 88802 99494
93569 85841 94312
90703 93775 91807
79239 100225 84768
93194 92159 87170
90012 88368 97359
92218 92690 90072
81987 97122 93246
91821 92933 90810
88893 87784 98231
96011 86340 82644
83443 84557 100463
89485 95341 90698
88567 89581 97942
94595 87638 91089
92734 84734 95370
85214 98441 88898
90935 95103 86216
81139 99548 87692
81123 86674 100581
95428 85808 89561
89726 95516 89605
89974 93624 93244
87324 88913 98737
96078 84999 86505
79608 86262 100775
90117 95421 88832
90088 91984 95025
84440 99551 84429
85381 84282 99950
82282 90574 99207
92115 93924 84724
93143 90715 91506
96201 81002 87693
93718 86090 94021
90758 93516 92202
78824 100377 83763
81753 98315 90985
94310 82716 93130
95140 83797 91119
79048 85893 100886
97193 77244 79052
85720 98889 85867
86557 93774 96081
94051 90907 86849
95712 82995 89324
96282 84652 85165
83267 97648 92055
90775 91062 95184
91369 85513 96760
97170 76967 80242
86866 96686 91616
85666 92989 97103
88960 94159 93714
89756 84750 97973
82129 86912 100433
80480 84641 100949
94189 84957 93236
80114 82416 101078
96156 85523 84535
82790 100104 81585
97187 77541 79293
87172 89154 98719
88091 91924 96765
86321 88306 99271
95910 86707 82311
93966 90062 90048
94510 90476 83562
96891 81757 81236
83331 98502 90019
79944 83141 101102
84287 90452 99104
89451 92004 95612
82460 85538 100602
86410 92371 97271
95365 86770 88887
85347 88637 99498
84071 92640 97786
83700 91255 98750
89364 90514 96899
80272 100313 84054
94458 90164 87117
94728 82719 92242
88254 96239 90678
84916 94570 95916
84447 98686 88768
92059 88665 95328
87109 94573 94742
96799 82382 81244
91067 93946 90352
96051 82061 88199
97098 77858 81823
94681 85803 91990
85576 90703 98607
82672 89394 99725
84788 94430 96098
82307 95494 95236
96677 79611 85497
94890 88209 89315
93677 86706 93933
97118 78626 80910
83003 100037 82442
96090 85866 84337
91963 93933 86311
92666 87644 95019
94991 89268 84761
88377 97337 85751
88690 96400 89224
84715 90028 99185
95513 85237 89574
85562 87120 99731
90665 92396 93955
84283 97775 91209
79556 85292 100941
79657 100509 81189
95515 87076 87507
96211 84312 86321
89810 86189 97906
96483 84017 84026
83965 99809 82668
84118 98212 90284
94244 90469 87414
94073 89587 90468
81389 83455 100879
92232 93431 87384
83545 97087 92997
89672 87883 97700
94249 85877 92934
93109 86475 94824
77054 100603 81779
88333 97327 86109
93661 91945 83436
87801 95691 92475
86854 88858 98942
78633 100446 83284
94486 87914 91188
88081 87741 98663
88950 86873 98348
95314 88201 86243
88646 95580 91657
86172 97367 90806
86567 94898 94740
93044 88607 93835
96393 83132 86101
89813 93463 93665
88335 92722 95845
93708 88721 92500
90302 94533 90850
81567 98663 90209
91210 94197 88933
84979 90457 98932
86206 92661 97143
92971 86389 95009
82059 91165 98884
83468 99748 84912
81223 88110 100237
84013 93429 97106
85621 87725 99611
83690 88179 99949
92334 93394 86735
92885 89939 93007
89683 92570 94825
90552 94142 91255
88322 94371 93997
86545 96688 91883
84984 99350 84744
93555 91962 84846
78633 100574 81938
93352 89793 92252
88921 96549 88045
83536 99957 81971
88342 93695 94809
93846 89483 91428
81598 98107 91468
87002 97674 88601
87149 85129 99356
95385 85512 89927
91087 95132 83883
92067 88115 95570
89812 86461 97879
89809 89596 97120
91650 92409 92336
92995 89948 92792
88644 95323 92154
87442 87440 99051
76629 100675 80503
96004 80861 88445
86630 96989 91196
91454 94206 87843
79970 99777 86915
82121 89157 99847
93032 92784 83985
96803 79698 84542
86401 91127 98083
80991 98656 90322
84083 97934 90970
95939 85755 86429
82227 98723 89858
81465 100283 82804
86446 91719 97723
96132 82966 87614
93939 84499 93756
91872 93173 89902
83419 99909 83330
79975 98467 90794
82566 83973 100653
85253 91757 98163
82665 91523 98656
83293 99184 87882
90142 90832 96049
91003 92313 93576
79223 100461 83128
89456 88067 97807
89747 93260 94016
86980 90963 97957
92750 93151 84173
88402 97417 84000
84015 89447 99525
96921 80147 83124
85745 90949 98424
90820 91851 94402
84442 99666 82524
88120 96233 90926
85104 93968 96460
96966 81219 80225
94163 88979 91105
93358 89260 92705
94976 88977 86882
83602 99789 84195
88179 91245 97222
82023 86067 100587
94923 89461 84502
96681 81700 84912
89731 94204 92633
85658 89685 99057
88151 96716 89448
96195 82792 87381
81254 92772 97839
91573 91207 93992
89094 86252 98324
94369 89529 89388
82673 89072 99834
81949 83824 100768
90515 95678 84050
86210 93513 96450
91599 94593 82712
84366 96420 93694
77139 84133 101159
82161 93654 97083
79959 97224 93162
91988 93422 88474
83466 94439 96214
91384 89438 95712
91083 94980 85825
92630 92701 88194
89029 96958 84035
80425 98982 89572
83497 86466 100325
81485 99302 88507
93518 84581 94524
94029 85563 93483
92968 91518 90491
82706 99800 85377
95817 86993 83574
88973 92994 95001
95200 86683 89885
80964 92311 98207
95270 87038 89028
88032 96994 88741
93088 92742 83383
84328 98049 90552
77390 81668 101306
95190 87438 88888
91110 88082 96565
75833 81158 101325
90631 95213 87526
87530 96563 91050
87387 97943 86158
95088 88022 88446
82150 99678 86555
82618 85269 100596
90402 93848 92242
85814 94105 96062
80043 100224 84732
91882 87797 95865
91736 87216 96157
88032 97403 86862
94225 90967 84279
95894 83403 88554
85066 86580 99965
83679 99451 86389
80552 98892 89795
94624 85042 92319
81925 84955 100726
88870 91748 96361
87263 98153 84771
81367 98876 89696
95234 88059 87351
94026 90358 89070
83301 88294 99974
85989 95336 94483
89356 94982 91726
91700 91650 93298
86190 98804 83529
86988 93916 95628
84374 99457 85465
85847 93637 96479
93995 87907 92566
91441 89832 95343
95222 85993 90271
87661 97518 87579
82680 88469 100013
89389 94207 93157
92692 93281 82709
95518 87874 84222
93208 90569 91557
86900 95077 94240
96369 79979 87100
81469 88659 100067
80798 86916 100557
97191 77358 79412
92941 90721 92000
88444 86473 98671
87765 94957 93675
84459 95016 95538
94688 89155 88617
95561 83074 89839
80037 100028 85717
90524 86704 97365
96516 81533 86253
92259 88088 95344
78976 99986 85965
95428 87024 88154
85014 98876 87525
96723 82802 82888
81394 97963 91791
82658 97638 92220
88352 91951 96574
86621 94464 95272
86184 95888 93524
95747 83664 89090
94404 90699 83602
80951 96114 94596
82485 85324 100615
89936 96234 83676
93289 85448 94753
85923 92066 97696
85612 89184 99250
94317 89128 90378
97182 77689 79872
95706 87337 83809
95862 85502 87644
84117 86899 100138
77251 84733 101095
87747 92646 96405
92357 93528 85524
97199 76070 79521
94800 87303 90710
83275 87640 100136
84381 93867 96686
91275 88818 96174
88468 93088 95345
88060 90492 97702
94395 86608 92431
96129 83926 87296
80774 99776 86879
86613 97124 90911
82232 95976 94714
87671 86055 99101
90212 95771 86686
86598 95657 93589
91467 89540 95536
94739 89212 88038
89580 96566 83716
84448 98555 89174
89172 95009 91967
97094 79613 79892
94211 88669 91330
82527 97209 93084
91564 92135 92934
80954 95212 95555
87451 89104 98617
95648 84893 89196
93874 91601 83219
95406 88148 84961
94601 89103 89264
80747 99592 87675
93543 90585 90586
96399 83740 85377
90696 94485 89928
91298 94905 83578
94206 84393 93248
92968 92911 81811
94576 88729 89979
80734 97297 93008
95911 86597 84320
93121 88487 93797
87193 98218 83707
87332 98096 85211
90645 85628 97333
88755 89904 97660
84647 88056 99838
77348 100651 80036
84037 95296 95276
95719 81616 89424
83790 95944 94531
87736 97280 88368
83454 88486 99900
94322 85684 92823
83339 86735 100331
86660 98287 86681
83164 96439 93984
92876 90867 91949
84883 99041 86889
95417 84027 90241
89399 89903 97253
86017 94963 94963
78274 87346 100507
84871 99518 83221
94058 91155 85171
96308 85100 82025
96201 85496 83968
92875 91250 91378
84818 99384 84970
89152 85898 98318
86158 97594 90179
81224 92574 97999
80642 88982 99973
96299 81032 87280
87744 91765 97117
83343 98913 88923
89195 95776 90103
82869 89771 99561
82318 87763 100247
87654 87876 98856
80911 97913 91949
95203 83096 91038
81600 89642 99713
90006 89573 96953
81004 100209 84332
86011 98884 84873
93598 87734 93541
93823 90316 90056
95566 87809 82725
91280 93831 89938
94113 83729 93461
89327 96503 86830
95385 85019 90145
95758 86664 86171
83292 85170 100471
79096 87259 100515
93934 89993 90274
94915 85540 91431
85246 99171 85494
90299 93242 93382
94040 91100 85872
93115 91564 89807
90209 94286 91677
81200 100318 82843
89974 95842 87633
84062 98502 89615
87253 89857 98404
96423 82451 86380
85377 99006 86130
82165 100201 81776
94960 88959 87071
94632 90048 86015
90154 95002 89940
90532 87199 97258
85274 95294 94944
96031 84567 87403
89651 91614 95793
85559 94161 96102
83293 90575 99156
84036 91854 98368
82673 99439 87299
81222 89860 99624
96440 83803 84946
96664 82364 84448
95127 87184 89621
97031 78494 82581
88154 97214 87396
81989 100194 82953
96434 83195 85670
96115 84531 86835
91363 91908 93540
85724 94713 95425
88451 95761 91589
88599 96382 89508
91397 92108 93246
88175 85291 98870
84654 84787 100148
90491 95716 82519
87069 98144 86026
84508 99498 84748
83063 99138 88224
84978 95850 94294
81169 98155 91420
78666 84682 101082
91376 87306 96503
92014 92495 91375
90316 93574 92840
96523 84027 82476
92081 94012 83380
85019 86459 99988
91203 90848 94838
95100 87689 89012
81544 95178 95582
88885 87289 98338
81589 96689 93831
82109 94038 96719
90910 88659 96549
80777 100406 81432
84322 85754 100192
85126 97449 91402
81980 100156 83515
94365 87463 91909
93207 92425 85476
86766 90128 98464
88264 88273 98449
76687 80990 101324
85382 98779 87254
90575 93004 93318
94274 90789 85131
91844 91795 92873
85823 98057 89263
94603 84719 92417
84850 99309 85461
86068 96482 92656
83390 89494 99608
