18643 19418 16243
15585 20968 15234
17199 19057 17540
17234 20738 15765
16859 20843 15780
19324 19637 13579
16599 21012 14807
15062 19886 16894
19377 16147 16133
19064 19358 15460
15745 17336 17986
19102 19820 13832
18070 19758 16658
20241 17809 13814
15966 16968 17986
19778 17337 15428
17489 20715 15663
19395 17793 16015
16843 18323 17735
17114 20820 15678
19839 17787 15083
18361 19127 16839
19286 19175 15207
19749 18378 14750
20551 15926 12531
20464 16811 12885
19499 19341 14221
19838 18922 13350
19240 17047 16313
16845 20469 16287
18969 19422 15594
19834 18760 13819
18849 19256 16137
20197 16356 14473
17573 20168 16585
19041 19165 15942
18147 20513 15269
16526 17171 17937
17828 18411 17510
20530 16400 13260
20519 16550 12379
18339 20422 15074
19568 18893 14655
19277 19524 14474
17923 19858 16718
18309 18536 17138
16484 19119 17559
15747 17711 17945
18997 17522 16611
18754 18303 16844
20253 15835 14354
17916 19360 17133
16127 18241 17841
16604 19813 16970
19739 17143 15592
18595 18978 16679
18346 20426 14744
16825 19310 17430
16432 17725 17877
15604 18949 17627
