81518 82439 80515
69861 73976 87632
76426 80573 84656
75462 88797 76433
75639 78498 85664
83036 74308 81328
75151 86390 80513
78865 86531 78340
83944 81889 73727
86399 73840 70896
85719 77205 72827
73824 80093 85541
72384 90209 72864
85990 74803 74469
76498 77851 85581
69387 74449 87529
72336 82771 84004
76642 86627 79693
78953 87157 77117
70641 75342 87328
85575 77633 73711
73244 84171 82899
82701 80570 80036
81688 85208 74400
74631 90027 71782
79753 87145 74849
81518 85433 73365
74795 80589 85134
76197 85837 80891
73407 90118 73360
74432 89772 74329
85758 77074 72613
75323 73751 86649
84110 78528 78906
80729 83701 80263
79103 82779 82339
78590 76094 85034
84908 78412 76974
76356 81572 84251
69436 71442 88022
78448 87823 75901
83732 79437 79082
80140 83708 80923
82689 73626 81721
86107 74658 73674
80035 78767 83551
79872 75398 84303
70711 73224 87738
83086 80239 79641
77171 87923 77166
85798 76739 73493
73853 82697 83980
72358 74195 87400
84687 74420 78878
76125 89294 74204
72494 90325 71824
81329 78131 82624
82746 83546 75854
83316 79245 79801
72388 82909 83909
74610 89758 74171
85211 74280 77851
84001 73484 80034
71217 80598 85388
74677 77586 86225
82133 82377 79665
81815 79898 81501
79037 79658 83907
82753 83859 73609
74709 83959 82970
77263 75928 85709
77389 74599 85759
74546 79197 85725
79719 84191 80766
86329 72495 73018
71404 81865 84623
83590 81759 77206
76538 83414 83064
80837 86180 74199
83216 83140 73704
75671 77106 86065
81944 83877 78064
77498 88541 75064
76899 89138 73010
74303 90093 72360
74704 89951 72601
80563 77663 83440
75266 87238 79303
78644 85441 80202
70361 78061 86536
64843 69052 88184
85908 75769 74237
84019 76441 79791
72209 89829 74386
72193 90357 71551
73449 78123 86324
74594 87284 79386
73185 85321 81929
78547 87374 77038
74103 89991 73553
78891 78960 84231
81329 84971 77335
76665 87923 77490
71994 81993 84531
79622 82670 82072
74898 84452 82523
83318 77141 80614
85870 73140 75725
72357 80958 85167
80051 74012 84219
84829 79977 73186
79429 80743 83276
74113 81757 84612
80790 83891 79977
72876 87955 78438
74322 86600 80324
85800 72981 76021
85635 77515 72701
69041 72708 87877
75211 75270 86569
83054 75571 81246
85220 78865 73898
81376 85592 74085
76958 81813 83943
82700 83205 77452
83364 80783 78947
78188 85871 79970
77730 84675 81653
76433 84624 82128
76212 88056 77523
82942 82162 78386
81160 85438 76425
81850 84588 76594
83675 76420 80325
74600 83580 83275
75468 81581 84519
74030 79263 85814
78213 88381 73327
75117 88328 77643
78678 74751 85079
77414 86958 78711
82686 83934 73934
74476 75542 86792
75796 89513 73428
83395 82838 73344
76964 89035 73667
83413 74076 80846
84268 80034 77567
77639 84421 81947
85795 74914 75580
84354 79926 77444
73125 89071 76368
81228 83708 79681
83814 80707 78011
73505 84236 82830
81745 83900 78470
74827 73796 86827
77912 88354 74895
86100 75536 72175
73103 86950 79875
72837 90269 72369
74436 79867 85502
82363 84249 75167
82948 78734 80597
77157 88605 75411
75178 89146 75773
85174 77633 76632
75525 87681 78566
75191 76232 86414
65425 68108 88215
72463 71411 87603
75052 75353 86617
82904 83475 74959
73736 89899 74136
82179 74348 82288
68185 69542 88123
74581 85293 81837
79266 87159 76508
86043 72419 74957
84599 79768 76669
79265 76810 84517
76304 89017 75238
71346 73804 87589
77621 78444 85023
66714 69309 88158
77054 84074 82412
77378 85655 80657
72988 90301 71646
79574 86280 77988
80957 81052 81889
79209 86729 77683
81196 77496 82889
79602 76880 84300
72543 77304 86659
77212 85277 81220
80043 77716 83847
80449 76285 83756
73362 75746 86981
85403 77981 74989
83259 82543 76585
85505 76391 76060
76155 88715 76192
71604 71999 87768
86287 73526 73205
85401 78159 74526
78517 79847 84123
80936 76920 83235
81509 75251 82929
72994 74788 87200
70984 76604 86981
83064 82899 76513
76219 71854 86299
69334 70911 88051
81318 79225 82327
81977 77254 82188
85587 77683 72622
79849 86680 76700
64119 66894 88226
68120 70612 88083
74168 72182 87098
76977 73560 85983
79560 80185 83383
82612 78853 80969
82185 79737 81129
76901 81150 84251
76240 89450 72672
79164 85304 79898
74367 72746 87031
73924 77296 86477
71242 72910 87741
86248 73368 73690
74181 77350 86418
84513 77228 78614
73656 90143 72960
66918 70650 88095
79751 84872 79892
80594 75462 83727
78388 73329 85275
81666 83663 79015
70522 70613 87980
80618 82512 81385
84607 80237 75515
83914 81238 77097
78761 81279 83420
82018 80700 80895
75432 72954 86627
81960 83083 79317
80662 85667 77429
71370 70972 87837
84590 76359 78726
86083 75407 73091
84631 80273 74990
73614 89400 75514
85634 77460 73364
77300 85931 80345
81767 82892 79788
75913 78120 85692
79366 85052 80027
78302 84877 81124
77904 88292 75306
84623 80428 73619
80599 81189 82153
77828 81097 83937
77776 88655 73003
77100 88450 76063
86024 72927 75070
82192 75646 82214
78223 75173 85303
73391 74638 87146
71615 83253 83669
68566 73535 87724
85930 72535 75503
74278 90111 72162
74200 90118 72323
86373 72337 72590
74476 71949 87009
78871 86295 78726
83135 73775 81207
66597 68740 88180
80753 74906 83623
79385 77523 84314
76045 77884 85720
72380 80409 85477
73429 87833 78613
80850 86145 74600
79908 81872 82321
83834 75864 80221
76073 84416 82369
85869 75611 74722
71717 79869 85803
78743 75952 84965
80578 83525 80627
72638 83433 83517
80248 86389 76595
81425 85370 75445
86521 72532 70586
82354 80581 80523
68117 72026 87971
83048 83111 75707
84481 79013 77833
82324 84206 75693
78695 84952 80735
82624 74591 81791
76483 83603 82945
75909 76952 86027
73324 74336 87198
83560 81414 77854
85845 76360 74139
83078 83283 74468
73961 89022 76388
78517 87659 76291
81235 83030 80347
74279 89298 75658
74096 74348 86999
83058 76378 81105
81283 78704 82537
85271 77433 76328
76668 76700 85816
79463 87214 75877
81325 75996 83038
75303 79767 85315
82330 75266 82082
74353 75744 86791
78442 86974 77971
75402 89322 75120
82238 83297 78366
75193 74135 86672
78441 76802 85007
78003 78471 84851
84389 80321 76725
69982 72739 87861
84943 77101 77691
79850 87097 74319
75832 86680 79907
84724 78326 77669
71892 89622 74966
76776 82509 83625
73628 86437 80552
84054 81484 74994
85232 78590 74998
85147 76936 77222
75034 74218 86720
80213 79448 83196
77966 74582 85478
74480 82123 84350
75135 85315 81725
84455 76105 79052
75524 86357 80452
85815 73823 75906
78919 84557 81015
85908 76413 72634
84084 80820 77100
85235 77389 76552
79012 77901 84437
79359 78539 84061
75626 73395 86539
84954 79644 74240
76882 88457 76222
74382 89350 75509
72540 76729 86832
74536 80675 85138
74861 87452 79089
79488 87280 75409
79188 87670 74266
85853 74484 75473
81810 85081 73503
77121 85023 81514
74752 87468 79087
79923 86938 75254
82144 84319 76332
73694 72577 87230
78410 82875 82692
74143 82068 84406
81170 84064 79280
73114 77248 86628
73121 90238 72507
72134 81486 84846
80515 75358 83802
83773 75783 80339
74782 87826 78557
73780 88265 77902
72545 90036 73657
80147 78374 83589
75720 89203 75201
82544 84119 74091
77508 77634 85254
81406 77262 82736
82603 82853 78274
77212 80272 84523
72710 82597 84114
80748 73898 83641
78350 82251 83097
79344 86054 78700
84285 77082 79115
83884 74622 80208
86426 72347 71979
80150 86635 75813
76563 85404 81312
72559 72546 87559
83514 82528 74855
79820 78158 83880
85589 75315 76372
78023 82035 83388
84037 81199 76454
82355 83751 77210
76096 82763 83641
84545 80494 74829
83365 75293 80890
81897 84256 77418
76896 88878 74776
84772 73510 78753
85601 77002 74992
80178 78927 83406
79398 83718 81573
78211 83956 82074
80390 78277 83417
69400 69957 88059
80814 81646 81721
79869 84868 79786
82148 84594 74642
72865 73473 87404
77298 85971 80294
73740 87430 79195
86053 75915 71529
74031 81282 84890
72291 73003 87571
83706 81983 75833
83880 80173 78387
82020 73955 82475
73359 86522 80441
78438 86299 79080
73589 76421 86781
80452 75890 83801
81089 84948 77972
83670 74570 80501
86334 72115 72988
74762 78490 85908
76551 77781 85582
69012 77076 86857
75750 89012 75792
78208 86525 78884
70812 74457 87507
85578 74406 76748
77487 76134 85592
75929 89588 72219
85426 75115 77113
84480 73210 79270
81517 79709 81917
84515 80078 76543
80699 79507 82806
82708 81959 79149
71165 79002 86221
76064 77138 85928
84933 75078 78330
82812 74336 81581
78886 83947 81710
79633 81563 82692
80139 85826 77985
72872 81116 85061
83583 82022 76476
67246 69820 88133
77139 88951 73697
72488 89718 74695
79375 79076 83894
76681 89280 72639
75267 89799 72263
83201 83131 74109
72678 75613 87110
71072 84084 82997
73188 87440 79195
77942 82727 83004
76336 86264 80289
76977 88582 75785
74782 89944 72440
78305 78466 84705
86525 71182 70588
71412 75130 87319
79640 74256 84517
83732 77509 79878
74686 79071 85735
74171 85686 81493
82477 84194 74416
81674 85086 75517
75600 80830 84819
80826 80144 82456
76032 76750 86028
83723 82268 74373
82563 78363 81201
83291 82020 77685
78965 82099 82836
83718 73353 80457
81841 77456 82289
68478 71459 88025
73295 88711 77088
83864 77930 79537
78105 85084 80991
74623 89000 76282
71064 90333 72087
70700 73661 87660
78759 76852 84811
72812 87003 79804
80533 74784 83822
79854 76350 84205
74062 76180 86755
81376 85574 74715
73843 85934 81187
78092 80054 84268
79566 74203 84573
75010 73115 86782
81809 83275 79310
75781 87253 79132
85054 76158 77830
76636 86863 79307
82286 76864 81921
79962 86181 77575
85732 73404 76290
79233 79969 83674
75290 82121 84243
84208 77951 79003
84123 80978 76615
75655 73832 86518
80724 84998 78520
84863 78595 76965
71886 71714 87721
80210 80757 82712
75546 87093 79438
84903 77846 77462
82913 78213 80807
71274 71503 87838
84424 80825 74026
82019 84821 73021
69522 73754 87680
81657 81651 80908
83616 82459 72698
85006 78545 76406
75375 89432 74727
79046 80904 83427
80251 84460 79876
83966 80065 78264
86173 75306 71453
73491 78424 86217
77782 88537 74157
86127 75264 72763
80440 86566 74785
84986 78443 76606
82557 83891 75529
71534 90271 72527
72975 83488 83461
75647 75649 86382
81185 81949 81192
81676 77894 82350
79732 78037 83971
75819 88508 76921
74105 77931 86245
76126 79141 85318
78773 75413 84989
85137 78760 75331
84786 77712 77796
80741 78860 82970
80414 81577 82128
81574 81037 81300
72143 79439 85963
70677 72938 87791
80151 76024 84026
71588 90402 70480
75222 86823 79914
73920 90163 72551
86411 72998 72157
71610 80930 85195
71685 73709 87567
83187 82860 75870
79248 85056 80133
84835 79154 76415
80795 83562 80342
73932 73011 87141
82054 82592 79610
77163 83349 82929
73583 90248 71792
71475 90224 72863
81640 85288 73098
75714 83479 83169
72149 73634 87514
78557 80861 83712
75014 88276 77792
84248 75276 79554
83172 79365 79961
86450 73156 71672
80210 85512 78451
85317 78621 73355
70885 71804 87891
75970 81867 84227
80694 84798 78893
74893 77031 86338
78898 87739 75294
86017 74295 74634
71149 90423 70257
77266 75239 85795
