34616 34384 4381
34534 41466 4054
40200 33800 4126
42027 31973 3802
39600 31400 4219
28322 44678 3575
31298 43702 3760
36365 38635 4227
41041 29959 4068
40604 35396 3931
31663 43337 3832
42417 28583 3784
36138 39862 4134
39682 32318 4208
35024 38976 4250
34733 36267 4360
35690 41310 3984
32339 43661 3644
32994 43006 3836
37687 35313 4305
29666 44334 3669
36832 34168 4348
34105 33895 4386
37359 36641 4286
38477 38523 3959
26806 45194 3339
40430 30570 4139
29415 44585 3585
33416 42584 3906
42048 31952 3740
41594 33406 3867
34588 38412 4284
40523 32477 4114
42733 26267 3627
39844 33156 4180
35902 38098 4278
42793 26207 3510
34319 36681 4351
34913 40087 4176
34684 41316 4069
35169 34831 4375
33278 36722 4353
29078 44922 3440
31497 42503 3991
32460 43540 3687
32104 40896 4165
38698 36302 4216
34137 37863 4314
34413 38587 4278
34408 40592 4147
42219 29781 3846
26904 45096 3427
39710 30290 4210
41527 33473 3897
36305 35695 4352
29301 43699 3801
28046 44954 3473
42589 29411 3721
41813 32187 3915
37793 32207 4324
40451 35549 3957
38675 31325 4284
35571 34429 4375
41880 32120 3885
37917 38083 4148
33153 40847 4156
36040 36960 4320
34088 36912 4345
39014 37986 3914
25821 45179 3374
27248 44752 3557
34766 42234 3810
29036 43964 3749
39166 31834 4252
42354 30646 3693
37096 33904 4341
40933 31067 4077
40933 33067 4043
41727 31273 3950
34545 42455 3720
42705 28295 3658
37136 38864 4152
30971 43029 3917
30022 43978 3746
32464 42536 3968
36133 32867 4366
35811 39189 4215
36428 40572 4011
33664 40336 4188
33511 34489 4382
42027 28973 3907
31974 43026 3890
41246 32754 4005
33980 36020 4371
41816 29184 3953
35108 39892 4186
39563 37437 3853
37584 39416 4012
32475 37525 4328
34149 41851 4010
37948 37052 4233
30441 44559 3485
33239 39761 4230
30867 44133 3666
39976 31024 4183
42805 25195 3526
33964 38036 4309
36680 37320 4285
38134 36866 4230
42635 28365 3698
36830 38170 4236
33050 42950 3846
41511 31489 3996
41139 34861 3774
40200 36800 3683
31954 42046 4051
30371 43629 3809
39591 35409 4163
42313 30687 3773
40878 35122 3864
37473 34527 4324
42824 24176 3450
32904 39096 4268
40187 34813 4106
30648 44352 3599
33142 42858 3862
33822 39178 4256
41084 33916 4001
39939 37061 3773
37911 33089 4316
33540 42460 3924
36321 37679 4283
39629 34371 4180
41717 33283 3784
37430 33570 4332
35491 37509 4308
41500 33500 3907
38964 34036 4259
39044 36956 4106
24747 45253 3286
36318 36682 4325
38492 38508 3958
40480 33520 4096
37137 37863 4241
34134 33866 4386
39665 37335 3840
31903 41097 4152
36480 33520 4360
38944 37056 4113
33073 41927 4054
33744 40256 4193
39064 33936 4252
35242 40758 4108
38397 32603 4299
32398 41602 4103
35572 35428 4363
39997 32003 4178
36803 35197 4341
41297 29703 4037
33687 41313 4103
40140 35860 3990
36302 40698 4008
32840 43160 3804
