57276 72724 6085
54446 73554 6109
69942 57058 6677
48573 75427 5660
62437 56563 6868
58079 71921 6260
81155 40845 5095
52632 74368 5973
61138 70862 6203
49029 72971 6391
53957 73043 6268
62666 70334 6044
63828 64172 6741
56542 65458 6806
55220 68780 6694
65705 68295 5966
63237 64763 6738
63047 57953 6859
55471 72529 6299
79979 45021 5660
79860 46140 5672
64305 62695 6768
77072 49928 6180
73678 60322 5912
68000 61000 6688
65682 67318 6401
74698 56302 6300
64242 63758 6742
48583 74417 6156
69937 63063 6398
67172 63828 6602
52271 72729 6392
63489 59511 6839
67106 58894 6766
62010 59990 6855
71585 54415 6610
80670 41330 5458
73722 56278 6434
76910 54090 6037
55175 67825 6731
77200 53800 5985
54370 71630 6490
64156 68844 6333
62470 69530 6392
70327 56673 6663
78227 50773 5956
50507 74493 6096
66468 58532 6789
58355 72645 5868
77687 53313 5805
78964 47036 5904
81244 39756 5043
57645 70355 6546
67544 66456 6249
60508 69492 6527
59485 64515 6809
67207 66793 6237
56360 72640 6212
58718 72282 6014
76030 50970 6295
51385 72615 6422
64419 56581 6847
65948 58052 6808
79086 49914 5594
57799 69201 6640
61872 68128 6592
56484 64516 6826
60122 58878 6876
71786 60214 6415
75889 53111 6284
51375 74625 5995
58306 72694 5825
65606 62394 6742
70999 57001 6623
80421 42579 5545
75455 51545 6349
57149 69851 6602
63792 62208 6791
64025 57975 6847
47042 73958 6251
72564 54436 6555
48839 73161 6369
76913 55087 5792
70088 59912 6614
70451 56549 6658
51975 73025 6356
53395 73605 6173
69625 64375 6245
80988 41012 5310
49376 73624 6310
69231 61769 6583
72191 57809 6527
67696 60304 6721
58297 70703 6486
56623 73377 5847
66209 67791 6177
74821 57179 6203
60161 67839 6676
58286 72714 5796
63265 69735 6214
78925 46075 5923
46351 75649 5652
49900 75100 5864
58185 70815 6475
63487 63513 6766
47747 75253 5897
53048 71952 6478
76563 52437 6215
48846 75154 5910
63677 56323 6855
60610 70390 6399
71549 58451 6560
67470 66530 6248
78395 51605 5736
58842 71158 6382
53944 72056 6447
70470 61530 6470
52777 74223 6027
51329 73671 6257
47641 74359 6171
57491 71509 6398
61015 62985 6823
55914 71086 6515
62468 63532 6788
46736 75264 5912
66176 65824 6519
77587 49413 6116
55891 72109 6363
64090 66910 6569
57760 72240 6203
80594 44406 5444
59162 69838 6556
77870 52130 5977
78836 50164 5810
51165 74835 5893
58691 70309 6519
79272 47728 5811
60499 71501 6024
65901 60099 6785
78951 50049 5738
43156 75844 5535
63978 60022 6824
47413 75587 5634
81313 38687 4948
54977 73023 6217
77641 52359 6018
69135 59865 6669
78065 47935 6051
64309 65691 6651
72184 61816 6105
62604 70396 6019
80566 43434 5484
69246 58754 6688
66845 66155 6430
64893 56107 6839
75291 57709 5974
73155 55845 6495
45499 75501 5792
80066 46934 5515
68552 58448 6723
60399 65601 6768
59747 63253 6832
73524 56476 6447
75723 57277 5818
49331 74669 6092
59380 70620 6445
64734 62266 6769
59412 59588 6875
56757 69243 6655
77840 49160 6081
67589 56411 6776
49780 74220 6184
71387 55613 6616
80447 45553 5394
61977 70023 6347
59945 69055 6598
62759 61241 6828
62082 63918 6786
58152 61848 6860
51592 74408 6055
62800 68200 6536
65542 61458 6767
55451 68549 6704
75725 57275 5809
78196 48804 6024
53616 74384 5673
47389 75611 5551
55860 68140 6719
76898 53102 6137
47400 75600 5597
61481 70519 6273
69895 56105 6691
59137 71863 6140
71553 61447 6325
77440 50560 6123
67832 63168 6597
51752 72248 6461
61932 58068 6869
80361 44639 5529
54124 73876 6023
79653 45347 5757
49635 73365 6342
56226 71774 6409
71863 62137 6126
57158 62842 6849
61081 67919 6641
62664 60336 6842
52254 74746 5702
78376 48624 5995
64516 67484 6494
75883 54117 6251
56274 70726 6542
76846 55154 5867
73139 54861 6515
57283 65717 6796
65782 57218 6817
56084 65916 6794
59888 63112 6833
67913 65087 6430
45912 75088 5978
78840 49160 5872
79310 48690 5738
55486 73514 5994
59058 67942 6698
64683 66317 6584
62188 58812 6863
73438 59562 6192
53546 69454 6663
51764 73236 6329
73814 55186 6455
79895 43105 5707
59823 71177 6291
61505 69495 6467
47515 75485 5738
73012 53988 6529
60778 67222 6698
61038 69962 6436
72286 54714 6570
62561 70439 5945
67956 58044 6750
77515 53485 5910
52851 74149 6047
59785 58215 6880
53214 70786 6579
76825 51175 6203
62048 67952 6599
78372 51628 5755
56678 70322 6571
79002 47998 5885
73949 57051 6361
68522 57478 6738
56649 67351 6746
70206 58794 6637
68508 59492 6705
64482 59518 6822
75369 52631 6349
57322 62678 6851
79477 46523 5795
66632 62368 6705
62697 62303 6809
54080 71920 6461
68927 64073 6428
59597 60403 6869
74922 54078 6372
55194 73806 5878
76097 54903 6171
44287 75713 5651
78387 49613 5971
75518 57482 5935
80729 44271 5357
60758 68242 6631
70703 58297 6620
70356 57644 6649
73805 60195 5870
73900 60100 5830
52417 74583 5888
44129 75871 5409
71588 58412 6558
55053 72947 6231
46366 75634 5671
75852 56148 6081
69142 62858 6511
80110 46890 5337
67957 66043 6254
68726 63274 6518
80804 42196 5393
69718 56282 6698
54905 73095 6203
45181 75819 5502
74858 58142 6039
57070 67930 6722
47660 75340 5845
47250 74750 6085
60993 69007 6553
52920 71080 6557
49989 75011 5925
66982 65018 6526
67267 59733 6749
59578 61422 6859
51022 74978 5751
67236 60764 6727
48700 75300 5819
48646 73354 6345
74886 56114 6284
78148 51852 5902
73603 60397 5931
53522 73478 6196
53888 74112 5944
74735 53265 6404
60042 65958 6762
80094 42906 5652
64109 67891 6477
58369 65631 6790
74460 52540 6430
53769 74231 5880
72919 58081 6434
48621 75379 5762
64964 58036 6828
61559 59441 6864
79661 48339 5522
55377 68623 6701
78406 50594 5915
70695 60305 6536
72930 60070 6230
81084 40916 5228
50763 72237 6464
61601 61399 6842
48573 75427 5613
73015 56985 6478
68244 59756 6711
65750 64250 6658
45565 75435 5831
76964 52036 6164
61749 64251 6784
81210 39790 5121
62482 64518 6762
74632 55368 6364
67249 62751 6657
54101 69899 6642
56920 66080 6789
69741 62259 6493
66258 56742 6810
54678 71322 6515
57072 70928 6502
61237 70763 6227
66122 60878 6762
67014 56986 6790
76816 55184 5879
80283 45717 5528
53669 74331 5812
50123 74877 6000
80890 42110 5354
67970 56030 6765
78446 51554 5606
58058 69942 6575
59131 62869 6844
56531 69469 6643
49787 75213 5703
64708 68292 6369
65949 62051 6739
79221 48779 5767
76573 54427 6096
71056 57944 6606
57382 66618 6770
61951 69049 6492
77751 53249 5701
55422 73578 5970
67471 57529 6773
71289 60711 6440
62022 65978 6726
55778 70222 6598
71184 54816 6631
80929 43071 5292
73652 53348 6486
49093 74907 6012
70087 60913 6556
71040 60960 6451
58007 70993 6457
66316 67684 6190
74012 54988 6442
65944 56056 6818
58966 70034 6541
56871 65129 6814
79093 49907 5512
59026 71974 6112
44163 75837 5541
66422 57578 6800
60495 61505 6853
57813 63187 6844
80026 44974 5644
76482 53518 6191
52590 73410 6256
60146 71854 5865
58011 63989 6831
77751 50249 6081
49804 75196 5756
77388 51612 6108
68028 63972 6524
50989 75011 5673
77844 51156 6031
80121 43879 5638
60291 59709 6871
72315 55685 6564
70391 55609 6670
58156 66844 6757
59971 71029 6315
79614 47386 5706
78963 50037 5726
47463 75537 5686
53301 72699 6374
56546 72454 6252
62721 69279 6414
67909 62091 6652
63509 69491 6260
79642 48358 5596
76553 55447 5948
63276 66724 6632
77568 51432 6079
77243 52757 6088
81340 37660 5006
58496 72504 5929
75673 57327 5855
55535 71465 6482
49044 73956 6246
62945 59055 6852
51971 74029 6149
60790 64210 6800
79909 47091 5600
73208 60792 5992
48306 74694 6099
56901 73099 5951
65738 56262 6822
74288 58712 6111
58373 69627 6597
50336 72664 6423
57925 72075 6233
72276 55724 6566
66732 59268 6773
70756 59244 6599
65859 63141 6707
62152 62848 6808
66695 60305 6757
81114 39886 5203
56591 62409 6855
67002 59998 6753
65031 67969 6383
64899 61101 6789
80540 41460 5506
64193 64807 6704
64032 58968 6836
55499 70501 6581
63014 69986 6155
53079 70921 6569
55064 73936 5800
62396 66604 6680
45281 75719 5630
62765 66235 6688
79516 48484 5661
55747 73253 6080
60275 69725 6513
75347 54653 6301
43129 75871 5391
56207 68793 6690
80754 43246 5407
72005 56995 6563
60222 64778 6793
64603 58397 6832
78445 51555 5665
48575 75425 5698
56521 66479 6776
58722 64278 6822
58236 60764 6873
54647 70353 6602
63840 61160 6811
75958 56042 6065
60661 59339 6872
52868 69132 6678
65821 68179 6122
79296 46704 5836
70784 56216 6644
68748 56252 6742
55034 71966 6429
61433 58567 6871
70781 63219 6192
80085 46915 5441
74013 58987 6138
60258 66742 6727
69314 60686 6629
81359 37641 4954
55265 73735 5908
52023 71977 6485
62573 58427 6862
57036 63964 6834
57430 61570 6865
61778 57222 6871
58609 59391 6878
50942 74058 6186
65871 66129 6516
65007 61993 6769
69018 56982 6722
65842 65158 6596
58418 68582 6673
59015 68985 6628
69526 59474 6658
66812 61188 6731
44151 75849 5514
73202 58798 6328
55010 73990 5712
79688 46312 5728
72773 61227 6056
54234 70766 6573
79438 45562 5814
78977 49023 5835
49543 74457 6139
62887 70113 6123
76305 50695 6268
73421 53579 6502
62092 61908 6827
68701 58299 6719
58593 71407 6350
62589 70411 5998
58887 63113 6842
44139 75861 5483
73544 58456 6306
56455 71545 6438
44130 75870 5439
52551 74449 5941
60783 63217 6822
67400 56600 6781
58673 66327 6769
69776 55224 6697
61923 65077 6758
71247 59753 6516
52866 73134 6302
58699 62301 6853
55758 72242 6343
52912 72088 6464
