85206 64794 8275
82379 78621 7632
64262 88738 8132
75718 77282 8534
62587 90413 7948
86944 71056 7555
91054 61946 6990
81740 79260 7713
73230 77770 8605
83180 74820 8070
62020 91980 7354
92063 53937 7160
71136 87864 7763
82790 78210 7549
71408 87592 7813
60374 87626 8285
68912 79088 8644
70619 88381 7525
79256 70744 8556
89849 61151 7680
87046 67954 7920
56041 92959 7452
64388 90612 7779
58018 92982 7268
63498 90502 7891
82964 69036 8392
92611 55389 6861
76356 76644 8530
65080 86920 8296
77885 70115 8617
69351 88649 7779
61185 89815 8065
89074 66926 7262
91724 55276 7262
53514 93486 7199
63697 91303 7501
72612 73388 8709
87376 62624 8064
84591 65409 8319
58195 90805 7951
82454 71546 8352
65625 84375 8464
88714 65286 7728
68564 83436 8458
74314 73686 8676
66792 81208 8597
63716 90284 7927
82499 78501 7613
51359 93641 7070
89857 62143 7631
90949 62051 7129
92567 54433 6954
87494 69506 7640
70041 86959 8086
59248 89752 8079
79920 73080 8476
75793 78207 8491
64474 80526 8632
85817 64183 8229
65184 79816 8653
82408 70592 8390
71021 71979 8737
89313 61687 7788
85867 66133 8187
85886 72114 7804
80420 71580 8490
66551 77449 8711
68603 87397 8112
69580 78420 8654
92709 53291 6887
70656 80344 8571
81048 79952 7780
90240 59760 7637
88296 68704 7235
59350 92650 7379
88909 66091 7589
74109 85891 7878
88587 64413 7821
87422 70578 7257
80958 73042 8413
65389 90611 7579
62417 88583 8188
67733 89267 7813
69371 79629 8622
90317 58683 7623
80857 72143 8453
78246 68754 8610
92830 52170 6809
78925 76075 8416
84013 75987 7713
82214 76786 8038
69095 82905 8477
76856 72144 8629
84546 67454 8295
57983 93017 7124
68422 87578 8099
75038 73962 8655
73495 79505 8532
59969 89031 8159
59758 92242 7588
91639 57361 7266
82920 78080 7478
71089 85911 8155
81588 67412 8487
55766 93234 7322
88609 67391 7528
88844 66156 7604
84986 75014 7487
77018 82982 8008
88243 68757 7343
91764 59236 6965
86135 65865 8162
67931 76069 8725
92056 54944 7155
83151 76849 7824
79679 79321 8135
68607 77393 8697
87539 68461 7759
80673 79327 8004
79805 75195 8399
71810 81190 8507
57426 92574 7577
61147 91853 7639
89681 64319 7514
67857 75143 8738
71881 83119 8380
57255 92745 7508
84273 69727 8239
53474 93526 7163
65001 88999 8073
52377 93623 7049
55035 92965 7459
68460 84540 8392
80290 67710 8536
86574 70426 7812
69575 88425 7826
81548 70452 8456
64349 89651 8006
87820 64180 7980
91837 58163 7097
84123 70877 8202
76730 80270 8318
69199 83801 8421
78205 82795 7862
61778 90222 8003
72427 84573 8224
93044 49956 6487
81238 77762 8088
68660 84340 8400
73217 84783 8142
68877 89123 7625
68034 84966 8373
84747 69253 8204
89596 65404 7379
67384 73616 8750
64023 90977 7667
92858 53142 6784
77956 71044 8608
59468 91532 7817
66258 81742 8580
92031 57969 6977
86228 72772 7462
65229 80771 8622
84216 66784 8334
54732 93268 7318
88864 65136 7699
60257 91743 7735
77525 69475 8632
76160 71840 8654
75872 74128 8627
69509 75491 8722
63414 89586 8049
85798 71202 7925
53405 93595 7095
76999 81001 8243
91807 58193 7113
91733 56267 7251
62490 89510 8084
68202 83798 8445
83702 73298 8110
85473 70527 8035
84335 73665 7983
92784 54216 6750
80873 76127 8262
90469 63531 7081
78780 81220 8041
72150 81850 8458
88193 61807 7967
92409 56591 6872
77382 83618 7830
59941 90059 8043
89165 63835 7716
79352 75648 8408
61492 87508 8291
70589 83411 8408
92096 55904 7120
72704 87296 7444
61004 91996 7573
79161 68839 8578
69844 81156 8551
72840 87160 7636
91322 60678 7097
78301 78699 8318
65916 90084 7770
69235 74765 8735
92338 56662 6942
77754 77246 8430
77926 81074 8153
71010 75990 8692
57972 93028 7022
72356 74644 8695
87376 70624 7393
72518 86482 7939
70728 77272 8668
56762 93238 7064
70291 77709 8664
84893 75107 7539
76269 70731 8661
72298 80702 8517
73569 75431 8658
52378 93622 7103
61704 91296 7793
64298 90702 7757
91277 57723 7378
78797 74203 8498
63248 83752 8510
87234 67766 7891
71991 72009 8728
71928 87072 7880
62490 87510 8284
81849 76151 8146
85771 72229 7823
92488 55512 6942
85075 65925 8275
76418 83582 7994
80570 79430 8009
86812 63188 8129
69226 78774 8649
76748 78252 8436
70790 88210 7669
75265 75735 8608
84025 66975 8347
88028 66972 7768
60685 92315 7391
74622 71378 8693
64337 84663 8458
62707 85293 8435
88285 63715 7917
81103 76897 8179
83353 72647 8196
66659 89341 7912
80944 74056 8373
85279 72721 7882
75594 82406 8225
83197 73803 8141
76464 76536 8529
73021 73979 8694
77536 73464 8581
72901 86099 7973
68290 84710 8385
64691 83309 8525
88585 61415 7914
93032 49968 6520
68708 89292 7522
74989 79011 8492
60510 91490 7799
73854 77146 8609
67709 86291 8272
85436 68564 8149
64269 81731 8590
76995 80005 8319
92182 57818 6844
77805 78195 8376
68730 76270 8717
84799 72201 8029
70659 81341 8525
72024 77976 8625
70259 87741 7929
54526 93474 7181
74951 82049 8299
67084 89916 7585
70474 87526 7953
65784 81216 8604
68639 74361 8744
89127 66873 7154
90757 60243 7452
83353 70647 8300
62929 88071 8233
65295 83705 8501
89664 63336 7614
66403 88597 8066
58007 91993 7740
60603 92397 7265
76503 79497 8384
68620 89380 7373
81986 70014 8437
60602 92398 7203
57084 92916 7429
89736 65264 7277
67612 89388 7784
75745 80255 8381
71971 83029 8383
73156 78844 8570
73092 75908 8658
65009 85991 8371
88054 64946 7905
79968 73032 8475
65201 90799 7393
92618 55382 6837
73654 71346 8707
68215 81785 8554
82563 75437 8107
74356 76644 8609
92225 57775 6806
67373 85627 8342
73064 76936 8635
60563 90437 7992
67378 73622 8750
87011 63989 8095
74047 80953 8429
87612 63388 8031
68609 88391 7957
75288 81712 8305
86868 65132 8089
91887 59113 6804
81898 72102 8377
89043 66957 7312
91067 61933 6968
88329 67671 7597
86675 67325 8030
77215 81785 8149
69753 85247 8293
76069 72931 8642
68605 85395 8324
89560 62440 7696
85804 73196 7617
69603 74397 8737
66755 84245 8450
59230 92770 7177
63499 85501 8420
85479 73521 7701
87208 66792 7967
65656 90344 7697
72699 72301 8718
63744 84256 8483
63565 88435 8185
70205 87795 7922
66915 90085 7475
67362 84638 8413
73495 86505 7807
79830 78170 8220
92321 53679 7074
78923 82077 7867
62154 90846 7884
83563 76437 7783
89030 62970 7804
84850 70150 8148
68178 82822 8500
76566 72434 8634
68156 76844 8712
67152 87848 8129
53535 93465 7214
67598 80402 8618
64842 88158 8180
67436 80564 8614
79214 78786 8231
79175 74825 8455
76455 78545 8437
89488 60512 7778
92657 54343 6885
75199 77801 8536
89604 60396 7757
71279 84721 8272
65469 85531 8393
63864 91136 7606
89123 60877 7835
63611 91389 7428
88894 67106 7420
75546 79454 8438
89085 65915 7544
70929 84071 8345
62207 91793 7489
74898 73102 8671
55582 93418 7106
90519 60481 7523
80269 77731 8211
67235 89765 7653
66845 90155 7367
82231 77769 7910
71585 77415 8650
85767 69233 8068
65965 88035 8157
70547 75453 8710
56877 93123 7321
89931 64069 7426
65009 89991 7900
56787 93213 7214
71005 86995 8004
75235 85765 7560
92902 52098 6732
89563 64437 7550
89447 65553 7447
63685 89315 8079
74344 83656 8189
65147 84853 8442
71366 81634 8495
70476 80524 8567
71398 78602 8618
85097 73903 7760
52622 93378 7261
80041 68959 8544
75609 70391 8675
84708 73292 7945
85843 69157 8061
77061 83939 7814
64655 90345 7837
83262 66738 8402
86855 64145 8111
87102 69898 7724
77258 74742 8557
58531 92469 7576
89906 63094 7559
92128 56872 7048
85086 71914 8000
73968 85032 8042
65414 81586 8592
82210 73790 8261
68936 84064 8411
76594 82406 8137
86220 71780 7746
78956 80044 8149
73383 80617 8482
61234 87766 8271
70376 82624 8464
63402 86598 8345
74160 78840 8535
68824 75176 8732
91544 59456 7117
66638 89362 7909
85253 67747 8210
87824 61176 8016
66369 83631 8492
64027 89973 7970
71093 84907 8263
69210 72790 8748
76241 82759 8129
67434 78566 8679
84670 75330 7604
73743 86257 7837
64126 85874 8391
82343 76657 8030
85968 66032 8178
61604 90396 7979
92126 53874 7141
87413 70587 7306
60812 92188 7479
75229 71771 8681
75107 72893 8669
73070 81930 8412
92957 51043 6658
77442 76558 8479
85676 70324 8013
90195 60805 7610
76552 84448 7766
66816 89184 7934
87807 69193 7557
85250 70750 8057
75679 84321 7969
82261 74739 8193
76196 84804 7730
73021 83979 8247
56285 92715 7549
80102 76898 8283
82301 69699 8423
86122 69878 7964
67681 82319 8537
90188 63812 7327
69457 86543 8168
80330 80670 7815
74013 72987 8690
70537 85463 8236
62336 91664 7576
68637 89363 7462
71947 74053 8710
71926 85074 8199
69845 88155 7868
91497 56503 7325
75534 73466 8649
66143 82857 8535
71144 79856 8581
67434 88566 8014
61091 90909 7907
60008 91992 7665
71345 83655 8361
83375 67625 8386
58227 91773 7785
58815 91185 7889
67893 79107 8657
59257 92743 7266
67023 89977 7555
90428 62572 7376
87322 64678 8038
75053 79947 8436
92589 52411 6973
51431 93569 7150
86020 72980 7539
88140 67860 7638
67323 74677 8746
87889 66111 7868
83880 65120 8368
74462 82538 8289
89099 66901 7215
92992 51008 6524
79352 80648 8035
59389 92611 7421
62068 88932 8155
56484 92516 7613
91323 58677 7317
74427 77573 8577
62007 91993 7317
78605 79395 8240
69070 87930 8009
81465 78535 7958
75502 84498 7962
70886 73114 8736
80951 68049 8511
69912 75088 8724
86365 72635 7364
64593 85407 8415
58335 89665 8089
57121 91879 7766
78128 81872 8030
79412 68588 8569
89895 65105 7143
88433 65567 7776
77264 80736 8244
61823 89177 8131
76833 73167 8615
82684 68316 8426
65098 80902 8618
64096 82904 8544
77718 75282 8515
78191 80809 8154
68960 81040 8575
63725 87275 8289
55644 93356 7190
84902 70098 8144
87209 65791 8014
70768 76232 8691
91960 55040 7188
74932 84068 8093
73780 78220 8574
90307 63693 7275
62544 91456 7654
63020 88980 8138
57859 92141 7707
60882 89118 8149
70021 72979 8744
65607 90393 7677
83233 69767 8350
66840 86160 8313
66665 80335 8630
82542 71458 8347
72752 83248 8334
79712 76288 8351
76744 84256 7785
90817 58183 7510
74460 78540 8536
87477 65523 7981
73314 82686 8346
54464 93536 7097
58186 92814 7419
68085 79915 8629
87909 69091 7522
82668 72332 8295
74657 85343 7916
89137 61863 7821
83306 75694 7959
68036 88964 7873
86679 71321 7641
66402 80598 8623
64894 87106 8283
83836 76164 7742
63524 91476 7247
70745 87255 7981
83906 68094 8337
87712 69288 7589
86582 69418 7904
79817 71183 8525
67990 89010 7866
59897 91103 7894
62246 86754 8343
88599 62401 7900
75995 75005 8605
72767 87233 7581
89420 64580 7588
92072 57928 6941
70113 85887 8210
87338 70662 7415
66180 77820 8704
76077 75923 8570
86323 69677 7939
66325 89675 7855
68042 75958 8726
86910 69090 7855
61832 88168 8235
68962 89038 7669
92490 53510 7003
71837 79163 8593
62777 91223 7732
72582 82418 8402
87507 66493 7927
66592 87408 8205
85403 66597 8227
86505 66495 8093
90489 63511 6935
64987 83013 8537
67072 76928 8717
86810 66190 8063
81630 73370 8346
89832 59168 7725
66396 76604 8726
61129 86871 8339
88142 68858 7440
92754 53246 6858
82246 68754 8445
72306 76694 8655
59634 91366 7852
84191 74809 7874
69483 87517 8042
88366 61634 7944
57619 92381 7643
54883 93117 7393
77027 71973 8626
70799 74201 8724
79544 77456 8297
82779 74221 8165
86158 62842 8195
87402 70598 7332
63668 91332 7481
61541 91459 7751
68813 86187 8238
66718 79282 8665
64243 90757 7741
89931 62069 7614
60725 91275 7848
77429 82571 8017
73297 86703 7778
71596 86404 8051
69400 81600 8539
85039 69961 8133
72291 86709 7917
68905 80095 8612
61313 88687 8190
89910 65090 7052
66104 80896 8614
92620 55380 6807
91172 60828 7168
81364 71636 8433
70375 78625 8636
79631 79369 8136
78610 75390 8466
74027 81973 8358
90430 61570 7494
84409 72591 8060
78812 72188 8554
86811 70189 7775
91237 56763 7402
82943 76057 7987
65371 78629 8685
91874 59126 6826
80377 69623 8522
67300 77700 8703
79157 72843 8524
65346 89654 7945
86099 71901 7768
80872 75128 8324
78760 77240 8366
56763 93237 7122
86301 68699 8014
79801 81199 7838
75051 82949 8216
86551 68449 7985
73291 72709 8705
67953 88047 8059
68474 86526 8218
84974 69026 8187
90390 63610 7192
69881 84119 8381
60801 91199 7862
80624 78376 8110
82458 67542 8448
91803 59197 6926
75076 84924 7941
62857 90143 7986
91293 59707 7248
70309 84691 8320
75456 85544 7639
69711 77289 8683
57186 91814 7778
91436 60564 6989
72928 87072 7686
77551 76449 8478
78722 76278 8419
80274 73726 8431
79223 74777 8454
91131 56869 7432
54622 93378 7257
68922 82078 8524
87260 61740 8081
75140 74860 8633
81590 75410 8228
71049 77951 8644
65365 90635 7561
83843 74157 8025
55958 93042 7413
69511 84489 8365
90885 61115 7303
71224 82776 8429
67477 79523 8650
65947 87053 8259
77692 81308 8152
63254 90746 7841
76863 71137 8640
84142 71858 8146
70591 88409 7423
88766 66234 7621
68686 89314 7507
90466 57534 7591
65805 89195 8005
64915 86085 8366
60114 90886 7927
86712 65288 8105
75711 76289 8573
86360 65640 8140
88077 62923 7971
65213 90787 7413
86170 67830 8080
65209 81791 8585
81576 76424 8160
59219 91781 7764
58843 92157 7663
57993 93007 7208
65171 90829 7265
91126 58874 7383
90547 62453 7324
91420 58580 7281
71651 87349 7845
60633 92367 7332
60087 91913 7688
82039 78961 7682
72033 83967 8308
68166 73834 8748
57911 91089 7905
81433 68567 8489
92884 53116 6655
89100 59900 7840
83985 74015 8014
88720 60280 7899
91704 58296 7166
77151 73849 8587
84869 71131 8092
88244 66756 7729
77819 76181 8475
74114 75886 8639
92992 51008 6528
77359 72641 8605
90768 57232 7524
88328 68672 7157
76632 70368 8654
72277 72723 8720
66969 85031 8398
86065 70935 7887
82204 71796 8364
90564 59436 7550
77939 77061 8428
67736 81264 8585
63553 90447 7901
70659 88341 7559
84661 72339 8040
