57697 52303 6467
61822 48178 6184
45029 62971 5893
65885 37115 5073
45493 60507 6527
62681 45319 6097
47389 56611 6697
64187 44813 5842
43121 62879 6162
64329 47671 5653
57894 57106 6057
47725 62275 6037
62275 49725 6067
48589 61411 6309
39033 63967 5655
36096 63904 5835
43731 63269 5770
63849 48151 5790
54697 58303 6353
42518 63482 5694
65146 40854 5574
55042 53958 6566
37932 64068 5649
48399 52601 6745
56308 55692 6430
62932 50068 5900
49083 60917 6392
63204 45796 6022
63103 50897 5567
37404 63596 5982
51660 57340 6599
41426 63574 5864
44094 61906 6356
50064 60936 6326
47037 54963 6733
59694 48306 6397
46636 60364 6528
37936 64064 5659
47891 58109 6645
55933 58067 6238
34768 64232 5505
65794 39206 5192
61475 46525 6239
65532 41468 5374
49425 61575 6122
36978 64022 5752
45554 56446 6704
45384 62616 6148
53431 59569 6304
64868 46132 5393
44884 59116 6619
46395 61605 6367
59115 48885 6439
41309 62691 6224
51084 54916 6688
47139 57861 6663
47735 61265 6392
62882 51118 5751
42811 63189 6029
57698 55302 6346
43280 62720 6202
64599 45401 5682
58072 55928 6225
42471 62529 6254
57229 49771 6540
47838 62162 6084
35913 64087 5720
44638 57362 6678
62952 47048 6041
49020 57980 6638
56778 51222 6544
60959 53041 6081
50993 61007 6028
60531 49469 6312
46136 60864 6485
65169 44831 5271
58749 52251 6403
57282 50718 6527
41431 63569 5869
46615 62385 6121
62780 49220 6000
59365 54635 6184
61163 46837 6272
64563 44437 5734
46333 62667 5903
51718 58282 6553
61056 49944 6242
56177 49823 6584
43641 62359 6276
48228 58772 6613
45155 62845 6017
61289 52711 6044
64565 47435 5549
59330 47670 6424
53142 55858 6595
48603 56397 6692
47354 61646 6315
61420 47580 6239
51190 59810 6463
33745 64255 5371
42653 62347 6291
63791 47209 5877
59105 52895 6349
56765 55235 6421
52318 57682 6556
65777 40223 5113
58221 53779 6383
51088 57912 6596
38059 63941 5786
45067 59933 6568
58666 56334 6037
59080 49920 6434
49004 60996 6380
38477 63523 6002
52974 60026 6205
52731 57269 6557
41350 63650 5763
51920 55080 6668
63193 48807 5937
51136 58864 6543
49813 53187 6732
60205 50795 6318
64820 44180 5650
43881 63119 5967
53423 58577 6439
43137 61863 6368
41331 63669 5695
60078 51922 6293
49463 60537 6444
44872 58128 6656
40709 63291 6063
60772 47228 6311
52736 60264 6088
50258 59742 6513
46611 54389 6740
53657 53343 6647
52505 52495 6693
64945 43055 5647
47256 59744 6567
40176 63824 5697
49247 58753 6599
65207 42793 5530
45085 61915 6342
53599 55401 6591
64429 44571 5773
51433 53567 6702
38404 63596 5974
65611 41389 5315
39088 63912 5766
45978 62022 6280
51150 55850 6665
65833 38167 5164
43869 60131 6560
53941 53059 6643
52956 58044 6508
61132 50868 6198
51651 54349 6687
45411 56589 6700
57681 50319 6511
49840 60160 6485
59214 51786 6384
61170 47830 6266
65550 42450 5124
60411 52589 6209
52373 56627 6598
63008 50992 5695
36835 64165 5601
61080 47920 6275
48496 61504 6291
63929 44071 5911
53499 51501 6670
61166 48834 6253
45065 62935 5955
46627 58373 6646
61092 53908 5831
47933 54067 6740
57308 56692 6247
58800 56200 6033
37293 63707 5939
64043 45957 5848
39516 63484 6009
40859 63141 6118
57359 54641 6407
35785 64215 5589
60263 53737 6142
54870 52130 6624
47300 52700 6751
65342 43658 5284
53240 57760 6508
62573 47427 6095
50616 52384 6724
60242 54758 5957
64674 46326 5593
40636 63364 6035
63731 49269 5713
50980 61020 5962
65746 40254 5224
46491 60509 6518
44017 62983 6044
42886 63114 6069
44359 61641 6395
39859 63141 6126
50568 54432 6708
53572 59428 6328
47552 61448 6357
46077 58923 6626
65823 39177 5085
49104 59896 6525
45348 60652 6517
44760 60240 6549
62413 51587 5875
65513 42487 5269
62729 51271 5793
63686 46314 5933
41843 63157 6090
54622 51378 6639
57176 57824 6026
51982 60018 6378
47412 60588 6491
50271 55729 6686
48926 55074 6719
55987 50013 6591
59716 49284 6392
65680 40320 5304
54139 53861 6614
64017 48983 5568
55277 57723 6362
50001 53999 6722
60590 54410 5910
46342 62658 5978
53916 57084 6507
52242 53758 6683
42435 61565 6411
63029 47971 6004
50210 60790 6352
54472 57528 6450
64208 45792 5805
46866 53134 6750
44660 59340 6607
56139 54861 6476
57968 50032 6499
65380 40620 5472
59564 55436 6008
48381 60619 6463
45529 61471 6407
41503 62497 6265
57851 53149 6432
48540 59460 6568
35827 64173 5636
64931 42069 5657
42526 63474 5797
63335 49665 5814
48931 54069 6734
54972 55028 6534
51252 60748 6223
48924 60076 6514
36975 64025 5750
41627 63373 6001
56934 56066 6368
46406 62594 6016
50170 60830 6345
46619 61381 6403
65812 39188 5136
61028 51972 6160
56037 51963 6566
59879 53121 6249
54666 59334 6067
63397 44603 6002
63352 45648 6001
51944 57056 6599
61689 50311 6140
41499 63501 5923
62521 50479 5971
46829 59171 6608
44665 62335 6254
49268 61732 5929
65475 42525 5336
61950 51050 6062
55151 58849 6208
55724 55276 6485
64419 45581 5740
44896 62104 6305
51082 60918 6156
63926 49074 5661
57491 57509 6050
48359 54641 6733
55956 56044 6436
54708 59292 6111
58995 51005 6422
58596 54404 6317
65375 43625 5221
58187 48813 6495
50911 56089 6663
49276 61724 6036
51233 56767 6632
51342 59658 6473
53280 52720 6674
54895 59105 6170
49656 55344 6705
48061 61939 6162
61814 52186 5985
55768 51232 6595
64784 43216 5702
52072 58928 6494
49591 61409 6212
47678 55322 6728
64995 44005 5574
52740 59260 6420
39275 63725 5905
60662 48338 6313
61796 50204 6127
47722 62278 5880
59003 53997 6303
41128 62872 6184
52863 60137 6160
47767 60233 6524
43801 61199 6456
56433 53567 6505
56709 57291 6246
35997 64003 5777
43596 61404 6432
45984 60016 6558
62164 47836 6144
55517 58483 6229
50661 57339 6629
48267 61733 6224
65683 41317 5185
47655 60345 6515
53792 59208 6337
59574 50426 6384
50510 55490 6688
56214 50786 6579
62168 46832 6157
43514 60486 6533
47071 60929 6455
47054 53946 6745
43781 63219 5865
64338 46662 5718
61691 49309 6183
40235 63765 5810
50780 60220 6431
49648 57352 6650
47912 60088 6534
60774 51226 6232
61154 53846 5769
46038 55962 6717
64751 42249 5715
59025 47975 6446
64286 43714 5835
57695 51305 6491
51556 60444 6313
56974 54026 6457
65144 43856 5491
54053 55947 6548
42130 62870 6176
58467 55533 6213
64155 44845 5849
64948 45052 5544
48069 59931 6543
62196 48804 6116
37053 63947 5799
64161 47839 5702
36874 64126 5675
46495 62505 6066
45645 57355 6678
65451 41549 5419
40335 63665 5880
64860 46140 5485
37234 63766 5911
52056 59944 6386
