23492 24166 22104
24287 24110 20564
24848 23779 22310
27692 20211 21988
27306 20364 22401
28147 19984 20676
23976 23940 22375
28196 18809 20814
24397 22726 23660
26112 22870 22889
23969 23359 23124
27959 20455 21463
24923 21634 23903
22454 24301 20330
27360 20564 22332
23485 23585 22853
25494 22087 23731
23790 24193 21039
24507 23609 22754
27773 20513 21837
28145 19722 20903
25201 23885 21698
26166 23322 22250
26326 21910 23335
25440 23690 22077
25933 21078 23590
24087 20279 24088
25974 21393 23550
22803 21529 24209
26995 20408 22732
25870 22729 23336
22762 20616 24237
22789 23818 22562
25235 22513 23633
22502 24269 20908
25490 21442 23748
26038 23547 21382
23636 21232 24158
28218 19285 20521
26070 20550 23504
25325 22972 23330
26760 23097 21001
27979 21436 20486
27830 21977 21675
26839 23000 21686
26068 23476 21832
23401 24192 21922
25501 23447 22690
25332 23553 22581
24043 24127 21587
27157 22299 22239
23170 24249 21042
23812 23253 23218
24748 22078 23841
28204 19436 20298
25153 23917 21120
27052 21872 22570
26431 22337 23004
27051 21129 22633
24090 21931 23954
27383 20776 22289
23122 24281 20464
23739 22579 23773
