62366 71182 74965
58482 77213 66636
69632 65227 70942
66292 69187 73632
65962 72832 69522
57175 69167 77055
60234 74800 71188
57094 70797 76350
53350 78316 62813
69977 67836 66700
61713 64669 77580
62946 74941 69295
70897 65138 67072
70347 67283 65727
65471 70407 73468
72100 61193 62474
54962 75544 71255
56219 73328 74168
58844 66826 77650
69908 68045 66502
71666 62534 65568
68848 70051 65105
61991 72453 74032
60783 73151 73630
63512 68216 76077
57980 65974 77896
55284 77455 67234
59365 71919 75294
61024 65115 77669
58674 69251 76978
56841 77683 65745
67218 67329 73634
61041 71680 75081
59973 76043 68826
69041 64445 72216
67417 70137 70976
62551 72024 74212
52500 78334 62540
59779 64829 77905
58446 75796 69988
65590 71855 71788
63620 75536 66389
63473 75636 65770
67922 64677 73648
70314 62087 70207
60278 63161 77972
64777 63973 76520
61303 70272 75911
52631 78191 64547
61720 71306 75132
71467 63336 65944
72019 60773 64187
68927 62900 72710
57252 77723 65229
70682 63744 68936
64785 65630 76319
59252 63705 78094
69360 67033 70441
64752 73899 69595
62020 65818 77338
55811 77523 66856
70212 63765 70209
56278 74324 72933
66706 68891 73387
62886 74949 69326
56909 75456 71072
62584 71347 74759
62596 76132 65342
69886 67854 67315
58808 71950 75382
71139 63793 67117
62913 75759 66850
64727 73143 71039
67037 72424 66971
69588 68516 67170
53686 78252 64120
62840 75252 68689
71956 62376 61958
69647 68427 67098
61813 67076 77036
58590 73402 73897
54711 78244 62772
66329 68743 73918
58274 70154 76638
56641 69949 76744
56762 71828 75688
62011 75303 69240
66819 67948 73791
65088 66239 75975
71867 62806 63702
67674 65582 73711
69061 67243 70934
62068 72931 73437
67908 68893 71656
63122 75837 65831
61650 75809 68308
62723 65973 77096
63692 72725 72662
62140 73182 73085
58368 76658 68157
60517 72803 74163
60795 65368 77677
62018 76102 66924
65455 67493 75293
53718 77535 67149
54662 77865 65858
64428 70612 74225
65515 65507 75883
65702 73273 68977
69553 67739 68994
55767 78153 62078
68625 67163 71668
57889 67283 77621
67673 68747 72140
56403 71932 75604
65145 74400 65661
60272 72301 74767
66903 70051 71999
59727 69703 76641
61783 73663 72542
58519 73605 73633
71641 60062 66184
62860 67830 76496
68467 70599 65851
53635 76891 68796
62912 66765 76808
59392 74083 72678
57974 75903 69943
64153 73874 70428
65838 73777 66170
71318 60546 67480
63188 74194 70659
62500 74253 71050
58074 71413 75941
64297 68803 75475
59540 73385 73663
71175 65104 64999
55486 75761 70839
64131 72837 72105
55487 77236 67830
60890 75474 69534
72115 60590 63143
58091 76548 68523
57729 74325 72723
57686 73176 74303
58764 75810 69834
57684 77813 62334
60181 74238 72204
66222 64717 75486
57450 70663 76407
54786 77871 65781
60916 67204 77230
60879 72244 74685
65484 74095 66079
66367 71379 71148
71661 62756 65396
72184 60573 61625
71225 64958 64352
55633 75431 71390
66305 73087 67641
68754 70135 66313
61224 69569 76319
70445 65232 68808
69688 64420 71105
57257 71837 75667
56657 78012 62808
68128 66703 72700
60482 76982 64332
65948 70421 72879
70670 66204 66551
58539 65917 77854
64333 73323 71217
59848 75898 69209
64619 73453 70662
64379 63547 76697
70770 64871 67861
57369 74529 72488
70235 63286 70295
64112 74252 69636
62329 73052 73147
55071 75924 70597
63163 65100 77163
63808 72193 73230
63211 73106 72481
62661 72478 73679
63677 74696 69125
69897 66504 69388
60847 74375 71709
66499 73120 65878
56337 77407 67062
67468 63160 74364
70278 66611 67838
66458 73149 66284
56774 77783 65235
58826 72672 74722
55909 76209 69938
70867 61797 68837
64650 74187 69050
71994 62072 62829
55303 77831 65769
71915 61752 64588
71815 62030 65060
67307 64430 74395
66346 73233 66580
70670 66281 66333
61279 68446 76758
67012 65303 74582
58861 77381 65458
71212 65023 63698
58495 66767 77694
67733 71565 66327
54843 77543 67000
64485 69134 75188
57585 77453 66365
57291 75835 70298
64296 71256 73813
62907 64601 77286
69035 68187 69953
54221 77021 68474
69776 68211 66927
65794 69513 73901
72070 61369 62793
70675 66487 65573
69105 65896 71550
71907 62097 64302
58009 71645 75765
59805 70950 75910
57619 76655 68478
66023 72959 68960
54680 76067 70371
55138 76906 68748
65335 71280 72701
63184 66808 76696
68695 70316 64003
63212 75295 68152
59109 65497 77869
56739 65454 78014
69324 66691 70740
70281 67430 64475
62969 73493 72069
57044 77685 65600
56594 62692 78161
59647 72521 74707
69858 68292 64804
68221 69368 70340
69005 69084 68470
67755 69224 71602
64958 74520 66553
54218 78249 63481
67154 64389 74564
66302 67873 74439
69042 68739 68977
65193 64642 76258
72241 58391 61602
61119 75966 68281
71490 60832 66791
65928 63352 75752
68803 69802 67665
67852 71179 67860
60371 63899 77952
63112 73879 71315
55424 77935 65221
60002 76629 67307
57691 77694 64640
69968 67425 67954
58509 68271 77307
71472 63114 66116
69438 63263 71801
71283 64738 65112
65075 74121 68118
66878 70875 70956
55577 75196 71756
56410 74652 72459
71142 64605 66473
61212 76700 64835
63223 70619 74947
54869 77280 67825
69810 67309 68714
64178 69030 75416
56190 77676 66089
71000 63381 67926
65036 72266 71922
61547 76587 64644
71467 61689 66766
58883 65848 77832
60114 72560 74541
69214 68396 69047
56118 78042 63493
66903 71659 69731
64853 64842 76440
69468 68458 68078
70712 66406 64272
70373 66739 67215
53562 78246 64197
57757 67024 77683
71620 63384 65072
62234 71826 74553
65858 66877 75192
60433 76453 67479
62379 75959 66959
63030 68879 75976
71706 61977 65746
64055 73374 71390
66099 71115 71935
65023 73617 69838
67594 63546 74201
59125 75018 71235
62999 75280 68467
67772 66525 73257
64535 74865 66748
57182 77491 66426
58303 76839 67768
62847 74690 69925
69746 68136 67405
70636 66602 64243
64397 71811 73158
53772 77917 65725
71231 63951 66586
62042 69334 76181
56574 76256 69670
65779 67831 74907
67544 67404 73148
60499 71103 75649
68025 63902 73687
66975 72250 67995
57274 68494 77277
68000 68941 71451
60954 73466 73132
61057 76497 66711
68312 63018 73493
56842 76356 69378
69339 69052 66834
62009 74786 70356
71153 64986 65927
57042 71716 75774
59440 77280 65378
68160 71019 65802
70763 64387 68262
63713 66014 76729
58681 71356 75859
72103 61231 62282
66289 66690 74890
58701 64320 78075
68669 65816 72284
59198 71007 75992
63574 73755 71209
69670 68648 64210
69718 68476 66031
62633 67616 76639
70428 64616 69329
65586 66752 75471
59589 63607 78061
53713 78320 61445
67219 68394 73068
69786 62306 71326
68925 64014 72509
70960 64196 67609
61576 76434 66033
69725 67944 68033
64204 74719 68454
62938 67027 76719
63474 72605 72971
58484 65322 77955
66481 70676 71898
71055 62745 68047
68365 68102 71578
59402 77040 66449
67616 63877 74137
63317 67315 76496
59454 64349 78005
63790 74892 68511
58259 72252 75228
55022 78098 64271
56070 76168 69975
62171 68276 76585
57342 71243 76084
53991 77349 67661
67123 72385 65088
71036 65118 66460
56616 64482 78122
64982 74060 68606
61009 72564 74283
56691 73198 74322
65513 69755 73992
57611 77190 67190
56806 77993 62592
60480 74979 70762
65122 67907 75372
69842 65322 70415
71937 62361 63675
62331 72430 73927
61272 73411 73097
66654 70743 71558
58371 74690 72035
57349 72703 74904
57107 66478 77810
67461 62821 74377
71199 60850 67929
65568 74016 66200
69477 66137 70779
63514 72040 73617
56239 77916 64768
69296 69224 65878
64986 68370 75262
54533 76354 69862
53888 76482 69676
54744 78187 63702
57991 77743 62895
66193 70074 72926
66909 67956 73679
66255 72676 69059
58415 67492 77521
66492 70255 72386
57906 64991 78039
69975 63529 70755
58730 73243 74083
54009 76137 70278
61539 72170 74510
71315 62487 67109
55438 78187 62333
71030 65550 64928
64406 68431 75596
70066 67406 67481
71769 62880 64564
60703 65839 77619
64689 74774 66236
70746 65639 67150
54547 75707 71013
67128 67321 73746
66817 66261 74492
62880 68149 76361
69177 65932 71419
64918 73271 70608
66418 64030 75359
65518 74035 66453
57452 66115 77887
65677 72663 70515
71783 60769 65570
66044 73610 65979
57885 73945 73263
66831 70184 71955
66772 64019 75008
62420 73494 72437
62432 76188 65527
68175 70950 66603
70282 66247 68282
57026 74782 72159
64521 72424 72260
64523 69936 74692
71077 61879 68188
71286 64711 65341
66176 69074 73864
70841 65077 67370
56916 67408 77598
63242 67840 76348
72174 59668 62837
67949 70170 69843
68107 70661 68309
70562 66675 65981
56684 72269 75313
70861 66010 65067
71249 62165 67499
67114 63171 74715
60936 76747 65468
56111 73638 73791
63464 75473 66997
68564 66783 71966
66502 71772 70334
67077 68840 72948
59172 67620 77399
70510 63458 69625
61771 76325 66223
64485 74884 67001
55632 77973 64850
62659 73100 72899
61009 63110 77813
65664 68533 74710
65295 69635 74301
56809 74112 73199
65600 68824 74587
68230 70976 64858
66746 69785 72541
59973 67930 77213
70048 67763 66412
65008 74501 66300
69273 69375 64283
70920 65733 65946
67525 70557 70156
62779 70700 75114
64552 66155 76319
65253 70287 73777
63585 74300 70129
64357 74766 67892
60656 70174 76143
64790 72882 71352
66506 73076 66499
57749 76838 67993
62089 63663 77546
64902 64237 76443
61459 73610 72739
59232 73767 73209
64515 66964 76157
71690 62939 65045
57144 65669 77972
63527 69673 75373
69878 65664 70116
61317 73081 73535
70082 64938 70051
63643 71253 74238
59664 72022 75148
70841 65792 66427
58428 63655 78143
59146 70684 76202
65389 63955 76131
67305 70016 71350
62122 75771 68041
68548 70320 67216
66292 64044 75469
68310 64132 73292
63402 72354 73323
56321 75562 71027
68797 68974 69333
55351 78130 63620
68809 69917 67068
58379 77645 63739
60514 69122 76692
65816 68617 74547
70202 63261 70370
61292 74196 71848
59808 71538 75510
62677 74323 70804
64842 74557 67174
60458 69652 76482
54254 77709 66513
53918 78292 62874
64951 71400 73024
60080 76967 65943
60145 73440 73415
60666 66648 77457
60194 64755 77862
61160 68878 76642
61056 76786 64029
68266 64923 73125
57815 77700 64321
66129 66333 75161
65195 72294 71700
59801 75757 69515
65583 73132 69738
54414 77999 65234
71850 60771 65239
61569 74696 70781
61153 76371 67168
56453 76974 68189
69662 63440 71374
64646 65442 76426
72129 60126 63327
65808 73699 66980
63248 71692 74150
65637 73788 67312
69626 68487 67007
61173 71036 75493
58268 77690 62652
57660 75349 71064
65362 74183 66391
62983 72298 73675
70332 67117 66466
62068 70258 75660
66302 64745 75421
64312 74623 68523
59973 66349 77623
65492 66508 75625
68220 64124 73404
65162 67573 75487
71629 63620 63278
68567 68250 71057
59815 77231 63705
67248 71649 68758
52445 78358 61881
60165 63979 77981
69675 68283 67388
64620 72960 71439
66646 72369 68718
68210 65730 72962
69346 64369 71712
63554 75384 67179
68583 69341 69349
