20955 24045 2570
28389 20611 2393
27274 21726 2465
23387 22613 2598
28596 19404 2412
19338 26662 2207
29498 18502 2209
25518 21482 2570
26810 22190 2489
22470 23530 2577
21868 25132 2485
29562 17438 2221
24644 21356 2587
18517 25483 2490
22036 25964 2283
20646 26354 2232
18083 26917 2238
25735 22265 2538
22143 22857 2610
20868 24132 2566
25141 21859 2573
21179 25821 2415
29148 18852 2342
26176 20824 2551
22692 24308 2530
19841 24159 2567
21751 24249 2552
25358 22642 2541
21133 24867 2521
28941 20059 2323
21419 22581 2613
27546 21454 2450
23860 25140 2403
23368 22632 2598
29649 17351 2035
29643 17357 2149
21244 25756 2425
26741 23259 2271
24441 23559 2520
16930 27070 2173
20555 25445 2482
20805 23195 2603
20322 24678 2535
24357 24643 2422
23796 24204 2491
14681 27319 2191
18623 26377 2429
16366 26634 2394
21452 23548 2589
16983 27017 2291
29628 17372 2193
26091 21909 2535
19343 26657 2318
26382 23618 2275
22870 22130 2607
29668 16332 2072
26253 21747 2532
25415 23585 2461
27394 20606 2505
29403 18597 2272
23869 22131 2595
22369 22631 2610
18700 26300 2439
23808 25192 2324
28166 20834 2409
16080 26920 2321
19928 24072 2571
26683 21317 2522
26332 22668 2482
19288 25712 2475
