25585 29600 34292
27928 31649 32426
25758 31917 33343
25721 28865 34296
30264 25758 30531
29499 28903 32312
29148 30419 31844
25269 33108 32351
26361 32047 33020
30192 27593 30503
28935 31100 31470
29504 29182 32116
28277 31171 32443
26987 30214 33770
27588 32058 32285
24099 34372 30040
28530 31868 31291
26650 31209 33396
28659 30706 32415
28685 27381 33257
27064 31379 33134
29956 28634 28972
30202 26975 30814
25661 33120 32204
30144 27870 29942
26956 32356 32397
29634 29647 30705
30333 26044 29837
29798 27761 32362
23769 30750 34038
26799 32797 31990
26398 29607 34073
28816 29606 32874
30103 27332 31245
23773 33518 31951
28732 28937 33135
29255 28688 32701
27508 31922 32494
29130 31021 31088
29966 26734 31940
25775 32164 33149
28594 31544 31697
30150 26492 31189
24674 33256 32347
25116 32798 32719
24910 34401 29646
28289 28484 33414
27848 32839 30811
29380 30563 30209
26490 34032 29979
27478 28455 33808
27619 32640 31482
30034 28002 31236
29344 30645 30410
28816 31783 30842
27930 32413 31444
27001 29693 33864
24373 31550 33671
29343 30340 31462
29129 31124 30786
26250 33289 31706
25771 34376 29428
25690 30598 33914
26049 30085 34056
30268 26991 30183
25742 33361 31860
26523 28584 34155
27461 31238 33002
30325 26140 30074
29161 31179 30237
28292 32697 29795
28128 30527 32912
27349 33051 31078
24831 29228 34405
26214 33437 31492
26296 34329 29375
25359 34415 29075
26438 31336 33418
30014 28401 30650
26565 34158 29228
27810 30760 33019
28545 31258 32197
30260 27087 30420
29648 29744 29586
28227 29437 33372
26491 29239 34113
29309 29261 32498
29883 28092 31870
27779 33247 29964
24698 34268 30687
27431 32499 31878
28766 32109 30165
25715 27860 34308
27044 28260 33972
29670 29565 30504
25509 34297 30293
28376 32267 30892
28141 32353 31177
25741 32838 32487
27963 28769 33577
27637 32899 31078
29946 27307 31983
24654 32528 33003
30183 26594 31009
27798 29779 33564
25848 31490 33537
29163 27964 32906
24924 28860 34445
28581 32322 30200
24346 33068 32525
29729 28974 31488
26327 32721 32358
26927 32978 31636
29751 29420 29050
