68846 57986 68451
61806 64761 72491
56647 56987 75461
61131 63099 73721
56969 59095 75262
66880 65618 65229
66732 61005 71063
63422 65146 71087
61777 58016 74491
61599 67497 68028
56167 57227 75481
66901 65405 66635
64293 65155 70293
66102 59689 71967
61143 64370 73036
64103 67150 65242
66922 65630 64753
68814 62232 65463
59795 64391 73252
68529 58291 69024
65087 64476 70433
69290 59912 65994
64823 61381 72649
69657 59836 62381
60258 61046 74595
59081 66815 70555
56788 58305 75377
59992 65192 72509
59517 65855 71829
65090 66693 65329
69534 59391 65164
68764 60143 67879
58487 61643 74684
70040 56139 63164
70089 56515 61780
63183 58465 73951
65712 66051 67120
59328 64503 73233
63008 67618 64638
68126 61192 68877
68793 60991 67088
69050 60744 66388
61754 67473 67930
67635 64972 64865
62391 61052 74068
58217 65457 72364
58689 64389 73344
61315 67951 65300
65024 62199 72208
62999 67525 65625
65356 65755 68272
60887 67592 68448
60233 67471 69285
67114 62287 69969
63188 66151 69813
59519 68106 66267
65662 66407 65216
69163 58634 67353
63852 60891 73432
61779 62975 73598
60819 61950 74276
67869 59458 69942
55317 57478 75493
67371 65249 64363
60515 61040 74548
67193 58491 70882
68304 61414 68232
64304 67161 64419
69947 56232 63906
67476 60929 70124
67781 62800 68465
58570 58340 75284
68435 57434 69179
63494 67129 66879
67172 61687 70175
66634 60083 71331
59676 57016 75106
63252 62346 73342
66519 59070 71608
59106 65062 72744
68437 61059 68128
62148 59089 74334
69875 57079 64388
61778 65409 71757
62371 65458 71433
67901 57651 70009
68823 59837 67898
62350 66264 70219
69917 58247 62733
68281 63009 66756
67584 64664 66597
65714 62212 71584
60227 63651 73640
61911 64092 73021
59458 68129 65941
60910 60061 74636
59932 67525 69089
62108 66885 69215
58667 68182 65177
58687 60976 74827
67984 62530 68231
57740 64245 73472
64552 59517 73150
61582 66885 69736
67455 60021 70366
59753 65514 72192
63773 62602 72934
66770 65397 67284
65243 59409 72741
60262 67880 67760
63430 60720 73713
61973 67834 65368
68412 63511 64877
59067 59498 75107
66089 62277 71212
66769 65770 64211
59349 60860 74770
66023 65982 66813
66663 64369 68793
62244 63823 73075
68320 62740 66971
67277 63789 68595
59994 58880 74982
60894 64967 72535
63009 67333 66691
64851 65236 69641
65272 63735 70991
57596 59761 75141
65296 61924 72117
68552 62218 66693
59247 66568 70951
61033 65885 71508
62123 67495 67345
68048 64063 65687
65553 65067 69209
69479 60692 63898
65888 60996 71915
70132 55401 61738
70086 56762 61378
59369 68021 67156
67311 62237 69729
60817 57806 74837
60172 67141 69946
59684 66471 71057
67979 59150 69836
68654 62952 64618
69762 57029 65073
59957 61805 74462
62776 64217 72439
59000 68137 66165
68497 59621 68768
58106 60510 74979
69106 56847 67868
67783 61070 69594
63261 67541 64747
60981 67885 66944
66405 65886 65681
66493 62243 70759
63298 61878 73544
59915 68118 65671
66646 65145 67845
62054 61568 74113
67144 65341 65731
67486 62816 69038
63446 64458 71788
60498 68033 66286
67111 65321 66115
68246 63768 65234
62611 67058 68292
60643 61318 74464
68497 61811 67323
70145 54796 60986
66104 63165 70583
66510 64083 69362
68979 58132 68124
68442 63112 66057
68219 59771 69333
59022 65515 72269
69821 58996 62473
68730 62685 64988
65913 64905 69076
67235 59226 70775
64563 62965 72170
64307 65912 69166
67538 58275 70456
70136 55159 61796
58757 63489 73862
61197 67311 68983
65360 64798 69784
63475 58680 73791
55258 55811 75559
62823 64740 71926
59448 60631 74812
64339 64203 71364
69198 58939 67090
63613 60456 73650
68275 58026 69434
56188 59049 75284
60390 64091 73375
64473 60754 73064
60400 66643 70739
61117 65432 71983
70141 55085 61325
62711 60357 74044
68889 56471 68356
69321 58339 66886
63579 60666 73637
64178 63423 72127
65201 61148 72459
56923 55805 75475
70100 56036 62339
62111 65232 71824
61738 66216 70664
61880 60263 74350
62680 65243 71500
68937 61188 66381
67203 65413 64381
65541 60439 72355
56080 58697 75350
69840 56774 64651
69080 59590 67198
66659 57674 71482
68918 62362 63297
57383 55724 75445
59050 66290 71362
65072 64522 70391
63375 60286 73802
65565 65554 68418
67673 63672 67966
68248 63638 65823
66290 60450 71633
68685 61863 66589
64062 66760 67358
60464 64342 73195
62692 67684 64734
66161 66144 64645
58217 56530 75341
59532 64677 73059
70009 57474 62803
66848 62773 70049
60655 65583 71964
65447 64314 70300
65721 60275 72239
61731 59627 74455
55475 56563 75532
62773 63056 73214
69807 58925 63594
69485 58368 66266
70004 57813 61625
69284 61285 62650
64975 60583 72757
57874 65911 71875
65987 63770 70207
55565 56182 75540
61505 61463 74278
62681 61241 73933
67467 65136 64883
68701 58544 68685
67778 64138 66831
63188 59376 73949
69637 56848 65726
59152 57013 75192
58872 65742 72022
67023 63352 69358
63284 67356 66039
66731 64899 68046
69401 57204 66817
66255 64286 69439
63070 60325 73916
69021 59896 67179
67350 65024 66245
65986 61937 71493
58701 64629 73170
68691 62884 64194
59237 58241 75157
61615 67905 65823
60514 68070 65559
63013 64974 71554
61596 63947 73198
69446 59845 65142
56784 55416 75488
68552 62157 66759
63321 66426 69073
67728 61906 69257
62554 58837 74194
65634 65915 67633
63565 64643 71513
70120 55888 61048
69632 59962 62648
68014 61709 68793
69234 57070 67525
67121 64877 67393
59252 62108 74453
69691 58999 64456
67051 59464 70972
68407 61880 67566
66495 65749 66359
69738 58560 64536
69739 58180 64840
59849 67950 67479
68952 62140 64674
68146 57227 69636
69672 58753 64866
58363 62521 74319
64285 66991 65951
69036 61687 65149
62950 67610 65054
57666 55474 75412
64887 64193 70948
68123 59723 69532
67205 64424 67868
59124 63182 73995
63156 64471 71980
