25661 33339 3507
31409 30591 3540
31890 31110 3435
37081 21919 3185
35327 23673 3469
21747 35253 3189
32446 28554 3612
37404 19596 3110
33933 26067 3591
29797 29203 3697
36657 24343 3070
36139 25861 2976
37196 21804 3146
34708 26292 3466
35110 24890 3476
36809 22191 3256
30049 31951 3513
33265 29735 3373
27220 32780 3536
37187 22813 3032
37617 20383 2971
36379 24621 3205
33306 29694 3370
36042 25958 3076
36648 21352 3305
21505 34495 3376
37437 20563 3090
26678 34322 3172
31769 26231 3719
29413 27587 3747
26688 34312 3183
31213 28787 3669
34228 28772 3269
23432 34568 3354
36610 24390 3106
21155 34845 3319
30173 29827 3658
31046 31954 3425
27644 33356 3458
25961 34039 3390
28982 29018 3715
28217 33783 3205
20599 35401 3029
37216 20784 3180
33918 28082 3450
33082 26918 3642
28195 33805 3143
37037 20963 3226
35122 27878 3062
35858 26142 3174
36678 23322 3247
34482 27518 3402
28335 33665 3314
37424 21576 2960
35243 26757 3309
32206 26794 3692
30673 32327 3362
30370 27630 3736
27262 33738 3387
24964 34036 3438
31025 31975 3423
37122 22878 3096
32006 29994 3533
26422 33578 3462
33764 25236 3608
30393 32607 3297
29091 32909 3460
18451 35549 2948
23255 34745 3319
34805 28195 3178
30263 30737 3602
30053 32947 3139
26977 33023 3517
33740 29260 3329
30022 28978 3700
22969 35031 3228
36701 22299 3281
35945 22055 3402
30554 32446 3335
27616 33384 3453
30718 32282 3371
25531 33469 3497
21679 35321 3139
37912 17088 2800
22849 35151 3179
27182 29818 3689
33999 29001 3304
30837 28163 3708
30841 31159 3538
33045 28955 3514
37413 21587 2999
25429 34571 3232
32823 30177 3177
35352 24648 3447
22848 35152 3099
33354 27646 3574
37348 21652 3063
36107 25893 3012
20666 35334 3154
36735 23265 3233
26824 33176 3504
35261 27739 3005
30100 32900 3226
23152 34848 3289
33489 26511 3623
26862 34138 3292
29177 29823 3685
29084 31916 3562
29997 30003 3655
35742 23258 3428
25681 34319 3325
32180 28820 3612
20723 35277 3200
36241 24759 3241
23737 34263 3412
24332 34668 3290
36743 24257 2968
30488 30512 3605
21970 35030 3268
36285 22715 3358
28500 31500 3626
23529 33471 3503
37353 19647 3132
36577 24423 3128
37769 18231 2928
21871 35129 3238
36051 23949 3359
35557 25443 3367
28251 32749 3513
34482 25518 3550
28615 33385 3379
32944 26056 3672
32483 27517 3658
31043 26957 3737
24178 34822 3253
27015 31985 3602
18538 35462 3062
34021 26979 3536
37450 19550 3087
24027 34973 3148
