86078 74922 8382
97444 61556 7647
93118 68882 8090
86551 72449 8472
83363 80637 7926
80178 77822 8459
68282 86718 7175
72987 85013 7691
86339 73661 8432
73503 79497 8512
81866 82134 7446
79078 75922 8584
96481 60519 7872
77037 78963 8480
75329 82671 8147
73879 85121 7528
66521 83479 8233
79136 79864 8343
82029 79971 8198
74696 78304 8562
83006 73994 8551
93067 66933 8180
72256 85744 7269
62656 87344 7378
67480 84520 8072
72459 81541 8377
75580 81420 8312
73604 72396 8688
76557 84443 7378
94647 69353 7505
63265 85735 7851
90430 74570 7968
99203 58797 7029
96977 61023 7777
98512 59488 7445
61203 87797 6986
81859 82141 7313
98372 60628 7387
79774 71226 8649
79505 82495 7913
96660 65340 7407
96140 59860 7923
69795 85205 7848
77851 80149 8363
95516 67484 7628
89949 69051 8364
73639 85361 7316
80088 69912 8648
95729 67271 7532
70957 83043 8236
84124 74876 8476
96721 63279 7740
91171 68829 8287
97532 58468 7710
65052 85948 7798
87473 77527 7985
71875 84125 8026
70595 84405 8014
69056 85944 7654
84705 79295 8054
74519 72481 8686
68318 85682 7783
67143 85857 7782
69118 83882 8156
97491 63509 7281
78449 82551 7995
80767 82233 7829
72228 84772 7834
83189 71811 8591
76766 78234 8530
80048 82952 7573
79629 72371 8647
75199 83801 7919
86932 73068 8430
65466 86534 7633
78122 83878 7402
100406 52594 6962
83193 75807 8465
70420 85580 7686
78766 83234 7737
80963 79037 8342
68944 84056 8130
90149 75851 7577
98591 56409 7527
88832 75168 8118
80517 81483 8045
74894 72106 8686
95502 61498 7991
71274 83726 8132
73544 83456 8101
96629 65371 7458
91093 69907 8266
76499 84501 7252
67268 86732 7408
90085 67915 8366
75469 84531 7623
69821 81179 8432
87423 68577 8489
63991 87009 7513
94399 68601 7851
79088 82912 7825
90540 72460 8178
73608 85392 7220
66974 86026 7740
89109 70891 8382
69034 84966 7939
97351 60649 7710
75895 75105 8655
92842 71158 7920
94179 68821 7884
69793 84207 8087
87715 75285 8232
70222 85778 7620
69911 84089 8106
86263 74737 8383
74349 80651 8417
99959 56041 6986
89236 68764 8407
90808 73192 8080
86320 71680 8505
87600 70400 8478
76456 71544 8681
81394 75606 8532
79459 74541 8623
99617 57383 7093
97925 62075 7390
69991 86009 7541
83943 79057 8176
92324 69676 8151
73833 77167 8615
74417 75583 8656
89321 72679 8284
99988 53012 7154
99856 56144 7116
86225 69775 8529
73532 84468 7836
79584 77416 8500
81237 80763 8124
70847 83153 8224
71769 78231 8588
83746 69254 8589
98661 57339 7492
87952 76048 8122
76156 78844 8507
97147 59853 7766
88560 77440 7764
95851 61149 7954
66505 86495 7610
96513 63487 7778
73687 85313 7389
97285 63715 7464
80169 80831 8183
98616 60384 7230
89794 76206 7719
94878 64122 8038
86550 70450 8515
95165 66835 7854
79158 80842 8234
80084 79916 8303
61361 87639 7243
85401 71599 8536
77457 75543 8630
83557 72443 8573
90584 69416 8316
83624 69376 8591
71148 84852 7874
90284 70716 8304
75299 84701 7565
80831 78169 8416
71109 85891 7459
87769 74231 8319
88631 71369 8399
75702 80298 8412
85337 69663 8554
80094 82906 7599
82838 81162 7845
76259 75741 8637
85958 79042 7936
78168 83832 7453
81966 72034 8614
77266 79734 8416
68465 80535 8478
68260 86740 7017
99885 56115 7096
69173 85827 7689
92433 72567 7757
91437 73563 7895
98645 60355 7201
85567 72433 8513
87071 72929 8429
76022 82978 8057
85711 74289 8432
64889 87111 7385
84291 80709 7586
78092 83908 7263
96429 64571 7733
91417 72583 8049
69248 82752 8302
87294 78706 7647
83280 70720 8594
75645 76355 8627
75296 73704 8679
66721 85279 7924
78543 79457 8399
71343 84657 7920
91842 73158 7850
90933 74067 7937
81547 77453 8435
84641 73359 8518
59051 87949 6927
98823 56177 7480
76466 76534 8610
97343 62657 7601
86713 73287 8431
68198 83802 8183
96904 61096 7788
65667 86333 7696
70373 83627 8169
79914 83086 7424
96120 65880 7673
69583 86417 7200
92771 70229 8044
85554 78446 8095
86930 69070 8506
97712 61288 7582
71528 79472 8533
79449 75551 8589
70841 86159 7136
71009 85991 7369
100187 54813 6989
66120 86880 7441
95709 63291 7935
99687 55313 7249
97043 61957 7733
76584 84416 7434
63005 86995 7537
99276 56724 7329
89053 67947 8421
62465 87535 7255
68694 85306 7867
81376 70624 8627
72814 77186 8619
84642 71358 8560
63921 87079 7487
67266 82734 8315
71596 84404 7975
94594 64406 8068
65763 87237 7068
61627 87373 7400
82461 81539 7739
58187 87813 7159
91667 71333 8121
96444 62556 7829
71417 81583 8390
73661 85339 7351
92372 70628 8077
57064 87936 7037
84865 70135 8564
78901 73099 8653
79898 83102 7338
85481 73519 8482
82893 76107 8461
83201 72799 8575
77538 83462 7812
64242 85758 7845
72691 83309 8157
72268 85732 7290
81974 77026 8444
79276 82724 7870
100134 53866 7096
75016 84984 7174
97681 62319 7499
93476 67524 8114
76797 84203 7574
87225 78775 7628
88453 72547 8364
74627 82373 8222
78771 74229 8638
62302 87698 6989
69546 86454 7121
97106 63894 7540
67072 86928 7249
72860 74140 8676
76637 83363 7945
76493 80507 8374
98549 60451 7289
82149 81851 7642
63703 86297 7730
78301 72699 8661
98562 60438 7280
70615 83385 8198
77590 73410 8662
91089 67911 8307
81133 78867 8349
81467 71533 8624
75766 71234 8685
74540 84460 7758
67672 86328 7599
93330 66670 8160
84024 80976 7428
79660 81340 8134
97050 58950 7790
75689 73311 8678
65924 85076 7981
85028 77972 8214
83560 74440 8516
76973 84027 7643
82256 72744 8599
88685 67315 8438
97906 58094 7643
73979 72021 8688
77797 73203 8662
95229 63771 7999
90730 71270 8240
64740 85260 7948
81881 76119 8495
79904 82096 7972
79490 77510 8498
72204 85796 7117
98155 61845 7107
99079 58921 7244
65184 86816 7544
68765 83235 8249
92932 72068 7544
72690 72310 8688
89176 69824 8401
94604 69396 7547
87369 73631 8376
94383 63617 8098
89074 75926 7993
82007 80993 8008
63621 87379 7289
85246 70754 8551
69081 81919 8384
73231 82769 8214
71885 85115 7749
58121 87879 7093
76034 80966 8343
78285 73715 8652
80691 77309 8472
98942 56058 7453
76561 74439 8659
71148 79852 8514
69768 82232 8348
90614 74386 7959
82020 81980 7585
66352 84648 8063
91339 71661 8141
75739 76261 8629
78537 80463 8311
76025 77975 8560
84449 80551 7651
96184 62816 7867
99993 55007 7136
71638 82362 8308
74781 76219 8637
91402 66598 8300
95501 66499 7795
79970 83030 7514
97883 62117 7417
80905 82095 7852
96918 64082 7613
94530 67470 7934
97521 59479 7699
96323 63677 7812
84148 75852 8424
85531 75469 8379
80477 76523 8517
100220 53780 7056
88746 72254 8356
91772 70228 8186
93447 65553 8171
75049 84951 7322
63417 87583 7036
72870 85130 7656
94684 69316 7410
90159 75841 7567
88990 77010 7763
96569 65431 7504
74818 79182 8512
83222 74778 8514
97809 57191 7666
99126 57874 7328
64013 85987 7797
95860 66140 7730
76519 79481 8457
88557 76443 7995
75181 79819 8462
87547 71453 8458
86679 77321 8118
75064 84936 7389
81376 72624 8621
80211 82789 7659
69831 86169 7452
67927 85073 7946
79736 73264 8638
69679 83321 8223
81125 69875 8632
100559 49441 6644
61226 87774 7113
77216 83784 7724
77681 81319 8241
83965 81035 7347
74167 81833 8307
90264 69736 8331
63225 86775 7618
98720 60280 7033
79008 70992 8659
60117 87883 7053
69514 84486 8036
72275 85725 7298
89933 71067 8317
100325 53675 6990
84920 80080 7815
82090 73910 8576
60922 87078 7529
59048 87952 6898
76830 82170 8156
75206 84794 7505
73450 73550 8681
89894 73106 8203
92209 71791 7984
75771 79229 8492
76525 84475 7310
78996 82004 8066
65756 87244 7012
92815 72185 7657
72408 85592 7447
61547 86453 7694
93564 69436 7968
67201 84799 8021
82359 74641 8546
81882 82118 7484
91660 72340 8036
94472 68528 7840
56988 88012 6944
83435 77565 8359
98687 60313 7128
84916 75084 8429
60612 87388 7398
86741 79259 7430
100547 50453 6775
93086 67914 8144
100339 53661 6977
73209 79791 8497
69338 85662 7738
84160 80840 7515
67183 83817 8188
75508 77492 8586
60849 87151 7503
94316 66684 8030
86181 77819 8115
99639 57361 7001
100518 52482 6882
90017 75983 7655
98923 57077 7426
78135 82865 7954
73591 76409 8637
98825 58175 7416
77099 83901 7689
74524 79476 8497
74046 83954 7956
64581 87419 7154
87911 78089 7715
83761 76239 8419
72257 78743 8567
66979 83021 8288
93519 70481 7825
65679 85321 7931
91545 67455 8284
73330 77670 8603
73594 85406 7117
97798 62202 7461
62313 87687 7081
88856 70144 8416
98162 58838 7579
85470 79530 7894
73768 81232 8377
69156 80844 8456
90317 73683 8093
61294 87706 7194
78649 83351 7702
77660 77340 8554
78694 72306 8660
87485 74515 8323
68419 86581 7351
80044 76956 8509
92382 65618 8243
95118 62882 8028
67728 81272 8430
76704 84296 7514
74864 74136 8675
83901 73099 8550
98360 59640 7485
59099 87901 7061
94123 69877 7710
84294 77706 8300
78953 75047 8617
68154 85846 7742
72606 76394 8638
72662 81338 8390
94392 69608 7643
83007 73993 8551
93971 64029 8131
83048 79952 8116
88218 70782 8437
85933 77067 8226
96421 65579 7603
66614 86386 7647
61209 87791 7028
79886 77114 8506
65103 84897 8017
93559 68441 8047
77187 82813 8024
84601 78399 8203
83139 78861 8257
58084 87916 7053
77268 76732 8589
95843 62157 7940
95687 64313 7912
78598 78402 8476
95776 67224 7432
95023 64977 8002
94774 68226 7791
64824 86176 7748
84789 72211 8545
58206 87794 7176
71680 83320 8184
84299 79701 8024
94037 65963 8106
89695 75305 7988
73590 80410 8448
87037 75963 8230
92875 67125 8194
78288 83712 7545
78670 81330 8192
98405 58595 7523
81452 74548 8576
86242 72758 8475
88556 68444 8443
67371 85629 7832
68552 86448 7437
100173 54827 7027
99311 57689 7258
79549 80451 8266
81281 78719 8355
98028 60972 7505
82212 76788 8449
63684 87316 7333
88304 67696 8455
78099 73901 8651
95266 67734 7698
72209 85791 7142
92916 72084 7630
96708 65292 7305
81829 79171 8294
60234 87766 7169
66817 85183 7944
60387 87613 7288
78398 83602 7605
90398 66602 8359
76042 71958 8682
72266 82734 8251
87205 77795 7980
78076 69924 8668
82580 80420 8072
85703 76297 8317
73070 83930 8015
92135 68865 8212
67573 86427 7558
89601 76399 7742
80960 80040 8248
82293 80707 8042
100567 48433 6651
74449 83551 8035
70043 84957 7901
95498 65502 7885
96544 64456 7705
71257 85743 7533
68702 86298 7525
94556 69444 7588
69536 86464 7094
78038 81962 8128
96662 65338 7403
76834 72166 8675
81535 81465 7947
98031 61969 7318
65982 87018 7345
81811 70189 8621
77063 75937 8624
64556 87444 7001
67840 84160 8132
75959 76041 8633
70733 82267 8331
76595 81405 8274
70962 86038 7316
75023 80977 8370
91545 65455 8292
88189 74811 8231
75977 84023 7784
77812 81188 8253
76133 79867 8437
91140 71860 8151
98668 59332 7400
76216 82784 8082
73724 73276 8683
64771 87229 7301
72464 85536 7478
67432 83568 8221
66631 84369 8114
73171 81829 8335
84474 72526 8548
90106 75894 7605
97871 60129 7605
77462 81538 8220
