32658 35377 33767
35982 32123 31608
32234 33881 35026
34812 34797 32138
36602 31409 29040
35604 32534 32388
34484 31663 34025
32726 34992 34184
30308 33939 35513
33398 34505 34182
33512 31526 34926
29398 30504 36225
31388 36201 32721
35527 32290 32669
32592 34090 34805
35800 33527 31058
35682 33992 30625
34446 34739 32825
33544 32104 34880
30189 36105 33268
35724 32942 31817
30628 35505 34502
33178 35183 33590
31456 34804 34899
32778 33641 34899
35451 34365 31041
31600 30120 35832
35913 33502 30609
34805 34962 31273
31996 31014 35676
34054 32612 34424
31431 36375 30819
35973 33576 29557
31144 35374 34499
35055 34466 32055
36201 32366 30804
31169 32477 35811
36560 31232 29754
31537 33880 35302
36540 31561 29683
36264 32201 30621
36268 31547 31030
33323 35735 31896
33731 32170 34731
31086 31931 35886
34777 34289 32906
30270 35296 34723
33278 32990 34896
31433 32846 35666
33788 33498 34440
36555 31899 28885
31179 31411 35918
30532 33150 35786
30249 32469 36008
31991 36153 32243
34966 34980 30115
33474 35090 33423
32210 35725 33410
35187 31344 33235
31673 35048 34640
30928 34431 35183
34405 34916 32600
29701 36740 31092
34127 31265 34440
30349 36621 29800
31387 31893 35821
34222 35492 30433
33136 33850 34678
32663 35979 31798
29935 36429 32493
32938 35472 33348
28099 31068 36234
35682 33281 31699
32633 32754 35245
36012 32419 31353
34223 32180 34305
34912 34933 30996
31603 36319 31426
31743 33030 35533
34633 35204 30631
30733 35896 33643
33027 35828 32063
30659 30652 36076
31199 33270 35660
35112 32928 33121
34320 35166 32057
34137 35367 31611
35064 34654 31739
32082 36224 29984
33024 30670 35310
33248 32197 35047
31677 35512 34220
34364 33500 33854
31373 36115 32989
28071 29209 36359
33754 35312 32686
33018 35976 30462
31417 35478 34354
35471 34095 31397
33754 35185 33004
34050 35219 32519
31731 31384 35766
32352 31904 35515
35488 34407 30532
34329 34331 33359
31217 30335 35966
36019 31159 31936
36315 32652 30014
36446 30946 30544
30127 32016 36089
31417 31290 35875
36493 32051 29528
33195 35541 32777
30798 32967 35805
32890 31988 35268
29689 29781 36217
32206 35186 34361
36210 31748 31150
33102 34598 34349
36584 30556 29966
29456 33067 35886
30163 33052 35859
33961 33938 34022
34195 33514 34028
36426 30365 30668
30731 33786 35579
31407 36394 30224
34862 33228 33340
36377 32500 29371
30383 35811 33879
32201 35857 33092
28398 30466 36272
31788 32196 35676
34931 33555 33171
36106 33034 30492
36622 31080 29111
