14447 12831 14411
15348 11941 14249
14605 13464 13222
13525 10975 15225
15876 10592 14262
14942 12770 13994
15129 13084 13069
15649 12876 12154
15243 11516 14434
11090 13334 14835
13708 11595 15138
13829 13391 14197
12239 13293 14853
13740 12420 14983
10746 12418 15219
14462 12174 14734
15678 12980 11174
15517 12737 13143
13358 11841 15192
16423 11856 11972
11969 11505 15345
17125 9130 11303
14099 11678 14981
14179 12946 14475
12664 14798 11117
12005 14191 13975
13292 13899 13814
14911 11019 14708
14567 12599 14549
10796 14541 13539
14104 12820 14607
14676 13766 11965
13932 14234 10703
14592 13016 14048
16068 11939 12976
16588 10061 13238
15789 12809 11521
15294 13206 12179
14366 13539 13623
12006 10951 15355
13125 13670 14314
13383 12766 14936
10142 15033 12380
16111 12387 11713
14900 11505 14630
11628 14956 12444
12679 14627 12247
16699 10502 12783
15931 10935 14012
10778 15216 11757
13638 14174 12933
12184 12950 15103
12661 13375 14723
11603 12349 15234
12400 13589 14556
16489 11743 10834
17019 10269 11341
17074 9371 11879
13486 14308 12262
16870 10691 11920
10097 14869 12928
11145 13677 14585
16786 9764 12962
12592 10793 15325
12009 13506 14713
14797 12585 14357
11078 15262 10996
13716 13167 14533
15060 13540 10960
10963 14770 13039
16916 10289 12406
16925 9793 12458
12396 14274 13818
17106 9531 11520
16226 12236 11546
