68405 73297 66855
81735 66589 61827
79382 59027 72648
81641 66270 64299
68204 72780 67655
74139 70115 70111
77305 67422 70997
79964 63398 71052
72401 61858 75589
69119 73961 65615
73672 67339 72765
71395 74736 62243
76673 70733 67572
82205 65498 63388
69724 75503 59604
74802 69926 70035
84109 57803 64712
78786 61920 72671
81952 59076 69442
70917 64262 75216
82839 59672 67560
78670 70353 64321
72329 70997 69590
68969 75350 62032
67304 75995 58733
71607 62524 75671
75889 65880 72823
84816 54443 61438
84199 58307 63838
72197 74191 63647
70098 71460 69361
80711 67837 64297
78732 69610 66680
67965 74102 65543
65451 75524 62595
84513 59686 58835
70091 61124 76380
84327 60665 58932
80066 63900 70655
80624 66450 67765
77332 63893 72963
77111 69636 68924
83140 63305 63564
73385 65797 73867
82547 65308 59042
80231 68400 64943
79181 60139 72681
74367 73312 63139
68332 61674 76450
84336 59688 61156
71143 64085 75262
73802 73756 60915
76268 65536 72851
70475 75002 62365
74405 73222 63755
79464 69690 63072
82266 65021 64518
78418 56849 73508
68189 59920 76870
68239 71217 69863
70254 56050 76932
84654 58638 59424
70899 74785 62922
73579 58289 75755
72362 57096 76326
72061 72430 67538
70036 75410 58396
78564 62685 72634
69359 62483 76124
79569 62339 71851
77514 65666 72043
71891 70512 70340
66773 65580 74810
82296 65719 59267
62455 76355 55598
65685 75866 61325
77800 69923 67684
83387 61844 64497
67797 74566 64694
75973 69195 70208
78130 61269 73226
72522 72038 68024
72268 55699 76370
71678 67418 73204
72478 60273 75885
82945 64426 61735
83227 61995 65005
82426 65460 61468
68798 72079 68632
68478 61059 76601
83773 57127 66087
84668 57798 60745
70858 70393 70670
82459 59219 68444
64875 76074 60229
77375 70963 65910
67317 73001 67371
80695 58248 71431
82449 57637 68844
83592 63185 60662
81222 67289 63055
73036 62136 75331
77638 65005 72307
74934 72704 64840
67901 69642 71804
77240 68682 69969
82123 63414 67052
74304 73244 63953
69768 71510 69325
80008 64471 70425
75615 71013 68153
80398 62049 71055
76638 70189 68581
65936 76017 60211
70406 65100 74882
67499 56217 77260
83286 55648 67408
67377 72321 68384
79260 60121 72627
80525 62843 70525
75582 72704 61547
72749 73595 64811
68101 64365 75377
84423 59975 59508
74006 56133 75754
76416 57316 74681
65778 73267 66988
82530 60203 68042
72455 69021 71770
67947 72198 68525
77048 60276 73998
71180 65533 74548
75890 72516 61065
69499 67067 73810
68386 68195 73064
67590 75835 60366
76091 55923 74881
67693 75307 62837
83888 60575 63291
70658 58095 76715
67271 62071 76311
77640 71224 63759
82549 58205 68518
80433 56883 71800
70818 75066 61093
68975 75584 60795
83204 62679 64249
82458 61330 67649
82666 65113 59729
72984 71458 68769
77524 70451 67050
70991 73733 65452
70605 75209 58600
67796 69983 71421
78981 61517 72597
65880 70375 70981
71066 66423 74012
71969 70379 70478
68600 75748 60032
81040 63829 69216
66486 67819 73420
78220 70815 62671
82882 61978 66135
70524 74818 63070
77043 71497 64685
65865 74553 64802
83376 60654 65568
72395 65206 74459
67672 55631 77265
65360 74830 64248
84583 59239 58548
84106 56376 65311
82357 61801 67629
82227 57924 69195
76829 61719 73866
82608 63200 65755
83289 63968 59576
66713 75822 61245
75421 61406 74570
80666 68197 61981
73610 72040 67531
75819 70766 68379
66279 71418 69666
83236 63575 62507
81001 65508 67969
74619 66288 73149
79200 69946 62626
69960 63037 75857
80578 58950 71518
78903 67959 69054
83470 62832 62607
60016 76381 53425
64944 76240 58429
81866 62990 68031
77414 58307 74064
79097 56403 72985
68194 75694 60946
77345 62462 73433
67045 69066 72398
65838 73767 66221
71378 74902 59655
69291 75555 60517
80628 57268 71548
70083 66364 74211
64538 76186 59343
68459 67251 73765
81702 66690 60230
75602 64391 73646
63091 76334 56202
68307 66008 74538
67380 74870 64088
73639 70058 70369
83583 59562 65666
75039 59182 75110
68992 63022 75929
80181 63119 70878
82299 65467 62678
83933 62127 60019
66240 75008 63837
66434 72840 67624
70692 55188 76840
74593 72551 65880
66109 75764 61660
71530 74036 64483
80998 60647 70619
79251 69451 65688
78688 70402 62744
73881 68390 71899
69755 75078 62602
80221 66846 68171
76359 69820 69326
70752 74875 62652
63562 76291 58430
71493 73160 66424
68112 66564 74213
69479 61499 76436
85010 55797 58094
71516 68619 72294
74842 64700 73849
76953 59326 74184
83136 62382 64873
84478 56322 63340
75353 72021 66390
79405 60992 72317
66691 71874 69037
67567 72966 67412
75198 69491 70317
71690 64188 75085
83671 61415 63518
70844 72038 68423
79477 65918 70130
70600 68313 72700
71954 74656 59300
67829 73700 66267
82631 61674 67025
80268 56508 71992
82664 64556 63383
82446 57036 68869
80612 68027 64102
63108 76329 56568
78962 57643 73071
85009 55601 59067
80298 64452 70015
71062 70133 70939
85143 53962 58528
72354 74176 63472
73885 69674 70672
71322 69125 71890
70433 60038 76523
83262 63606 62159
81945 60203 69220
72390 67020 73326
79184 69043 66979
74364 72090 67029
69848 69758 71530
68428 62834 76017
84852 57228 58932
71143 74998 59787
78424 69189 68102
83837 62467 60274
81891 64654 66510
76433 72095 63428
71782 68744 72143
60078 76380 53741
69181 67956 73174
77683 70843 65640
71604 69463 71546
78465 68737 68672
71398 69872 71166
80310 59170 71803
81311 65958 66548
73130 69338 71296
69327 56184 77100
64854 76202 59032
83610 60932 64461
78823 70254 63624
77038 66666 71726
76928 65891 72271
78519 70486 64347
79467 64295 71135
68693 56988 77131
77523 56448 74157
76948 62210 73708
74597 69276 70794
70943 73949 64994
72804 74098 63001
76898 56463 74488
85056 54679 59701
83071 64042 62151
81944 55775 69721
67381 74680 64502
75385 70827 68596
78435 69444 67582
81790 66433 62384
80092 68148 66286
76426 70484 68308
74475 65456 73643
84800 57246 60036
70712 61446 76161
76375 67673 71336
76291 60357 74369
83271 63706 61635
80414 67914 65739
80575 65660 68667
78964 65312 71138
80092 58037 72096
84951 56147 59360
81234 57330 70802
76509 69517 69609
66840 59667 76909
74508 73377 60174
75597 67922 71579
80631 61286 70967
77856 67212 70792
84871 55470 60972
73958 70924 69145
67170 54899 77279
78791 70094 65082
83338 63465 62017
71864 74688 59927
75296 62698 74330
84923 56514 59267
82989 61352 66250
77150 57919 74271
74025 71633 68043
69986 63736 75571
79945 67815 67544
74167 73025 65147
76098 72383 61738
71640 73322 66047
82992 64538 60581
69234 69985 71326
81613 63995 67917
81009 61274 70414
81232 64878 68038
68854 61426 76502
78384 69797 66938
68404 72513 68047
83655 62897 61129
78707 61938 72725
81760 66021 64420
68535 69388 71995
69778 75324 61416
72710 69960 70801
75476 71752 66859
62390 76348 56821
70446 64390 75213
73237 71234 69005
78573 63151 72448
71766 73084 66462
69006 74667 64259
72987 74145 61463
82206 62281 67712
84395 57684 63005
70148 73785 65718
82699 62813 65887
83790 58488 65535
71812 74140 64087
84459 58316 62067
80984 60737 70613
76935 71413 65398
74223 71984 67311
71549 71980 68386
78894 70013 64969
73762 71332 68652
79338 69169 66197
79933 69183 62492
80017 62932 71176
76102 59164 74659
83961 62097 58220
78947 69620 66095
75588 72551 64025
84116 61282 60174
77668 59670 73745
73930 72509 66484
81330 59271 70427
67653 55064 77268
75623 72675 61904
73583 73658 63482
81498 64626 67585
65379 75135 63588
72637 70242 70476
73177 70873 69518
81648 60122 69725
68353 67781 73406
80466 64029 70019
83095 56837 67688
68035 55108 77258
75142 72915 62916
81810 66310 62918
80262 68596 63845
71684 68120 72663
82973 57921 67742
84781 57913 58038
71893 57120 76460
81449 62131 69479
71389 63090 75556
71416 72849 67062
67398 56345 77253
85096 54884 57894
66287 69120 72392
76983 62828 73512
66713 74146 65577
77084 71714 62150
66348 76112 57193
73940 73649 61683
84647 56968 61866
66298 75311 63126
74061 70768 69314
82759 64960 60604
75706 72151 65447
68162 58797 77031
81648 57369 70172
77081 70343 67834
71966 68681 72164
84933 55411 60470
79781 68832 65635
69070 57740 77019
68246 75227 62877
69005 70349 70911
74997 69171 70717
72998 72819 66413
72300 74475 61011
72335 61020 75794
67617 58423 77094
70160 65198 74860
78019 64677 72205
75462 64715 73579
83946 58896 64791
66652 73548 66559
77987 61820 73225
71344 69416 71635
69369 60959 76584
66905 55491 77283
68243 67513 73611
67200 68729 72693
79779 62977 71409
78909 69546 66444
68419 62368 76203
60967 76367 55501
72739 70388 70268
72645 67869 72628
68097 72154 68576
80834 64779 68963
66221 74703 64497
73054 73679 64387
70032 67064 73741
70174 72950 67171
78649 66996 70291
68647 69864 71528
77364 62500 73410
72422 68607 72112
84679 54993 62272
74371 62030 74869
84331 57244 63773
74880 64048 74126
69498 72429 68031
74198 72637 66019
65183 75248 63313
83809 60521 63821
84762 57374 60326
84458 55384 63479
72909 66567 73512
82241 65808 60862
74263 73485 61494
66265 74807 64275
66085 76140 57929
81867 63839 67396
69818 55564 77067
71057 71218 69592
83140 56050 67674
73581 61019 75374
84153 61355 58346
82659 65038 61445
80307 68424 64353
71684 74506 63091
72536 74067 63649
66342 76071 59297
67658 60481 76747
70224 65757 74543
78926 70116 64359
69646 73429 66536
78583 65640 71240
65404 74934 64026
73707 59309 75593
68852 73881 65827
73923 72438 66640
83125 57214 67562
82349 55908 69050
77596 58036 73970
68416 75430 61992
73886 67595 72523
80500 57863 71683
80007 66467 68892
70935 69851 71283
75950 71734 66478
79849 67640 68087
73775 73369 64527
68557 64904 75115
69817 75226 61960
78081 67892 70084
82778 56597 68328
67635 74138 65515
83137 64286 59252
71808 59087 76305
69446 63070 75885
69956 68757 72426
72908 65315 74275
77953 60120 73520
69924 60173 76607
81819 66222 63335
67034 58057 77135
81039 56945 71054
84792 57378 59957
76818 71405 65711
67409 67332 73749
73066 58564 75912
76686 62466 73775
77589 66456 71521
69338 65986 74506
63837 76304 55597
65852 76091 59609
82327 64693 64835
67478 67574 73579
73120 74129 59732
72996 74179 60250
75912 71092 67705
69578 68799 72446
67518 75094 63463
84810 57472 59441
81519 56382 70408
67027 76032 57970
79625 68856 66122
80030 65094 70020
74641 72042 66924
76461 71957 64245
67266 75742 61285
68381 68601 72724
84549 59035 60088
83750 61175 63373
80504 67441 66614
74484 72419 66285
75522 65651 73115
80584 60608 71249
63307 76215 59169
77362 68312 70234
70183 75123 62139
80916 59232 71057
71866 61044 75928
69938 74006 65339
75245 72918 59945
82071 62809 67676
79864 69249 62749
84675 56019 62218
81416 66944 63268
73540 65841 73790
84903 54920 60796
75240 70411 69285
67528 63711 75651
76396 71890 64905
82145 64630 65685
82607 64356 64256
70135 70635 70443
77095 62040 73665
68429 55568 77220
75333 68889 70828
84215 60763 60314
82873 60178 67245
74507 69088 71009
70776 62924 75756
71303 61624 75962
72839 72304 67421
66991 74209 65447
80594 67992 64396
74355 66995 72817
70137 61984 76167
69549 67436 73533
75300 57131 75235
71266 74939 60320
79739 69182 64582
70266 73819 65595
66182 69461 72009
83809 61885 62063
83878 61158 62634
73182 73770 63848
71705 74362 63587
61776 76363 55881
71636 71685 68786
74413 62340 74778
75911 66119 72668
77471 61077 73658
71068 62510 75812
79610 66243 69678
72321 72053 68060
83218 64107 59858
69766 75472 60023
78151 63283 72705
75200 71490 67583
72812 63270 75115
82909 63247 64630
72593 74376 59205
71367 73398 66009
81516 63096 68777
79896 61146 71832
84547 58721 60745
67117 70903 70316
69402 75432 61295
74121 71129 68801
74183 73482 62203
76903 71235 66063
67182 74385 65111
73643 72400 66889
76540 63563 73481
83187 56567 67543
84639 58746 59415
65982 68607 72829
68016 75909 58260
74947 71125 68405
80292 68507 64078
83641 60517 64800
78931 67383 69716
71778 66025 74134
72791 56881 76203
66053 76064 59674
80149 68886 62881
74286 73315 63542
70921 67348 73410
78646 59167 73167
73595 64286 74532
69155 75704 59400
77679 63689 72843
73898 70563 69658
76154 66699 72201
69561 57120 76986
81294 67271 61355
65713 75644 62235
75797 69969 69484
83183 64132 60496
71524 74806 60870
74337 61574 74976
70517 69370 71793
81215 65783 67091
71390 58263 76535
78108 57189 73712
83087 61078 66150
73926 73706 60397
71539 74216 64049
69046 70907 70213
76085 68253 71016
74903 59655 75096
68131 56831 77184
79671 57706 72529
82124 58812 69205
74993 73043 61958
83194 60452 66265
84137 59465 63105
70616 66361 74142
83045 64011 62499
72611 64499 74720
71551 70851 69996
78698 63444 72216
75061 71882 66923
81398 60776 69983
69418 75220 62271
71706 65024 74719
73903 73405 64058
80562 67889 65006
70206 71995 68575
77432 65072 72417
74189 63474 74562
74597 73303 61004
80615 68269 61664
79734 69341 63677
79618 63682 71291
83556 56064 66854
83367 58854 66678
69513 63774 75584
77860 58424 73763
69601 75562 59071
74247 69459 70747
65595 72553 68064
83570 63363 59765
81731 65797 65174
84810 57592 58732
71581 74725 61652
73190 74011 62151
82945 57823 67821
70451 73478 66195
72813 73160 65813
68958 67258 73732
79622 68441 67187
66155 73539 66577
83878 62413 59276
73788 70264 70088
73407 73454 64737
75526 68665 70937
83401 63621 60654
79111 62846 72145
82330 63316 66576
79365 65534 70537
76827 64353 73055
67944 74034 65671
77601 71001 65324
84370 58875 62224
73842 68940 71418
78590 70067 65789
80627 63543 70071
73432 73799 62963
82854 64528 62081
67155 67431 73683
72872 73944 63619
