81984 86454 68303
89815 76334 71170
76836 77731 80697
79130 87996 65101
78750 83677 76741
85570 82499 73205
82017 79044 78935
74351 72088 82338
74022 70720 82444
81848 84851 73763
90214 73447 71220
79430 84083 76151
72111 88872 60673
72338 70364 82568
84680 84457 69071
85756 81972 73739
81223 86437 70564
84864 83198 72965
87075 79139 75279
81698 71313 80786
79193 81613 78354
84180 80620 76689
77468 87306 70344
79003 79693 79530
75848 87131 71183
85726 82429 73082
86797 74032 77623
74292 87672 69765
74137 75645 81544
83427 72162 80030
79992 84662 75256
80745 81771 77676
81852 83782 75166
79706 87850 64376
77557 77009 80852
76385 81701 78818
90556 75329 67473
71651 67093 82707
88507 78118 73481
81251 87011 67165
76315 80152 79681
80461 80739 78523
79649 85473 74078
79177 87572 68488
86384 82554 71036
87137 80100 74238
83212 81319 76733
76383 85795 74198
74033 76488 81270
85635 81477 74568
85047 72131 79053
78824 69808 81640
74340 71726 82364
80581 75860 80561
86815 81459 72807
85581 80660 75507
77691 78429 80319
87944 80000 72606
76966 73377 81893
85005 79474 76968
85475 76548 78078
72214 66508 82666
78721 88165 63695
77114 72564 81928
87431 82058 64945
90548 74926 68298
77955 83928 76665
87348 77690 75957
80400 77099 80246
90967 71573 67262
78444 87839 67844
75938 88634 64007
85535 79248 76756
80957 81262 77959
81255 84114 75163
77658 87137 70803
88830 74099 74778
82269 86671 64654
89257 76102 73116
74519 88798 61370
81198 87221 64955
79812 69706 81396
84202 85378 64563
90803 73742 66681
80485 84206 75517
79661 87762 66064
87998 73846 76215
84408 81823 75388
90562 72247 69997
76829 75359 81452
80261 87218 68795
75322 88104 68009
77508 88354 64892
91040 71271 66557
88703 77720 73315
89449 73814 73474
89836 72337 72625
88096 81119 66141
87485 81231 71261
75775 80127 79713
81246 86027 71868
90858 71899 68322
86959 74348 77442
71920 68891 82650
88499 78874 72482
75057 74433 81869
88240 76516 75330
88276 78249 73916
79065 87070 70530
74631 74899 81761
87980 75845 76002
81060 81621 77640
81768 81762 77198
87881 79636 73300
78799 82835 77499
87340 75656 76797
75596 75232 81608
81857 73351 80586
89883 76350 70846
87384 82019 67819
90340 74254 70480
77853 86839 71609
82953 82894 75417
77830 88349 64104
89867 75240 71747
83804 77278 78832
75002 88753 63086
89554 77804 70213
83536 72778 79933
73901 70177 82476
80080 87382 68165
86099 83757 64538
86109 83300 68817
79948 72514 81277
81717 85515 72549
82439 85315 72014
76694 86742 72113
80783 76817 80210
78499 87058 70778
74645 88558 65486
90231 72915 71268
83136 79960 77800
78122 83420 77143
81716 80709 77996
80365 85728 73234
79847 86236 72378
86136 77642 77162
84578 85092 64854
84794 83692 71794
89982 77344 66950
84899 84447 68264
81575 85397 72980
89986 73276 72091
86433 82865 69357
75438 87613 69817
80450 86884 70108
88580 76490 74609
74638 77271 81006
73644 88301 67082
81618 86841 66958
88423 73130 75582
86636 81361 73352
85091 75506 78585
90341 76192 67044
80350 85489 73744
90423 74271 70029
89854 77595 68315
78676 88077 65383
83470 84075 73376
87214 81261 72206
75626 87838 68987
85866 82565 72509
88460 75681 75131
87778 80709 71568
81313 85387 73294
82875 80830 77339
79558 71682 81420
70143 65887 82728
82494 82704 75929
81323 82833 76535
82864 82446 75922
80927 82573 76926
86671 83029 65839
83931 83204 74256
76199 88324 66596
87842 80393 72123
86120 78063 76988
75688 87957 68541
87863 81263 68820
88500 79951 70470
90636 73906 68805
89233 78578 70060
88392 77632 74250
87679 77164 75876
86965 82579 67417
73347 88852 61477
78247 87106 70741
88570 80369 67124
72949 70472 82526
85919 82183 73206
85259 72019 78908
77513 77574 80677
73096 69722 82559
85877 81844 73759
77431 73912 81703
82431 81904 76732
80419 84810 74808
80646 87527 63102
79334 77132 80495
90806 71121 68779
82066 86512 67611
83338 85988 64984
82498 81935 76659
86312 76735 77380
89937 77464 67469
79492 75717 80882
79713 86795 71014
86332 78564 76535
74024 74633 81857
79892 82400 77483
81851 77578 79600
87043 80449 73958
79175 85427 74372
88614 80020 69629
80239 87343 68010
75252 87378 70584
83833 82325 75345
77552 81406 78871
78909 71294 81593
87029 82463 67799
84549 83521 72827
81378 71998 80865
80857 74939 80676
79267 87842 66552
84965 84037 70046
79195 87671 67803
90179 75505 70201
80177 82480 77310
80516 73511 81021
84527 80220 76762
74965 88682 64440
78974 73891 81368
87057 82547 65871
81235 78572 79418
85882 83599 68358
90332 73089 70800
86083 76444 77663
90226 75830 69407
79749 86974 70481
80018 80271 78981
79006 80230 79266
83213 72622 80097
82281 82296 76476
89275 74854 73624
82588 78044 79097
90921 72349 67487
80004 85982 72896
78192 87887 67807
85663 78419 77132
78684 87634 68659
85837 83836 67048
90628 74662 67806
79476 71172 81460
77931 72155 81784
87046 80371 74052
87170 82422 64966
77285 86527 72536
90717 73962 67849
80831 86745 70063
83316 85117 70634
89611 78238 67887
82196 85128 72805
76107 77700 80786
75295 87949 68644
79092 87423 69223
78566 88037 66058
88747 79929 68706
74417 68389 82458
90665 72776 69245
76272 88480 65232
78783 82191 78037
76622 86469 72801
86707 77673 76618
76619 87217 70812
90766 74166 65686
87464 81972 66544
81782 72219 80712
85458 83930 68658
78700 79859 79526
83547 85490 68075
85864 81570 74175
89557 78295 68394
75680 74621 81777
84177 85058 67808
90904 70935 68034
84049 84447 71130
87060 78605 75709
87043 76863 76673
81726 72760 80700
81283 84797 74289
87828 75918 76188
87082 76997 76574
81547 76297 80111
75262 88716 63763
82563 86485 64479
88130 81016 67430
75609 88716 62564
76422 88172 67405
81111 84441 74844
76067 70323 82207
84034 74312 79476
83735 71854 79869
86302 80818 74578
87625 79756 73882
88019 81195 67166
87980 77822 74955
89969 73808 72043
87304 77840 75920
81945 74521 80420
90879 72983 67356
76703 87961 68320
77578 88397 64067
79786 78887 79703
88167 79622 72484
84594 72860 79327
73719 68821 82530
83580 81312 76497
86299 72498 78080
75641 88600 64684
87916 75106 76221
78964 75905 80951
90778 72163 68814
86256 83416 67266
75525 76124 81342
88534 79270 71765
88606 80137 68900
85921 78738 76756
81755 75196 80357
78186 85178 75203
80965 87359 64086
78708 76513 80841
82625 85862 69431
80842 87164 67445
75448 88162 67726
76298 86451 72857
73411 68062 82565
80539 78352 79713
90897 73018 66585
81158 86974 67819
87943 78077 74829
74711 88261 67259
82024 84138 74611
87551 75026 76748
76835 86335 73058
80275 85454 73847
83953 84855 69809
90234 76233 68582
84911 82714 73793
82753 73173 80245
76724 87454 70094
71727 69216 82647
89228 79132 67564
84811 80761 76053
88284 78289 73857
89934 76442 70480
76699 79076 80185
84910 84739 66101
85193 83306 72027
89759 77990 67071
77165 88422 64886
87568 78968 74746
83307 74846 79747
83322 73238 80000
84839 84170 69899
82020 86816 63568
80394 87388 67126
80747 85671 73131
87513 80960 71897
87036 79677 74828
85082 84175 68930
80723 70122 81118
79970 85022 74741
83777 83078 74540
78450 86167 73126
72829 69130 82593
77508 87983 67856
80955 87352 64520
89135 77822 71854
89329 78920 67097
90613 72496 69652
89452 78346 69362
80833 86900 69284
86222 76937 77392
85618 77276 77705
81664 70974 80810
78137 70252 81799
73471 71138 82455
88371 80517 68904
84250 79219 77645
82474 79137 78662
81669 86010 71218
90400 75964 66605
88612 74453 75108
79519 84531 75646
73784 70721 82459
83480 73319 79921
90791 73011 68295
72012 67720 82680
86919 79209 75402
81096 86726 69611
86747 81839 72123
86226 77172 77290
89042 79511 67585
83480 80093 77532
80246 82460 77301
82633 82521 76012
87596 77256 75926
85293 72358 78884
85100 73288 78944
80596 85257 74068
81942 84591 74073
77972 77180 80746
83273 84494 72652
79259 82495 77643
90829 73341 67444
75284 86706 72313
88187 80002 71638
90112 73219 71673
88171 80840 68721
83179 83778 74178
79799 87565 67408
81928 86294 69405
89083 79335 68876
88016 81232 65818
79319 85867 73422
90265 75769 69184
78381 78818 80052
80057 87291 68755
78334 81878 78388
84917 74018 78977
82061 84524 74072
80136 81368 78221
75064 87053 71499
80138 83591 76334
89682 74797 72612
81823 84772 73918
81311 76467 80139
83508 85207 69642
83115 76546 79399
85884 71672 78435
75191 88746 62808
83324 75984 79470
89888 74054 72238
74989 87664 69713
87472 80274 73517
89069 75667 73835
84682 82621 74186
81160 80233 78616
76383 88610 63397
84878 84453 68332
77962 80909 79140
84112 85444 64494
86232 82417 72124
87822 81439 67529
74676 75739 81506
83947 81274 76269
82335 73889 80341
77448 88193 66615
82741 86251 66238
74065 73509 82119
87853 78279 74841
89871 74559 72088
87695 81580 67984
81453 81912 77234
73509 88802 62751
88180 81000 66683
85597 83462 70255
89231 79087 68060
76492 88586 63616
80358 86927 70036
89787 77420 69579
80207 87133 69322
87985 76949 75631
87215 80933 72984
85545 73665 78596
77640 79358 79932
76897 87122 71024
84785 83988 70886
80734 75006 80701
83769 72193 79845
78972 86416 72328
79090 78667 79998
89090 74770 74106
79232 83353 76904
87432 76556 76378
81117 87099 66997
78304 87356 69972
80008 87715 65100
85702 84233 64524
85708 73184 78529
79655 71908 81385
81041 79291 79163
80676 83825 75830
86131 73195 78197
90273 75013 70183
76318 76894 81034
84333 77247 78594
90302 72476 71033
82779 84681 73030
76606 88599 62909
84661 81250 75729
88356 80637 67865
86926 77067 76697
80308 77463 80154
79521 74680 81124
84598 80353 76600
78705 80599 79141
91014 71936 66524
83605 82722 75095
75885 73444 82096
90805 71556 68739
88911 78798 71176
75306 75211 81637
84804 84872 65657
82740 79404 78368
81235 76380 80191
85555 84168 66462
80226 87482 66814
73655 88691 64345
73987 88646 64877
78462 87938 67159
87250 74315 77132
78644 75774 81060
74791 69868 82413
85860 83907 66269
86132 83369 68302
88586 80218 68521
80263 70673 81266
75814 88694 63176
89942 77281 68583
77581 80539 79399
78851 81373 78640
87265 82001 69328
77476 71035 81934
85198 73850 78831
80352 83252 76582
87828 74569 76398
86523 82977 68190
76524 80159 79666
82550 81459 77037
82459 85835 70114
75921 88614 64333
84558 82163 74904
78000 87730 68708
77458 88467 62757
90258 76323 67890
87149 81683 71050
85412 82336 73680
83130 82042 76127
87507 72727 76913
74131 88456 66207
86606 83070 66897
78870 85082 75154
83952 78494 78225
74793 87965 68665
85913 79465 76334
90039 72324 72047
90943 72813 65658
76710 84144 76434
86175 82950 70176
89155 74045 74146
81984 85860 71182
88186 79783 72097
83066 84114 73803
84034 82419 75073
80674 79664 79104
79041 72368 81514
81901 73754 80525
79537 73324 81302
84510 72323 79399
86448 83307 65596
78988 87260 69923
75812 88451 65847
84063 85308 66666
78207 74364 81455
88749 76825 74096
81673 83521 75563
80891 72703 80975
88709 79599 70408
80996 82815 76693
74162 87888 69055
84669 85038 64553
81890 85247 72944
83620 81917 75892
78044 84376 76160
85770 74779 78303
73899 88830 60890
89204 79156 67991
81203 73512 80807
83712 84440 71990
89048 79201 69525
85834 75518 78084
80834 87087 68099
75384 71231 82273
86944 76294 76987
83719 77707 78723
77506 81902 78555
88961 73061 74656
90249 72137 71257
77280 82936 77770
89524 76500 71987
76563 79801 79844
81293 86684 69219
78545 83944 76509
81731 86503 68887
87784 80930 70952
87231 75751 76886
86874 82393 69440
78043 78565 80213
81377 85008 73893
89606 71102 73223
82663 86084 68106
78013 72665 81744
87216 78535 75586
79459 87446 68743
90033 74850 71424
78950 83177 77158
76677 71179 82091
81988 84944 73430
84795 75300 78806
85618 82877 72253
88102 80677 70433
86555 80015 75155
75911 79402 80054
80764 85917 72561
77457 82329 78240
78284 88268 63822
77728 79055 80059
85228 82288 74005
80331 87491 66325
70683 67525 82728
81780 86205 70311
84456 83164 73725
90556 74170 69297
89310 76852 72311
80230 73486 81110
73241 67434 82587
82378 74686 80198
74605 88192 67665
80397 86699 70965
85961 76926 77589
77645 84559 75953
90615 75101 67034
84965 84611 66825
82355 86029 69469
77976 82771 77796
85453 83710 69770
76615 83551 77109
76577 70934 82118
82400 86487 66042
84466 78184 78044
84144 85227 66821
89353 72457 73870
80540 87438 65956
78440 74747 81327
87274 80863 72994
75050 73195 82163
86232 83181 68778
88984 76990 73193
82140 85790 71059
78681 73566 81484
82361 75545 80003
88337 73709 75677
87405 80737 72866
