49319 47681 5586
39353 56647 4852
54849 37151 5149
54903 38097 5105
52218 46782 5134
49440 50560 5394
55505 36495 4912
55324 37676 4933
38221 56779 4834
52103 42897 5507
53991 38009 5308
47520 50480 5555
41530 55470 5212
43777 55223 5042
52497 45503 5332
44309 52691 5533
34740 57260 4546
45457 53543 5416
54733 40267 4978
55469 37531 4822
44857 48143 5649
43159 53841 5459
55172 37828 5008
46471 46529 5663
54149 40851 5233
48812 46188 5638
48234 45766 5656
42647 55353 5188
43984 51016 5592
54390 39610 5212
45946 54054 5214
43582 55418 4872
41987 55013 5301
55916 34084 4746
51460 45540 5508
53029 41971 5416
45589 50411 5595
45616 54384 5103
52230 46770 5081
38100 56900 4714
49534 46466 5607
38128 56872 4770
43488 54512 5363
45298 49702 5618
55684 34316 4893
55107 37893 5035
46274 53726 5289
52145 44855 5462
53445 39555 5390
44691 54309 5320
51135 46865 5487
52798 43202 5420
45093 51907 5552
48713 45287 5648
53021 44979 5192
44017 54983 5146
55192 38808 4824
45092 50908 5587
43826 52174 5558
46924 51076 5552
55486 35514 4957
45568 52432 5517
52724 41276 5466
50217 44783 5599
54801 39199 5080
39319 56681 4782
40466 55534 5208
43620 55380 4913
44319 53681 5446
55938 33062 4731
42137 55863 4975
42472 54528 5381
46376 51624 5539
55414 36586 4957
40571 56429 4772
46714 51286 5548
54839 40161 4817
39622 56378 5001
43880 55120 5106
53004 41996 5419
47291 52709 5391
44543 51457 5576
42732 54268 5411
54091 38909 5289
54660 39340 5142
49538 44462 5630
43697 55303 4989
46281 45719 5669
39483 56517 4928
55614 35386 4901
52497 43503 5456
45859 54141 5187
41532 54468 5400
45098 53902 5388
51918 43082 5518
46122 48878 5630
46524 53476 5326
45786 48214 5647
36902 57098 4668
39281 56719 4665
45242 52758 5500
53836 43164 5049
55462 37538 4828
48581 44419 5656
50808 45192 5568
49683 48317 5546
55821 34179 4819
55912 33088 4752
40246 55754 5161
51912 47088 5298
52163 43837 5487
36019 56981 4731
53123 43877 5313
47138 49862 5589
53825 43175 5102
55511 35489 4947
55956 34044 4679
55876 35124 4732
51496 44504 5533
55085 34915 5080
52521 41479 5484
44322 50678 5601
53660 38340 5360
46409 53591 5311
53815 42185 5264
41258 54742 5356
54347 40653 5176
51836 42164 5532
45817 52183 5524
46278 44722 5675
44328 54672 5235
45215 46785 5663
49998 47002 5569
52227 46773 5095
40680 56320 4916
52366 43634 5469
47115 48885 5616
54623 40377 5067
40855 55145 5283
52195 46805 5158
52249 45751 5376
48660 47340 5620
50847 48153 5418
54255 40745 5203
48333 46667 5646
42912 52088 5563
44648 49352 5628
47566 51434 5509
55991 33009 4642
52949 44051 5347
51703 46297 5439
46570 47430 5653
48381 51619 5423
53206 40794 5414
50688 47312 5508
45656 54344 5117
42276 55724 5048
55702 36298 4793
47564 45436 5666
53451 43549 5239
55049 37951 5056
51154 48846 5110
40871 56129 5003
40590 56410 4827
53411 43589 5250
55331 36669 4986
44939 50061 5612
51971 44029 5501
49417 45583 5622
53768 43232 5131
41121 55879 5094
44031 49969 5617
54707 37293 5181
47204 46796 5655
52804 45196 5266
49600 49400 5482
53996 40004 5291
52021 41979 5521
49371 49629 5490
47675 48325 5619
45443 54557 5034
55487 37513 4797
45391 54609 4985
55260 35740 5028
45677 47323 5658
50963 46037 5539
46685 52315 5478
35796 57204 4510
47744 49256 5591
53164 44836 5018
54150 41850 5133
55069 38931 4946
52107 46893 5203
48917 47083 5619
51953 45047 5476
54716 40284 5001
36866 57134 4573
42787 53213 5522
50705 46295 5548
55174 38826 4849
54321 41679 5030
55298 37702 4946
52701 44299 5391
44904 53096 5481
49060 43940 5648
55770 36230 4722
54013 41987 5207
52342 45658 5363
50454 49546 5301
42015 55985 4831
37333 56667 4881
56003 31997 4644
54637 38363 5189
55699 35301 4862
51056 42944 5578
50982 49018 5203
55962 33038 4708
47261 48739 5617
48563 47437 5620
52923 40077 5447
46110 52890 5454
51392 47608 5359
53132 44868 5074
53816 40184 5323
53902 41098 5282
50748 49252 5254
38168 56832 4807
55433 34567 4974
53452 42548 5338
42404 55596 5104
44544 52456 5541
52024 45976 5407
52716 45284 5288
55836 35164 4788
