55078 50922 6437
56782 49218 6402
50770 49230 6514
65344 43656 5486
66647 36353 4998
44531 62469 5378
64122 46878 5603
51583 56417 6243
60496 47504 6147
64256 45744 5655
66373 38627 5309
44661 62339 5453
56087 51913 6367
48168 56832 6259
52270 52730 6436
65431 40569 5554
39243 62757 5405
64995 43005 5600
49817 59183 6011
51094 60906 5376
54095 58905 5732
48902 54098 6407
43730 62270 5535
52801 48199 6515
63378 48622 5641
49062 60938 5691
59119 50881 6191
52015 54985 6333
62863 50137 5536
51424 58576 6039
63430 47570 5712
48569 61431 5551
61993 49007 5905
45367 61633 5665
66075 39925 5401
66226 38774 5369
51286 55714 6300
47961 56039 6307
58391 48609 6309
65729 41271 5470
51043 57957 6123
49465 58535 6102
60930 50070 6017
50728 60272 5732
66003 41997 5349
65010 38990 5645
51121 54879 6351
45887 62113 5477
63662 45338 5786
44145 61855 5643
45732 62268 5393
64005 47995 5486
53541 59459 5628
66584 37416 5153
53073 59927 5444
53295 54705 6328
65784 39216 5489
54825 50175 6463
51024 47976 6522
64751 45249 5558
55538 56462 6050
49569 55431 6337
57125 56875 5690
49966 61034 5555
61750 46250 6031
55745 54255 6265
46819 62181 5314
65822 43178 5256
55377 50623 6435
54625 47375 6491
64917 46083 5373
60845 53155 5605
61480 46520 6057
64010 43990 5756
53777 55223 6278
55031 54969 6248
55978 58022 5423
63440 43560 5848
66550 37450 5219
66555 38445 5136
59624 50376 6166
63916 46084 5706
65247 44753 5455
43407 62593 5391
57776 53224 6183
65969 41031 5402
52577 57423 6124
65244 38756 5601
56790 55210 6091
54041 47959 6500
66639 35361 5090
66275 38725 5351
54759 52241 6411
64574 42426 5691
44271 60729 5862
55907 50093 6428
54870 54130 6313
59215 52785 6046
58520 46480 6328
53048 55952 6245
64622 42378 5683
57259 51741 6308
66478 39522 5235
62381 47619 5910
64794 46206 5427
51663 52337 6461
60746 51254 5964
53956 52044 6435
65022 41978 5612
52949 47051 6514
56573 54427 6196
56208 53792 6271
55326 56674 6041
48144 59856 5959
52903 58097 6027
50024 55976 6297
66449 38551 5271
56538 55462 6083
50045 59955 5867
50379 59621 5912
64593 42407 5688
49365 57635 6187
60644 51356 5973
54261 50739 6465
60444 53556 5664
59836 48164 6202
39949 63051 5191
41163 62837 5344
53787 51213 6461
66617 36383 5115
54418 56582 6136
63021 44979 5887
55252 57748 5868
45117 61883 5602
55656 57344 5904
45241 61759 5636
49417 53583 6427
42211 62789 5337
60927 53073 5569
49605 52395 6469
52908 59092 5839
62845 50155 5550
43336 62664 5349
54173 54827 6292
61097 43903 6136
57525 54475 6089
64069 47931 5415
65883 42117 5391
43549 62451 5457
53335 57665 6061
52753 57247 6135
63194 42806 5892
56662 57338 5613
50883 60117 5764
64157 43843 5735
48220 60780 5774
54696 55304 6239
53741 49259 6497
55168 49832 6458
58839 54161 5946
40960 63040 5203
51969 47031 6520
51128 49872 6508
45795 60205 5939
63846 43154 5795
64561 46439 5516
47484 59516 6025
46412 60588 5869
62137 41863 6031
58771 49229 6266
65805 43195 5343
50401 52599 6461
48856 54144 6405
38983 63017 5237
56573 56427 5943
59688 51312 6104
59987 47013 6204
66118 38882 5402
47150 58850 6107
61670 43330 6078
38885 63115 5096
51436 59564 5855
66295 40705 5179
51034 52966 6446
57977 52023 6238
62734 50266 5587
57789 56211 5731
60531 49469 6096
62132 49868 5824
66089 41911 5263
65407 44593 5359
49924 50076 6507
39965 63035 5214
54873 49127 6478
64132 41868 5771
46895 60105 5944
42389 62611 5426
62948 41052 5939
54074 55926 6212
58590 51410 6214
62832 50168 5555
41237 62763 5384
51557 51443 6484
63503 48497 5622
47405 57595 6210
52893 60107 5324
40074 62926 5297
62361 45639 5964
51806 60194 5649
57917 47083 6361
62902 44098 5916
42189 62811 5324
61895 43105 6054
47837 55163 6356
57684 52316 6249
53123 57877 6045
66350 39650 5308
66476 38524 5257
60002 53998 5709
56021 57979 5469
51830 54170 6380
65697 42303 5442
63634 40366 5849
50586 54414 6384
62332 48668 5861
50328 55672 6314
60968 45032 6140
44463 62537 5328
50209 58791 6050
51957 59043 5933
59463 53537 5931
56406 50594 6393
60979 49021 6057
59464 45536 6264
61016 42984 6146
58616 47384 6315
55965 49035 6444
45609 62391 5295
62393 44607 5976
45587 62413 5236
63562 48438 5608
59611 49389 6196
52195 59805 5720
62405 42595 5995
61561 41439 6095
42085 62915 5215
49257 55743 6321
56945 55055 6092
61766 44234 6058
42515 62485 5487
61035 52965 5476
65759 40241 5486
58887 53113 6061
58664 50336 6250
62882 50118 5517
49269 52731 6461
66589 37411 5142
62637 45363 5933
58585 53415 6074
58079 55921 5738
57415 56585 5711
56013 52987 6331
61771 51229 5758
39447 62553 5486
59974 44026 6235
66211 40789 5329
54143 53857 6358
44859 61141 5795
46069 61931 5540
65304 42696 5535
52067 51933 6470
57889 46111 6369
65030 44970 5501
61751 48249 5980
48436 55564 6334
41408 62592 5472
49421 51579 6486
51662 56338 6247
65390 41610 5546
63849 47151 5650
44426 61574 5711
43509 61491 5732
65073 43927 5550
58436 48564 6307
65387 44613 5378
59831 46169 6228
47070 60930 5790
46124 61876 5558
64023 47977 5479
66066 41934 5318
64688 46312 5472
63262 43738 5871
51774 57226 6176
65356 39644 5575
62554 43446 5970
41699 62301 5568
59310 54690 5734
44374 62626 5214
42035 62965 5161
63536 46464 5761
46259 61741 5601
52283 53717 6394
54433 57567 5998
62976 46024 5876
46527 61473 5667
57364 53636 6188
65472 44528 5287
46965 58035 6175
50504 59496 5928
49389 52611 6464
53254 59746 5522
45243 59757 6011
49116 52884 6456
50380 51620 6485
49862 54138 6401
58243 53757 6083
66288 40712 5227
57434 52566 6255
47001 61999 5427
61283 50717 5910
64382 44618 5680
39138 62862 5354
43891 62109 5578
51144 59856 5809
47856 61144 5699
46506 61494 5662
66215 39785 5355
62329 50671 5668
48703 59297 6027
64741 39259 5691
53353 56647 6171
61509 42491 6100
64475 40525 5727
53926 48074 6501
65634 43366 5409
42252 62748 5358
59290 44710 6281
51990 58010 6086
44722 60278 5933
64502 46498 5530
49853 56147 6287
49349 59651 5955
40904 63096 5078
46352 59648 6022
59886 52114 6013
53778 58222 5953
45262 61738 5641
45846 59154 6075
47207 61793 5527
62207 45793 5981
64830 40170 5668
39027 62973 5273
53401 58599 5910
49516 60484 5783
43144 61856 5660
64127 39873 5781
66562 36438 5204
64451 43549 5690
65536 39464 5540
55531 55469 6187
61146 47854 6071
60887 46113 6132
66646 36354 5059
53995 56005 6208
62675 50325 5601
46906 62094 5379
46684 61316 5703
60401 48599 6135
50879 51121 6495
61205 49795 5993
48719 53281 6440
58295 54705 5954
51083 48917 6516
59066 51934 6138
66275 40725 5287
64388 41612 5733
65564 38436 5538
48828 60172 5877
59942 53058 5916
47397 61603 5588
66523 37477 5233
56330 47670 6444
64903 44097 5585
60370 52630 5887
47729 61271 5669
62064 46936 5978
48776 61224 5611
42655 61345 5760
57800 50200 6312
38881 63119 5036
43203 62797 5158
48288 61712 5404
62961 48039 5779
44925 62075 5548
65110 40890 5611
55510 47490 6467
51865 50135 6500
43206 62794 5217
49516 61484 5335
60981 52019 5845
51300 60700 5476
52204 48796 6514
46579 61421 5679
