76503 80220 89785
92518 81927 81931
79479 78524 90261
81986 85212 85794
94480 80954 77650
96176 76637 78821
75866 71349 92019
82321 83002 87558
91816 82431 82476
93564 81778 79551
81570 74659 90816
76834 73211 91735
97457 72377 71799
85558 73522 89836
81648 89447 74961
89485 81405 85827
75961 74956 91472
89122 80136 86704
73414 90356 72558
93361 81768 80195
96430 76507 77929
89933 85891 77010
79415 88496 81724
81093 85533 85626
86272 88022 74999
92387 76145 85461
93749 82033 77498
93445 82556 76250
88735 86807 74174
97325 74229 71647
92168 76292 85637
77224 71120 91904
82050 88093 81897
88192 75524 88422
80633 89643 75022
92774 82039 81196
83305 75860 90214
85942 82849 86656
80655 89147 79003
88920 85193 82294
87239 81230 87102
79733 86883 84334
77642 81289 89242
75865 90266 73077
93047 81786 80933
83901 82349 87595
83267 87877 81803
78572 89600 77827
77638 90108 73645
79844 88684 81036
90299 85645 75946
81268 86666 84365
91412 81222 84274
85141 79885 88529
96608 77207 73976
90519 84460 81314
81458 80397 89223
97262 72223 76127
91691 80450 84601
94723 77384 81929
86593 72994 89421
93249 74530 84731
91056 84847 78231
96848 75956 76723
73595 70413 92162
82210 85741 85187
88492 86616 79038
88689 86646 78097
90978 83861 81582
91320 82523 83064
75721 72698 91889
82415 86221 84627
85195 87677 80815
88919 82146 85699
94892 74386 82646
87961 87231 75954
97109 74908 75583
94360 80347 79600
84168 88479 78607
93242 77261 84308
95401 79728 75320
82816 88124 81491
76245 89502 78764
95877 76276 80096
82863 87638 82499
95836 78889 75605
78870 89482 78304
95672 77451 79527
78585 89883 75987
77873 80287 89713
85669 84275 85521
75645 78290 90603
75040 90289 73209
94362 81374 73839
78320 77250 90788
88279 84056 84374
86318 84534 84944
77334 87356 83887
80234 89562 77140
96236 78078 74174
93259 82829 75866
94255 78991 81609
82888 81189 88532
89107 79205 87044
81965 87947 82278
87397 75473 88831
75657 72387 91943
95702 75615 80939
96499 77471 74091
91373 84119 80155
96141 76225 79378
88260 78793 87685
95702 76385 80467
96825 74262 78387
88165 85829 82006
90316 75929 87157
82419 89288 74103
80064 77618 90493
76446 89897 76897
89622 84444 82619
90303 85351 78996
82132 79810 89366
94061 81785 75151
91415 73979 86490
92850 77535 84678
94990 80427 75381
94761 76082 82521
82219 75199 90594
96490 76318 77945
95308 79924 74859
97443 71250 72573
82205 88189 81607
86032 87673 79286
81549 89274 77430
94845 79387 79482
96942 76047 75333
94477 79172 80795
94487 80788 78206
92149 80880 83668
80432 73804 91146
96304 76289 78797
85626 88236 75807
95064 75871 82106
89573 86220 74910
78833 89264 79396
96553 73524 79555
83952 88750 76649
79994 89777 74588
84226 80344 88595
84316 84793 85545
89089 85678 81181
77781 82264 88590
89025 86293 79153
81863 74225 90824
92958 83225 74800
78528 79043 90190
83769 79224 89185
91864 78466 85395
79167 88265 82261
82487 87068 83505
91656 84487 75952
93173 81016 81802
93045 78501 84021
85800 79795 88334
92900 81269 82065
90120 82322 84535
89569 86221 75115
92064 84032 77026
96728 76853 74279
77858 74879 91331
77219 84970 86524
78602 89154 79822
94490 81039 76975
86049 86305 82958
96139 77612 77491
80119 88062 82540
83970 86328 83990
74381 72444 91941
89638 73244 87732
80078 86074 85211
85485 74721 89730
80010 84444 86770
88383 82368 85882
90236 83120 83534
89318 80850 86301
86674 82666 86473
85929 75778 89368
89655 84318 82748
75234 90201 75091
94955 80515 74532
96640 75222 78633
83633 86845 83495
85772 87698 79732
78227 89841 76717
80083 88447 81690
78096 76498 90987
82683 82413 87855
95093 76517 81833
90779 84574 80446
86086 87769 78534
84218 72142 90371
87962 87025 78369
93794 79128 82470
74116 69097 92182
78885 86169 85223
84887 88433 76579
93210 82936 74693
87525 79701 87676
86639 87499 78905
81936 89232 77132
76810 82195 88655
80078 89275 78740
80190 76099 90808
90390 85368 78407
76972 89131 80100
89879 85123 81000
84655 81790 87722
96979 74112 77676
92889 83173 76678
82828 77917 89818
80060 75209 90994
84196 82820 87243
85466 77940 89066
93353 79525 82940
88487 76368 88134
76241 71849 91952
74770 73217 91818
77307 73220 91701
84588 77954 89352
73844 90408 71144
78451 82082 88669
74363 74044 91682
76210 87204 84089
80016 89777 74254
88738 85139 82600
79447 85209 86168
82342 75591 90494
80971 76479 90609
82461 72168 90936
76027 75792 91302
88845 82604 85416
89626 86014 77896
89526 85265 81320
81319 87430 83272
86691 81847 87001
82754 87355 82988
83878 77940 89542
97017 75435 75767
76113 77460 90861
87656 82978 85771
88132 84133 84394
80473 87535 83325
80886 85742 85457
75281 74011 91670
96488 74023 79670
97358 73116 74387
96790 74673 78288
87777 80661 87163
90081 84438 82017
81053 87249 83616
74226 70208 92168
92827 82091 80990
95677 78825 77342
92611 79851 83862
79400 88927 80385
96270 77126 77676
85336 87836 79824
86878 76536 88874
86480 82013 86997
83817 75751 90103
81788 89030 78759
91651 83931 79951
75076 76311 91231
82078 88453 80898
75158 69990 92159
89684 75579 87634
90532 85119 79330
84176 88571 77770
80571 77761 90371
95493 79573 75283
90455 78699 86432
82400 71644 90966
75985 89778 77570
91209 73974 86649
83489 73760 90522
86678 81110 87397
92182 80052 84254
83497 79868 88998
90970 80656 85137
95689 73810 81321
89994 82847 84109
97229 73913 75897
78415 69540 91782
75812 85072 86430
94812 78330 80876
79345 86799 84493
90486 83804 82464
91782 84060 79163
86574 87789 76880
80040 82705 88132
89009 84248 83467
96455 77081 76916
92436 78167 84919
92988 82865 78176
79551 87447 83601
87008 85302 83715
75945 89953 76608
84655 88621 74698
78608 72751 91565
85021 79206 88801
92585 83509 76677
91928 77331 85669
85979 86899 82052
77072 89325 79423
97416 72480 73828
93123 79177 83533
77806 82996 88068
95318 79740 76509
88327 81152 86644
77014 70227 91984
78816 75879 91032
84533 72824 90263
81436 88754 80211
90815 74741 86892
86804 84619 84627
83112 87781 82093
78748 88751 81074
91034 83649 81857
84946 88533 73780
97364 72134 74822
85012 87190 82134
97399 73196 71976
77316 87720 83364
83197 77148 89933
79193 69833 91661
77594 88531 81807
80074 81916 88647
82419 81330 88563
92232 80278 84036
87004 87523 77704
96791 76738 73687
91631 77977 85774
87891 86854 79594
76441 90048 75841
95146 79902 77462
97219 74929 72215
94370 75545 83195
97016 75869 72967
77927 86462 84971
81656 86750 84206
85590 85128 84640
91469 76152 86264
97034 72941 77868
82916 74938 90477
80014 87109 84003
80809 78807 89983
95019 79461 78856
86671 83337 85921
76474 77689 90783
85192 87318 81770
84138 87725 81639
96021 78652 72913
77902 87953 82915
86360 77173 88939
96374 75724 79091
92967 81009 82214
77385 85328 86160
95519 79468 75951
92445 80851 83253
85443 88337 74659
82166 87431 83046
89808 85665 79328
82903 88498 80145
87721 81919 86541
84458 87978 80605
87199 87342 78442
92139 83162 80572
89544 86211 76574
90599 82729 83600
85631 87539 80723
87511 87272 78057
83661 85980 84486
92351 83696 77581
85773 87485 80708
95138 74436 82243
80128 89320 78516
86619 77888 88650
96735 73823 78937
97137 74440 76081
91266 76882 86328
77490 90026 75639
77823 86103 85352
88089 81826 86409
79413 88362 82025
89218 86255 78300
80499 88950 79959
84657 86718 83119
91552 84424 78228
89614 86176 75946
95684 75748 80927
81304 87853 82624
90453 83930 82335
76699 83503 87711
77753 85213 86265
90090 77604 86986
87297 86481 81643
83278 88668 78900
82377 73511 90803
94150 81571 76416
84976 81774 87635
90782 84462 80710
86921 73144 89260
81340 88337 81584
95929 77804 78068
95781 78803 76501
87674 84945 83725
82728 84893 85908
95568 79163 77037
93957 79979 81181
86784 72567 89336
75996 85603 85914
83238 76333 90128
85059 83548 86403
94728 80849 73840
88335 87028 74103
82083 76728 90328
81491 75630 90672
93550 76600 84122
87776 77701 88218
76434 74965 91438
80778 71414 91350
96651 76181 77372
93566 77899 83599
90406 74295 87209
91091 84987 75414
95385 76964 80813
78098 83805 87483
81942 78440 89873
77508 89593 78219
88439 74355 88423
85501 82483 87049
84499 88095 79988
93256 76058 84649
87592 79287 87814
84336 88543 77608
76824 89411 79130
81100 72364 91191
97080 75320 75175
84058 88374 79304
79812 71859 91475
94257 76357 83207
81799 84307 86652
84535 84457 85799
95033 80254 76231
87490 82664 86113
86437 86866 81683
84131 87848 81362
87868 85042 83452
87178 87629 75330
97413 72772 73588
81603 79196 89706
77696 88847 80964
78134 90087 72796
85190 81041 87970
83021 80124 89003
93838 78565 82822
85824 86803 82342
84267 88205 79823
78363 89656 77631
79303 85791 85607
74882 71433 92068
86877 74235 89261
77271 90187 71664
96873 75150 77475
81293 89005 79260
86813 87749 76236
90984 83777 81727
86716 80554 87672
94968 78751 79932
95810 78994 74937
81665 79651 89534
95795 78105 78096
87747 83798 85016
93060 83030 76148
88927 86048 80503
84367 75587 89978
80139 74238 91138
78358 87071 84253
93466 80276 82011
87827 77541 88236
93298 78542 83657
95858 74253 80921
85081 88468 74758
86866 87323 79427
92158 79008 84868
90125 80649 85853
82998 79499 89288
80750 88720 80615
91633 81959 83296
83636 88972 73013
83260 84166 86409
92429 83760 74464
81851 77921 90056
92777 82219 80860
82735 87227 83199
82631 88594 79991
79928 88351 81980
82834 88658 79463
77333 79380 90174
76845 83244 87899
84337 82080 87647
79912 80293 89544
91639 82400 82765
97138 73842 76979
81693 89012 78965
73706 71057 92105
96555 74897 79180
82804 88403 80591
79554 89849 74709
90765 80688 85297
85931 72207 89738
76909 90121 74712
79427 83439 87700
79015 79869 89814
74296 90297 73640
97118 75093 75105
88200 72896 88616
78533 76303 90975
75304 70270 92132
91850 83218 81087
88481 86264 80622
77221 76244 91144
96072 73356 80643
89184 83781 83875
79318 84170 87097
89038 83700 84115
95882 78120 77718
79654 89496 77859
87112 72717 89175
94275 77980 82401
84250 87188 82595
89358 82165 85366
87438 87180 78828
81122 70826 91269
87994 84272 84321
93281 82405 78749
84023 88845 73985
81872 77292 90235
82479 88967 78238
80720 82705 88058
86822 87070 80618
85509 88104 77726
79013 72203 91570
80940 89529 76074
91069 80838 84902
95560 76855 80442
88548 77535 87845
96263 77375 77319
97187 74893 74397
85290 83821 86087
83271 88918 76961
80494 79255 89892
93953 81796 77065
81735 88617 80521
80896 87146 83813
84018 88834 75136
81022 89447 76943
92857 80933 82476
88412 86984 76266
84948 76927 89480
83152 89013 76262
97161 75272 73147
86864 85307 83802
83136 88377 80457
94643 80548 78173
87532 84025 84931
89163 83361 84393
90189 81651 85082
88563 78215 87674
88612 86820 76770
89298 81763 85703
91263 84815 76645
82785 84007 86657
83753 79685 89005
93327 80139 82420
82055 89372 74448
93770 79951 81727
88007 87032 78152
78691 85066 86368
96652 76856 76267
81564 88817 79911
93092 82862 77282
96102 75351 80101
83626 74952 90287
83342 79188 89307
91144 84879 77154
90915 82099 83954
77588 77904 90688
80586 79706 89687
80519 88610 81041
87574 87391 76818
96236 75725 79565
91906 83006 81362
96086 74872 80357
80159 87534 83377
82466 80307 89061
87473 85828 82710
97350 73883 71784
91830 81003 83967
84562 88670 73800
90183 85245 79893
93608 78217 83415
90423 85152 79531
83575 87986 81373
92436 74983 85565
87998 87054 77988
81294 73450 91042
96750 73299 78906
88771 85013 82729
82184 89290 75574
87015 87702 74821
82485 79084 89548
87762 80876 87066
78211 84677 86740
87126 87250 79213
78214 71771 91743
86280 85896 83411
81447 82279 88189
85034 88070 79210
84059 83700 86564
76676 84087 87254
90998 84782 78966
86444 87680 78167
97166 73171 77043
85899 79192 88515
73267 70269 92170
83853 88406 79464
79082 87137 84097
78345 87525 83661
88954 86675 75148
80972 72500 91201
86934 87607 77249
76985 72270 91860
79006 85591 85839
79150 70935 91661
90180 85566 78201
92847 83256 76219
84509 81064 88171
79486 88738 80980
85633 74482 89711
87396 73958 89015
78196 85636 85821
91386 80351 84948
76088 90204 74424
87092 86513 81803
86232 85484 83956
84679 88379 77985
86001 87004 81775
86030 81477 87464
80503 73218 91204
95288 75908 81729
82120 88043 81988
85506 82910 86755
90467 84871 80367
92298 83845 76122
92648 78467 84549
85864 87795 78951
78122 85913 85541
93766 80776 80659
93818 81648 78659
97203 74972 73415
81899 87144 83563
87205 74385 89100
84007 76614 89850
72956 69923 92174
79079 81628 88920
96926 76215 74955
97279 74366 74213
91725 75696 86120
86748 82208 86756
79684 89800 75420
95396 78459 79081
82298 74228 90738
82837 89185 73842
89521 73083 87806
74957 69453 92169
81571 88447 81158
94055 74252 83796
89184 86519 75141
