38390 39855 49965
48072 43304 43134
44566 44445 47292
47508 44791 42356
41830 43633 48990
49501 38938 39135
40022 42293 49657
44506 45608 46478
49305 39268 41505
41884 49378 41011
45223 47258 42748
43891 42463 48501
42497 45408 47772
46399 40638 47063
41815 48638 43691
47006 43534 45148
46533 46308 41091
47379 39604 46204
40763 48623 44293
44624 39482 48434
42528 46625 46635
45271 42103 47720
41636 47253 46249
39802 46121 47751
45745 44964 45872
42702 40339 49285
43781 47294 44956
48666 42864 40645
48442 41483 43685
37999 48911 44245
48134 40989 44743
47261 44078 44093
42107 46182 47258
49669 35424 38306
49438 38512 41011
40714 40767 49677
43162 48950 39726
48114 43738 41932
39659 49862 41496
45147 46333 45168
42102 44939 48218
40701 49765 40854
41953 49651 38186
39782 50097 40328
49569 38321 39540
40790 48767 43956
36815 50360 40619
42734 45687 47450
49047 41507 41159
49595 37963 38734
46567 43565 45785
49651 36440 39114
40525 47173 46624
46807 44307 44794
48653 40994 43437
44034 43071 48232
39072 50220 40541
41224 46352 47315
43641 41905 48732
38859 49133 43652
38078 49822 42135
44370 48171 40681
42792 45354 47720
45991 46709 42453
49540 37477 40337
40311 43900 49128
43084 38724 49176
45617 45879 45101
41718 48334 44517
37587 49883 42078
42579 49275 39366
40692 44382 48861
39988 41167 49745
40331 49287 42808
45066 41845 47889
39197 49498 42695
40998 48057 45242
39373 40602 49850
47645 44963 40739
40021 49428 42561
39916 45227 48441
47409 42963 44872
41432 49285 42252
40671 45268 48320
49208 41092 40165
40373 44333 48952
45802 41253 47524
38884 48326 45212
46172 40620 47290
44674 47483 43250
48268 41388 44315
41811 42772 49252
47382 43627 44333
44089 48240 41481
38186 50236 40817
44012 40503 48692
46416 44390 45350
39649 50188 39901
41300 46315 47335
45182 45209 46218
40395 48560 44578
40422 42500 49549
40407 48850 43894
45104 47652 40552
37478 49789 42381
40714 46274 47493
38921 47191 46719
44218 39705 48632
43302 48909 38374
48164 39380 44873
39521 42267 49698
44826 47830 41263
47986 41332 44925
48834 38595 43347
49191 38125 42288
47852 40933 45353
46085 42693 46798
42090 49525 39366
40347 49857 40835
47465 45279 40176
40297 45590 48141
38979 46630 47295
40701 48569 44435
41104 41507 49552
40720 47579 46015
49582 35920 40250
39427 46619 47300
49593 36566 40111
40829 45964 47765
43311 48415 42757
47729 44831 40799
45653 43312 47004
47201 45598 40743
43065 39096 49182
47284 42965 45090
39423 50285 38806
41516 44312 48727
40147 50134 38639
40397 38839 49767
43051 44786 47965
42209 48997 42504
36189 50514 39908
41156 43530 49184
44477 46062 46036
49215 40138 41522
49351 40008 40622
39221 42056 49745
46476 43227 46164
45358 46447 44856
38925 44442 48948
40545 47034 46766
47691 43019 44262
43804 48573 40117
46597 45500 43760
49027 40403 42416
48930 40981 42539
46024 42136 47081
45293 44703 46466
49120 41442 40685
43546 44839 47708
42341 47813 45115
46181 41549 47143
44746 47929 40689
44639 44060 47432
44244 39079 48642
40390 43067 49441
41603 40361 49518
38346 47756 46057
42843 47124 45868
39877 48639 44569
48087 44233 40442
42994 48027 44283
39545 43437 49385
43135 46789 46195
47273 43533 44636
46931 45669 42205
44223 47325 44445
46459 42602 46438
45975 46184 43935
39691 44905 48691
44180 48331 40125
46850 45841 42015
46246 43341 46361
40090 47296 46569
38062 50153 41158
38991 49950 41522
39345 45520 48243
48921 42215 40331
39367 50291 39036
42680 49245 39026
47351 44593 43165
42786 46375 46801
38968 42212 49715
41516 44898 48376
41362 49413 41744
38337 49606 42639
37748 50034 41591
40744 38862 49709
46819 41401 46455
45888 39076 47633
44802 43133 47744
39959 46993 46924
41873 48885 43034
49263 37874 42067
47560 44171 43245
49620 35855 39717
47310 45324 41433
37802 50387 40358
41581 49352 41716
38077 48192 45442
41944 43135 49161
45481 47294 41435
48279 44086 39369
43676 42948 48479
49368 39960 38737
41073 45331 48210
48688 42576 41362
37246 49847 42259
44509 47837 42383
39788 48396 45018
43305 48820 40414
43415 43946 48188
40982 41856 49543
41390 49706 39827
44450 48072 41255
44915 40342 48220
44097 44141 47759
38573 50450 39110
42093 43752 48875
49223 40751 40801
49527 38462 40067
37121 50084 41585
39563 46814 47110
40025 45788 48006
38052 40917 49903
48769 41917 42195
41902 49514 40011
47675 44796 41309
49580 37551 39841
38268 50456 39403
39637 49980 41048
49631 37457 39222
48929 42052 40916
42397 42813 49094
39629 43081 49499
43722 47960 43633
46532 46197 42088
37261 49421 43182
41197 44263 48818
39568 41686 49767
36794 50645 39091
46655 45849 42949
46105 45761 44463
46845 42964 45830
41826 42652 49267
40751 49976 39110
39122 45853 47988
48467 43582 39910
46828 42339 46104
42973 42959 48834
48473 43575 39331
44122 46318 46034
45194 45662 45821
43158 41960 48933
42474 44115 48575
39850 39800 49828
47811 44166 42579
49293 40491 40448
44093 45665 46790
45538 42541 47379
41640 47680 45633
40557 46162 47630
41971 39207 49468
39904 49196 43254
41897 45261 48076
48909 37656 43162
45451 39823 47898
46474 44890 44818
39484 47880 45878
42972 48332 43568
45495 47334 40161
49297 40120 40956
48778 42670 39785
42902 48836 41877
45999 43290 46648
48759 40291 43412
41120 43205 49295
37105 50447 40201
48047 44089 41339
41709 41581 49401
41293 40823 49564
43551 47203 45351
38606 41491 49850
47891 39546 45397
41580 49705 39282
43186 43471 48516
45980 45763 44681
43433 39397 49039
48427 43438 40807
41231 48780 43760
45365 43993 46883
40846 42223 49523
49418 37546 41295
47264 45350 41606
44617 47842 42057
42112 48693 43330
38629 50444 38880
49438 39434 39276
