66346 52654 6359
70175 45825 6173
51753 63247 5990
53495 61505 6262
49439 64561 5533
73878 39122 5377
71000 45000 6051
54406 53594 6682
72510 44490 5604
64437 52563 6488
47860 64140 5935
68030 52970 6099
58441 49559 6695
61510 59490 5920
72191 45809 5488
72970 43030 5519
48410 62590 6192
71206 42794 6051
54602 59398 6461
70583 48417 5965
69618 45382 6243
50058 63942 5873
74385 36615 5198
54131 57869 6563
65408 47592 6528
54637 62363 6029
67038 53962 6162
72876 43124 5581
55563 62437 5780
58889 60111 6196
54375 59625 6446
54159 61841 6193
54894 58106 6544
54452 57548 6578
70646 49354 5751
50720 63280 6047
74230 37770 5256
71508 47492 5643
46291 64709 5786
71831 44169 5892
62095 58905 6076
66440 46560 6476
72101 41899 5901
53031 58969 6503
66642 51358 6385
51717 62283 6202
47831 63169 6125
48234 62766 6172
59064 54936 6601
49019 63981 5934
57247 56753 6584
57306 57694 6533
71096 46904 5936
57754 54246 6648
50880 64120 5640
65636 54364 6321
64451 47549 6566
62847 54153 6509
74587 34413 5099
51582 61418 6312
71236 47764 5769
40260 65740 5235
52070 61930 6241
45931 65069 5615
52524 59476 6470
72677 42323 5722
51909 60091 6427
70526 49474 5818
73846 37154 5476
59107 53893 6629
63405 53595 6506
46973 65027 5463
56299 61701 6063
48193 64807 5447
59991 60009 6105
40271 65729 5323
48573 64427 5777
72384 43616 5762
58001 59999 6274
41295 65705 5280
41618 65382 5564
58061 57939 6496
57933 61067 6060
50842 64158 5541
62059 50941 6622
68647 45353 6328
59672 58328 6407
70687 45313 6100
69981 45019 6207
69834 47166 6180
62425 58575 6120
58758 59242 6339
74622 33378 5113
62138 55862 6469
54274 55726 6640
70814 48186 5914
65304 52696 6434
74648 33352 5028
58312 52688 6670
55780 59220 6458
69608 51392 5673
41311 65689 5385
55839 62161 5939
54948 52052 6703
57383 61617 5753
49681 60319 6413
42947 65053 5710
55430 58570 6514
65955 52045 6415
45293 64707 5817
50694 62306 6217
69077 48923 6222
57487 61513 5927
60067 50933 6667
73590 39410 5512
70982 48018 5866
50711 60289 6415
44602 65398 5469
60988 50012 6653
72347 43653 5771
58923 59077 6353
69960 50040 5978
59383 60617 5924
73489 39511 5548
57333 58667 6462
67197 52803 6248
47065 63935 6017
68641 48359 6292
61897 52103 6600
43767 65233 5627
73653 38347 5532
71133 46867 5927
61953 59047 6052
58345 57655 6508
68411 51589 6164
55508 61492 6178
50951 64049 5710
52078 56922 6607
49497 62503 6199
63677 51323 6559
60161 55839 6544
50571 63429 6017
56448 61552 6093
60470 55530 6546
56437 53563 6674
68830 52170 6016
57402 60598 6218
61741 57259 6400
50447 63553 5986
73639 40361 5422
51118 59882 6444
73084 42916 5413
70744 49256 5693
46980 65020 5550
66134 54866 6208
60551 52449 6631
61009 48991 6658
60584 53416 6607
59669 60331 6037
73533 39467 5533
49871 63129 6113
64490 56510 6257
69547 51453 5813
69250 44750 6276
61339 50661 6642
45240 64760 5800
56793 51207 6702
64617 50383 6537
49448 63552 6031
52382 61618 6275
69479 51521 5891
61314 49686 6648
74380 35620 5276
73360 40640 5550
63188 49812 6600
50870 61130 6341
71736 41264 5973
60081 56919 6499
47484 64516 5820
53387 58613 6524
44715 65285 5576
56862 61138 6160
54936 62064 6089
53961 63039 5831
50280 63720 5940
47629 64371 5872
59822 54178 6605
65802 55198 6222
65296 48704 6526
70778 47222 6003
71965 46035 5652
68131 46869 6366
63133 54867 6466
58420 56580 6564
72386 42614 5804
69397 47603 6227
69013 44987 6297
73890 37110 5461
65726 52274 6423
69035 45965 6293
53200 57800 6573
74119 35881 5382
56580 57420 6559
63504 51496 6563
56543 50457 6705
44374 64626 5850
51176 63824 5817
59361 59639 6246
67733 47267 6391
47234 64766 5695
55129 58871 6495
74520 34480 5182
42875 65125 5684
63614 57386 6220
62593 49407 6621
52199 60801 6366
63667 50333 6580
55077 56923 6605
73010 39990 5701
61214 55786 6514
71972 44028 5862
50938 62062 6246
71764 46236 5752
57615 61385 5992
68741 50259 6204
53859 63141 5758
59572 53428 6630
68631 47369 6313
57174 60826 6194
60594 54406 6581
63342 52658 6541
71313 43687 6026
65861 53139 6379
73380 41620 5439
56932 58068 6517
70354 49646 5879
63778 56222 6349
58983 58017 6466
65347 54653 6329
54857 51143 6707
53778 62222 6134
66538 48462 6466
45762 65238 5421
57270 52730 6684
73872 36128 5469
55781 62219 5914
67941 50059 6307
51250 61750 6280
73780 40220 5290
70490 47510 6051
69923 50077 5987
67514 46486 6416
40302 65698 5376
65027 50973 6502
57291 55709 6619
52949 63051 5956
69708 48292 6154
69034 47966 6263
58598 51402 6690
60022 58978 6307
46746 64254 5934
51540 63460 5943
70001 46999 6159
46364 64636 5812
52368 63632 5731
59278 56722 6534
67469 52531 6231
57278 54722 6643
68908 49092 6237
46141 64859 5724
74231 36769 5316
59559 52441 6654
62736 53264 6547
64655 55345 6346
73097 42903 5372
58298 60702 6131
67764 51236 6278
39261 65739 5266
73996 38004 5390
65773 50227 6478
41677 65323 5593
66819 50181 6414
73444 41556 5350
56202 59798 6383
74263 36737 5300
60285 54715 6579
49657 64343 5692
73738 39262 5445
63265 57735 6193
64668 51332 6513
61589 59411 5975
56818 60182 6311
74122 36878 5367
71619 45381 5883
68442 49558 6274
43020 64980 5736
52535 57465 6588
60512 59488 6174
63139 55861 6419
61173 58827 6235
72630 44370 5537
52286 63714 5474
57274 50726 6701
66326 54674 6199
54740 57260 6591
70664 46336 6075
71576 47424 5565
73957 37043 5434
63156 56844 6346
68015 47985 6359
52154 58846 6514
69541 49459 6121
39250 65750 5178
58614 57386 6516
61790 58210 6289
47161 64839 5654
74561 34439 5137
57396 61604 5827
55550 62450 5740
74052 38948 5207
73439 41561 5371
73220 38780 5668
71503 43497 5990
65950 47050 6501
61721 53279 6578
47546 63454 6091
64428 51572 6519
71149 45851 5984
69868 46132 6205
57135 49865 6705
55030 54970 6654
73066 41934 5601
59561 60439 5998
74391 36609 5135
56982 56018 6617
45762 65238 5380
65271 51729 6470
43435 65565 5335
55610 62390 5827
52324 63676 5614
59895 60105 6086
63953 49047 6583
47386 64614 5776
70485 49515 5837
63660 53340 6502
53353 62647 6052
50503 60497 6398
60305 59695 6149
71116 43884 6058
59602 54398 6604
72744 39256 5780
65180 49820 6519
50958 59042 6503
74525 35475 5126
68265 50735 6245
43497 65503 5447
52565 56435 6622
71444 44556 5972
53683 57317 6594
70831 46169 6051
41363 65637 5438
60294 51706 6653
69375 46625 6256
53487 59513 6465
55129 59871 6410
59948 51052 6668
54477 60523 6355
52413 62587 6134
50999 58001 6563
69171 50829 6089
59485 56515 6537
43922 65078 5689
56900 57100 6571
71614 47386 5480
57471 61529 5910
73370 38630 5628
63474 48526 6603
46122 64878 5715
66603 54397 6186
71835 45165 5830
54209 62791 5912
73846 39154 5393
52691 63309 5878
72261 44739 5709
59378 49622 6685
59362 60638 5858
50859 60141 6426
62397 57603 6321
62827 58173 6158
65663 51337 6458
71648 46352 5795
54741 61259 6249
56004 61996 5986
70158 47842 6099
45726 64274 5939
50111 61889 6271
71582 45418 5892
62576 50424 6613
70756 43244 6115
55777 60223 6346
56177 51823 6700
56449 58551 6496
54333 53667 6681
61259 57741 6387
72150 42850 5864
49570 61430 6318
52755 61245 6315
60536 57464 6446
68711 49289 6253
52963 61037 6332
62499 56501 6415
72740 41260 5742
56767 59233 6430
66920 53080 6261
71330 46670 5878
58970 50030 6690
56491 51509 6702
73756 40244 5341
42330 65670 5295
74240 37760 5199
59410 57590 6481
43471 65529 5407
63906 55094 6412
59158 56842 6531
70322 49678 5888
58213 56787 6561
64705 48295 6555
70418 44582 6160
64692 54308 6401
55212 52788 6691
61242 56758 6461
52731 60269 6412
71911 42089 5937
71881 46119 5699
55211 61789 6141
70812 49188 5615
63771 54229 6464
45148 64852 5765
55704 55296 6646
72677 40323 5793
62470 52530 6573
48787 64213 5872
57799 50201 6699
