66677 72323 7492
55356 76644 7147
47450 78550 6293
64460 64540 8113
81118 55882 6869
59403 75597 7299
81624 53376 6954
83262 48738 6383
71656 69344 7492
83455 47545 6234
49928 78072 6712
53065 77935 6610
78098 59902 7527
80541 57459 6876
62637 65363 8108
62748 73252 7629
76562 59438 7694
74846 64154 7737
46421 78579 6310
74840 67160 7181
52578 77422 6967
63537 67463 8059
67217 63783 8085
51120 77880 6801
79186 57814 7401
83690 44310 6069
60992 75008 7359
72644 65356 7864
47532 78468 6456
71834 62166 7968
64896 74104 6948
60656 74344 7528
59908 75092 7402
66895 68105 7994
80190 57810 7159
69967 62033 8033
72752 68248 7551
73298 63702 7888
65077 62923 8127
58976 75024 7445
83582 46418 6104
75052 66948 7110
48580 78420 6464
74296 62704 7837
66249 71751 7673
83003 49997 6405
47519 78481 6436
81567 54433 6885
63066 74934 6946
60724 75276 7306
54571 77429 6908
65538 67462 8038
58416 75584 7345
78697 61303 7226
68295 62705 8072
63060 74940 6795
70087 66913 7928
63358 66642 8082
81175 55825 6802
60751 74249 7542
79414 59586 7247
80511 56489 7158
73374 68626 7184
80037 55963 7273
73112 68888 7076
58482 76518 7012
83568 46432 6186
63331 74669 7152
64246 73754 7391
55662 77338 6849
68886 68114 7915
80728 56272 7095
80163 55837 7251
64683 71317 7808
78617 59383 7469
82150 52850 6724
71846 60154 7977
79388 58612 7347
79814 58186 7270
56949 77051 6892
76816 64184 7377
63664 68336 8030
82011 51989 6876
72314 68686 7542
52369 77631 6897
76288 62712 7654
48550 78450 6356
63537 63463 8136
82617 51383 6546
68004 71996 7372
70665 64335 7984
65398 66602 8065
65218 73782 7174
64518 73482 7440
54195 76805 7118
71355 67645 7791
72556 67444 7693
57557 76443 7139
62983 64017 8132
78171 57829 7533
79304 59696 7280
59935 74065 7578
63706 74294 7272
83138 48862 6508
77759 63241 7126
58407 76593 6977
64492 68508 8016
62399 74601 7376
72794 67206 7695
70365 67635 7863
80481 54519 7199
74047 59953 7878
81180 53820 7059
60339 75661 7201
46468 78532 6382
76451 58549 7707
67754 63246 8079
64656 63344 8127
71590 65410 7917
82604 51396 6586
66478 67522 8022
64666 72334 7687
57945 76055 7247
75754 60246 7759
74215 63785 7824
79773 59227 7063
80965 56035 7001
52015 77985 6725
72525 63475 7926
45372 78628 6188
50823 78177 6617
61884 70116 7936
54269 77731 6654
73185 61815 7917
78271 60729 7471
73086 60914 7926
70865 66135 7923
71586 63414 7964
65396 73604 7247
73080 65920 7781
56535 76465 7180
70552 70448 7401
66207 68793 7981
54865 77135 7021
65965 63035 8114
59703 76297 6872
51927 78073 6618
67334 64666 8072
75836 60164 7753
70189 70811 7340
59994 76006 7096
61991 73009 7687
64973 69027 7987
74805 61195 7822
67114 72886 7119
66332 62668 8111
64956 67044 8057
71976 67024 7791
79466 56534 7370
79284 56716 7396
70606 69394 7650
67738 62262 8087
67885 71115 7630
69658 68342 7851
63167 74833 7056
81037 55963 6956
78955 60045 7362
76012 63988 7599
56140 75860 7313
62123 73877 7549
80156 54844 7257
71866 66134 7869
82741 50259 6653
48682 78318 6563
81697 54303 6769
62410 70590 7904
56332 76668 7127
64417 70583 7885
69716 71284 7206
74372 67628 7197
83414 47586 6317
68407 64593 8047
65400 62600 8126
63147 61853 8147
69507 71493 7124
73172 68828 7106
49699 78301 6557
64019 68981 7998
81417 52583 7013
76362 64638 7431
53064 77936 6600
81551 53449 6977
80476 56524 7166
57312 75688 7339
63282 74718 7124
45380 78620 6226
62670 67330 8069
75727 65273 7498
80084 54916 7269
70108 67892 7859
71153 61847 7996
49866 78134 6676
51202 77798 6839
71841 64159 7941
66165 72835 7406
66913 62087 8106
64202 63798 8126
78794 58206 7455
76617 63383 7557
78975 61025 7000
66941 72059 7530
55753 77247 6906
61662 75338 7144
61334 74666 7424
80119 56881 7244
45373 78627 6195
63325 65675 8101
56461 76539 7162
76820 61180 7655
77803 63197 7097
68338 70662 7667
63572 64428 8123
44348 78652 6110
63290 73710 7523
81946 53054 6848
63948 68052 8038
80297 57703 7096
65148 72852 7548
80136 57864 7182
68204 61796 8080
75172 64828 7641
75394 63606 7714
49743 78257 6591
73140 67860 7555
59825 76175 6996
83741 43259 5886
83701 45299 6013
76296 64704 7438
65876 73124 7352
74239 65761 7679
69406 69594 7736
82402 51598 6733
59697 76303 6788
66047 72953 7384
62541 73459 7603
65622 71378 7761
54350 77650 6774
56848 77152 6818
75080 65920 7532
65123 73877 7122
53086 77914 6703
55506 77494 6735
75814 59186 7761
73646 65354 7772
78252 59748 7511
64830 65170 8099
61949 66051 8095
82189 52811 6627
61599 75401 7115
77369 58631 7616
67955 68045 7962
81166 55834 6815
81639 54361 6840
77905 61095 7520
63115 62885 8146
77634 58366 7589
77877 59123 7563
63200 71800 7799
59330 75670 7281
75263 59737 7798
52230 77770 6847
74227 67773 7196
64411 69589 7960
53279 77721 6819
64978 62022 8136
67807 70193 7790
68876 66124 8006
74704 67296 7191
65365 65635 8084
55627 77373 6825
79426 57574 7366
70343 64657 7990
66453 66547 8049
78906 61094 7169
73003 65997 7782
57886 75114 7433
59809 76191 6982
78950 61050 7122
70989 61011 8006
70709 62291 8008
81062 54938 7069
82518 51482 6663
64730 65270 8098
63750 74250 7283
80782 56218 7076
69164 70836 7528
82202 52798 6556
67772 65228 8052
72217 66783 7790
68367 71633 7433
77773 57227 7575
83615 45385 6171
70633 62367 8010
71519 64481 7947
51913 78087 6595
61883 75117 7232
78469 58531 7497
73963 61037 7881
58677 76323 7092
82347 51653 6760
79037 59963 7346
67229 72771 7187
65267 68733 7997
82267 50733 6807
45429 78571 6336
68638 71362 7473
67941 64059 8066
61988 70012 7943
78393 56607 7508
50776 78224 6505
72044 60956 7970
75507 61493 7764
83263 48737 6306
66897 61103 8108
81468 52532 7002
58899 75101 7433
68779 61221 8071
66056 65944 8069
65004 67996 8028
61615 75385 7123
50791 78209 6569
67078 70922 7736
69629 71371 7181
69676 63324 8035
66265 69735 7905
78974 61026 7039
76895 62105 7611
61311 72689 7731
54441 77559 6831
61992 72008 7789
82718 49282 6667
78599 60401 7426
65720 63280 8115
70247 60753 8031
82446 51554 6708
79725 59275 7114
55562 76438 7192
77849 58151 7567
76157 61843 7703
72488 61512 7949
77567 63433 7219
59748 76252 6928
75447 64553 7629
78927 57073 7446
81447 54553 6931
70817 67183 7865
63457 69543 7971
53496 77504 6930
61344 75656 6902
67813 72187 7339
67983 66017 8031
65054 73946 7078
56821 77179 6755
73595 59405 7902
50775 78225 6480
54621 77379 6930
74367 66633 7556
59587 73413 7653
81168 54832 7036
58179 76821 6865
72286 62714 7944
66911 64089 8086
83709 44291 6015
62859 69141 7998
68812 70188 7705
55913 77087 6991
59879 76121 7028
65680 61320 8129
83411 47589 6320
71715 68285 7679
66765 65235 8073
80023 57977 7213
57472 75528 7370
77546 58454 7598
70277 65723 7965
72840 60160 7938
83455 47545 6259
63686 65314 8106
83589 46411 6041
78197 61803 7349
57273 76727 7052
67008 72992 7054
81750 54250 6695
79915 57085 7283
83179 47821 6484
64430 61570 8143
67991 69009 7896
67956 61044 8089
63594 70406 7915
70132 69868 7612
61376 73624 7622
62667 74333 7423
77665 62335 7448
77396 63604 7258
61609 74391 7474
76649 60351 7683
67307 66693 8031
58207 75793 7303
82978 50022 6537
68500 65500 8029
79094 55906 7423
70419 68581 7776
65691 68309 8010
77662 59338 7585
75943 62057 7717
73195 66805 7694
61344 75656 6979
74694 60306 7835
65935 72065 7639
65903 69097 7967
53670 77330 6997
73430 64570 7845
67634 61366 8095
73778 66222 7689
65118 63882 8117
67734 71266 7616
63985 74015 7339
49653 78347 6461
62186 64814 8119
64265 66735 8072
68820 69180 7830
66433 72567 7453
67278 68722 7945
66003 64997 8087
65528 73472 7279
74946 58054 7819
67779 67221 8006
80855 54145 7128
66666 70334 7841
83478 46522 6301
63363 72637 7694
80464 57536 6980
60063 75937 7124
79813 59187 6930
56120 76880 7060
70972 69028 7662
78482 61518 7283
81134 52866 7074
54482 77518 6856
69662 64338 8017
57872 76128 7229
67399 72601 7234
64531 72469 7673
49658 78342 6512
69443 71557 7052
80394 57606 7033
65856 62144 8124
