36934 41695 36182
30873 44456 33462
32528 44577 31908
37192 42419 34824
39640 36267 35916
38224 41404 34056
33980 44029 33298
40335 38389 32516
35327 36519 38323
35866 42985 35195
41192 35444 29760
39787 38392 34522
39734 37380 35405
38825 37686 36631
40745 36175 32948
36187 43221 33222
37023 38631 37811
40371 35197 34187
39772 38743 34141
35462 43023 35588
33688 43651 35127
36352 43058 34065
33858 37218 38333
36886 41242 36651
31020 44749 31897
36320 39666 37945
39526 40032 32086
40180 39140 30717
37092 42673 32730
33556 42601 36953
37513 38625 37465
29966 44735 32419
39487 39733 33280
32861 43245 36108
41019 34775 31833
30705 44855 31248
38336 39892 36031
39919 35514 35355
36692 37612 38049
39198 40593 30326
39672 35866 35879
34498 43931 32801
39104 35994 36651
39919 38804 33465
40228 37440 34026
38384 38367 36828
34953 42633 36849
40725 37649 31626
35415 41763 37362
33504 42269 37241
34569 43292 35555
35765 42642 36143
35067 43714 32202
36589 42343 35712
39143 35686 36621
39897 39533 31783
35473 38634 38248
29803 44817 31999
38604 39528 35900
35015 42292 37141
36141 39199 38040
35468 42048 37157
34790 42756 36771
31018 44702 32253
41020 36559 31544
36259 42309 36123
31357 44427 33461
39144 39420 35174
39920 39212 32599
40098 37954 34000
36533 35887 38115
41095 36785 30464
36706 42774 34761
38798 38729 36180
39334 38190 35686
35836 42271 36593
39654 39612 32870
40610 37566 32291
38384 36110 37309
39147 37317 36379
32181 44644 31426
31368 44540 33111
40607 35729 33488
39938 39083 32846
40867 35429 32501
38737 36723 36922
39632 35500 35943
37716 42159 32289
36293 40709 37494
40844 38010 30345
38463 38794 36509
37448 42320 34039
31032 44833 30217
34186 44073 31774
35623 40988 37710
36645 40370 37400
34851 40365 37955
33753 41522 37663
40419 36661 33824
34933 42353 37103
31876 44019 34588
35369 43226 35058
38126 37857 37204
30820 43807 35025
38194 41676 31921
39431 37264 35977
36305 41769 36770
39605 38864 34551
38856 36657 36815
36859 37430 37994
35335 42760 36415
36608 38510 37993
41125 34938 30881
39892 39398 32243
39342 40402 31430
37094 40467 36999
39183 36052 36557
38893 40962 31724
33791 43867 34328
37254 41465 36087
35182 41606 37525
38624 40715 34340
40748 35831 32961
38521 41320 32232
37412 36729 37799
36085 41484 37146
40427 37326 33351
33559 41957 37423
33689 43116 36327
40477 38582 31473
41074 36049 31342
40564 38043 31921
34426 37783 38331
39464 40054 32464
34663 43768 33644
32511 44478 32910
35317 41026 37750
39367 38478 35451
39064 35628 36715
39954 38271 34112
40959 34545 32137
33073 44103 33978
38463 37613 36975
39105 36493 36586
39157 38173 35958
29522 44958 30562
40305 37067 34029
39981 36714 35044
39357 39566 34224
37677 41503 35617
40302 38483 32544
35413 42885 36048
39681 37095 35610
41179 34975 30116
40506 37218 33137
39878 36273 35434
39664 34632 35896
37160 37617 37838
40304 36376 34275
35739 42722 36022
38591 40911 34008
35653 39795 37989
34852 42415 37063
32425 43523 35565
38104 41621 33764
38777 36599 36909
41087 35968 31201
34830 41849 37430
38900 39844 35113
38004 39776 36465
39693 38219 34874
37919 40905 35794
36254 37320 38213
38892 40842 32543
34965 43525 34528
40030 37890 34254
40771 37172 31996
40631 36581 33153
38190 37256 37282
35816 43390 33354
35817 42847 35655
38057 36734 37495
