63394 68473 86404
72273 72227 80160
60821 66531 87137
66170 70013 85411
74876 69967 76307
65759 69757 85585
70742 74875 77383
63107 77010 80519
58504 71775 85907
64538 77275 79073
75409 69455 74410
74273 66879 79071
60150 79096 73446
66113 76858 79020
76382 66521 73753
68997 69327 84367
72367 71090 80752
66804 77507 73526
69171 75156 79754
59801 79136 73340
66934 70937 84958
69501 75278 78737
75187 69043 76181
73427 72546 74283
64768 71533 85316
77818 58746 66651
58650 67506 87126
63371 75020 83378
72386 70402 81033
61450 77441 79921
77092 63754 72040
65434 76770 79791
76816 65214 72634
71404 70011 82257
62507 78669 74820
70820 73392 80816
71200 74876 73842
76670 65448 73311
63177 70787 85906
77902 58299 64819
67829 69720 84885
58863 64525 87486
70681 75290 74957
73544 71331 78494
65033 77739 77143
58685 78843 75709
72097 70949 81169
64796 76816 80090
77645 59842 69021
72162 68836 81748
60914 74171 84409
73528 72081 77339
73135 67121 80784
77075 62703 72503
76325 67285 72062
65269 70479 85585
68107 73746 82709
70359 75458 75467
72215 70069 81361
71700 72830 80429
67797 76847 76190
60233 66466 87223
64049 74176 83940
70993 75052 74280
70729 69985 82882
68071 67893 85032
73917 71485 77224
66197 66799 85841
68132 67978 84998
75288 67878 76812
65050 78172 73431
62610 77348 79876
77313 63505 69726
59242 78971 75065
63110 78694 72974
69204 74812 80418
72284 72872 79260
73312 72584 76329
77168 64253 69970
61395 79000 71683
69435 72436 82990
58963 78844 75701
74390 71179 75502
76688 64642 73980
67890 75136 81176
60317 78298 77886
70579 68544 83361
69188 75493 78632
71781 72464 80672
63428 67756 86499
67666 76052 79490
63452 78610 72762
68236 75385 80442
63353 75326 83028
76056 67198 74644
74567 70545 76640
75959 66902 75352
56921 79360 70587
68652 72439 83489
69656 70821 83507
67419 75327 81243
64218 78372 74475
59508 72598 85456
69353 69163 84195
67490 67850 85281
62826 78751 72913
64170 78101 76449
73930 68207 79362
64302 74819 83331
70319 74284 79872
72121 72723 79801
72759 73255 76306
62388 77334 79981
61657 78816 74536
65794 77918 73713
68100 70226 84628
67760 71372 84449
71611 71444 81493
72539 66327 81587
64954 77390 78452
62877 77477 79415
75448 65564 77175
63659 74873 83456
63063 77534 79163
58095 79202 73414
66117 75128 82393
58477 78932 75311
69161 75847 77404
62136 77388 79908
73913 69414 79001
62278 75908 82473
76942 65228 70758
74124 71309 76786
77580 61149 69145
70654 66690 83433
62494 78741 74200
64576 78303 73664
70969 72410 81589
73861 71950 75761
67191 75225 81555
66442 77238 77310
72125 71941 80582
72114 71173 81041
69147 76173 75969
64207 71326 85514
70032 75777 73410
74434 69105 78116
57978 66446 87288
77825 59476 65978
61930 72240 85516
71919 66188 82253
62532 76878 80998
75165 70122 74098
68231 69434 84770
63651 77707 78370
62491 66913 86815
77279 62055 71397
70341 68314 83595
73042 72958 75877
61813 67821 86808
67279 72480 84213
71176 71290 82006
63821 77982 77197
75963 66585 75554
74995 68174 77354
61457 67016 87003
66753 74809 82495
64265 77204 79418
70540 74672 78634
76255 67493 72909
76648 66285 70946
60696 72275 85626
59199 66980 87202
62036 78850 73573
70272 67474 83722
62766 77824 78450
77537 62142 67639
73648 71509 78042
61267 75830 82610
69341 71634 83428
68152 68616 84947
61141 76670 81435
58297 70458 86448
64332 78362 73939
68280 76310 77486
65587 77843 76020
77476 60096 70230
64120 66315 86489
67894 76955 74862
70600 73995 80050
61178 68851 86735
77572 60910 69328
74628 64636 78676
61877 69468 86498
63899 66762 86495
59053 68648 86918
57629 79255 72848
74704 66270 78459
60197 67046 87160
61322 78927 74001
61243 77036 80787
66820 77456 74989
71505 72931 80555
64838 75417 82564
62526 70385 86134
58430 69628 86698
77813 58996 66664
69507 75924 76210
62962 65919 86811
70762 73622 80552
65888 72191 84764
61704 70329 86236
60803 79033 73406
72669 73253 77241
60869 66951 87089
73607 72330 75016
73949 71188 77700
72218 71625 80653
60522 78997 74255
69986 68227 83899
76385 67048 72908
58180 69308 86786
66087 68339 85712
61550 78949 72671
62547 78517 75811
77220 61495 71771
77354 61794 70957
67597 75322 81108
58314 68297 86994
68583 69790 84517
62896 67737 86613
71402 70540 82077
75796 64888 76521
62178 77651 79243
63495 77231 79796
58346 79325 71062
71919 74207 73980
67553 67118 85262
63950 71092 85652
60091 65304 87304
56911 64561 87512
65323 68281 85967
65812 67879 85866
74534 70092 77181
74909 66594 78074
77753 60276 67227
68725 75264 80110
76051 68040 72787
65314 78059 75126
70661 67828 83394
59050 70847 86271
72833 73219 75213
75896 67958 74440
67180 71776 84601
71598 66733 82566
63832 76949 80299
68994 70258 84141
73224 69917 79991
65190 66773 86140
73929 65810 79721
59876 78585 76859
76580 66097 73194
72817 66984 81230
73234 72768 74281
69775 69943 83667
75285 69137 75812
70492 66844 83577
72588 73348 77220
67387 68632 85224
73873 67803 79540
68099 74729 81614
73845 71010 78152
75967 65850 76017
66401 76883 78625
69865 73696 81377
76160 67065 74262
66122 77754 74751
67466 73859 83007
75577 64843 76990
76033 68037 73418
57961 67365 87151
72282 73834 74374
77644 60585 68591
71637 74386 76360
61617 75675 82800
66033 77735 75664
68740 71319 83945
77335 62208 71036
76181 65112 75595
74077 71734 75156
59826 72512 85502
61232 78994 72694
60989 77266 80316
68519 76088 77866
61739 74509 84061
75196 66477 77523
71986 73922 77336
75426 67963 76375
62239 77971 78241
58662 78972 75095
64622 75016 83049
66560 77124 77541
62161 76676 81378
72505 71725 80189
65420 76285 80775
76961 64466 72390
77377 61406 70827
70385 71519 82620
62468 75310 83197
60787 76419 81850
60707 64207 87224
66101 77780 74451
66082 70596 85305
64316 77436 78751
70553 69372 83179
61960 65998 86993
70402 71743 82492
71309 71549 81755
66104 74116 83385
72570 71169 80427
71830 70863 81513
67870 70689 84608
60857 73091 85160
76403 67041 72067
75336 65177 77403
63852 77869 77608
68077 76788 75634
76595 62812 74451
70787 68206 83239
76880 62984 73384
77580 61861 67487
72625 73458 74020
73276 68423 80368
72203 73859 76143
77757 59466 67402
74132 71701 74019
69466 70186 83841
72222 73299 78529
68055 76308 78010
57672 67367 87151
60560 70377 86336
65098 75954 81540
71073 69640 82679
71881 71793 80994
67267 76715 77859
67818 73507 83150
71615 68295 82489
68968 72616 83144
58140 79227 73019
72224 69412 81552
68573 76533 75662
72509 73182 77978
66821 76823 78215
64290 68265 86239
67513 75556 80790
71062 74015 79283
73854 71727 76878
71541 73364 79804
71743 67041 82414
65953 75668 81597
77203 64062 70052
77708 59009 68180
59028 68102 87016
60172 71202 86081
73162 69412 80269
73074 70595 79958
71052 74917 75769
70831 72946 81294
69184 66613 84460
74034 65555 79570
61730 76756 81288
71350 67021 82800
58662 67721 87090
72841 66279 81237
63775 71399 85573
76983 63985 72655
73763 68408 79580
77437 62801 67679
73321 72464 77149
73600 67498 80023
77374 62500 70690
70525 71208 82618
62382 77246 80188
65254 78108 73385
62529 72996 85016
74286 71110 76583
67597 76837 76842
69008 68209 84560
60415 69093 86742
62207 78256 77356
75131 69624 75719
77652 61329 67102
63417 76761 80918
58045 79068 74566
67693 69315 85007
67699 76968 75735
60811 77339 80154
59057 69448 86752
77103 63258 72265
70523 72518 81945
65647 67658 85938
68451 74377 81757
60096 64734 87309
69887 72790 82303
77146 63851 71580
58584 65854 87363
75915 68368 73067
73297 72259 77773
77398 62832 70088
61256 73715 84778
72322 67409 81782
68905 67136 84613
74430 69914 77633
73887 69874 78872
76837 62113 73558
60615 68606 86840
66468 68023 85629
68547 75756 79000
63362 76134 81948
60224 67993 86992
64349 75295 82867
68525 75947 78400
71198 72478 81312
74614 70671 76085
64130 78411 74020
74159 69165 78626
66674 77309 76520
68014 70311 84645
73025 71281 79647
68440 67928 84849
75564 69012 74686
68160 71723 84097
62911 78297 76582
68936 73325 82581
63926 68492 86290
67220 76160 79846
59994 72841 85314
73005 66035 81044
62872 78633 74650
69757 74329 80578
56224 79359 70744
76236 67557 72029
73440 65822 80447
76981 63164 72976
63592 75567 82691
76626 66295 72003
76195 66874 74344
76545 66288 73112
70664 70499 82773
57427 79322 71859
59845 79085 74137
67247 73841 83130
68288 74262 82003
63953 75534 82644
63423 71626 85549
62774 74990 83536
67034 75641 80984
71948 69983 81705
72906 68687 80806
60261 68693 86850
68909 76473 74431
75184 69472 75764
60397 79134 72050
72301 73465 77771
75061 70053 75179
60641 78624 76613
77626 61375 68276
73701 72083 76448
71819 70562 81664
68283 76737 75165
75862 67750 74923
72729 70760 80413
73112 71948 78789
65645 70926 85329
69089 76052 76678
67230 69658 85120
61069 72699 85365
65469 77074 79026
56803 79340 71414
74981 67337 77714
72349 71505 80542
67671 68892 85089
62265 74147 84302
65829 73348 84063
61519 76038 82334
67452 66442 85309
62336 76243 81991
57661 64626 87511
69784 66639 84087
64195 76254 81463
65685 76601 80040
73193 72799 75431
61324 65513 87127
71504 74564 75000
72538 73473 76526
76417 66330 73835
71592 74473 75267
66631 77530 75055
64248 72242 85158
77475 62488 68991
75832 67197 75588
72084 73947 76537
72898 73053 76744
73946 69845 78783
68983 75066 80210
69581 76070 74750
66114 77232 77897
58342 79274 72095
67329 77256 73642
70212 74666 79221
73194 71656 78928
76847 63242 73504
66498 68957 85491
76986 64940 71772
77498 61898 69629
62353 71246 85872
71552 73648 79198
59691 67906 87039
73940 70552 78334
67939 71617 84266
62940 77370 79674
71455 71946 81408
68702 71030 84089
63691 75217 83096
63156 78576 74711
64914 69936 85814
71064 70297 82488
66398 77539 75984
61810 78642 75757
70886 74749 77440
63832 73473 84487
65737 69334 85667
71350 74503 76911
73128 66479 80861
71224 73642 79785
70121 75228 77675
70793 67516 83293
61903 78882 73191
59574 66265 87284
72304 67209 81837
73216 72126 78337
74377 69236 78171
64598 70552 85715
75091 66732 77674
76181 66358 74843
71711 74388 74562
57376 65069 87458
65324 74450 83361
65185 74797 83085
69665 67054 84159
64325 76463 81061
68293 76634 75941
61921 71702 85739
64361 74307 83768
57083 79362 70052
72524 72244 79721
73976 68473 79204
64763 76748 80252
58810 79107 74320
63118 74377 83987
62059 74828 83740
75767 68761 72069
57364 63858 87512
59870 65751 87310
68822 74558 81266
64868 78167 75482
61702 77640 79408
68437 75239 80505
60432 79087 73103
76478 63960 74820
77861 58278 65762
68969 74152 81626
62424 75602 82854
62326 65434 86945
58737 71256 86119
65238 73135 84362
71987 74088 75687
69560 73810 81509
75870 68270 74059
70470 75461 73714
73413 71120 79004
61103 65960 87133
