53685 82315 7137
66536 71464 8156
69113 75887 7870
89027 51973 6719
88372 53628 6912
84808 60192 7393
71291 73709 7888
84718 58282 7429
63955 67045 8250
89227 52773 6533
63610 75390 8101
55000 81000 7593
85981 61019 7190
61895 77105 8037
76378 69622 7772
78801 65199 7787
76762 73238 7191
65612 74388 8090
56156 81844 7299
85436 61564 7254
85696 59304 7320
88931 53069 6716
54577 81423 7504
64640 77360 7956
74550 66450 7988
81012 61988 7703
53573 82427 7011
82180 66820 7340
79701 70299 7328
75784 67216 7912
82074 61926 7619
74773 68227 7935
61450 77550 8011
64064 79936 7236
85377 62623 7163
65989 68011 8228
83665 66335 7061
66803 72197 8127
64572 77428 7952
62000 75000 8120
72209 70791 7972
71229 67771 8090
89792 48208 6329
62219 74781 8127
58603 81397 7329
66926 70074 8177
90007 45993 6081
73865 71135 7870
67380 77620 7751
81443 67557 7382
87207 59793 6743
86435 61565 6839
89453 51547 6441
83441 61559 7501
63966 71034 8217
59706 79294 7860
88544 52456 6885
61541 78459 7938
86076 57924 7291
55911 82089 7118
54097 81903 7352
68430 76570 7847
89861 48139 6231
67393 68607 8191
88794 53206 6773
81561 64439 7579
60106 79894 7734
71371 75629 7731
76128 67872 7867
81104 62896 7679
78157 68843 7672
82914 65086 7382
88247 53753 6947
74970 74030 7520
74250 74750 7417
64329 78671 7767
71709 71291 7977
66861 77139 7875
88348 56652 6601
65918 79082 7393
52511 82489 7010
85243 62757 7179
59645 81355 7152
86637 61363 6570
64845 70155 8220
83208 62792 7484
69508 77492 7388
85692 63308 6829
78099 64901 7838
74287 67713 7972
62974 72026 8210
64358 74642 8111
68801 68199 8157
67288 67712 8201
87966 57034 6853
74282 72718 7749
75647 65353 7957
69086 72914 8026
84054 57946 7489
87306 59694 6596
86552 59448 7165
85636 63364 6862
62014 75986 8085
62917 75083 8116
87337 59663 6426
86582 58418 7210
51400 82600 6858
57286 81714 7276
61877 74123 8149
66491 73509 8093
66886 78114 7674
64189 79811 7312
86643 55357 7241
87591 55409 7083
62389 77611 7996
59522 80478 7616
72509 74491 7754
59003 80997 7486
65566 79434 7117
72222 67778 8057
76663 67337 7854
69092 76908 7731
78696 67304 7705
88980 53020 6692
88552 55448 6682
87942 54058 7026
79923 61077 7779
63986 80014 7176
72585 68415 8030
86465 56535 7256
89658 49342 6438
77621 72379 7350
56785 80215 7737
82858 60142 7582
69494 77506 7369
79638 63362 7771
70052 65948 8148
83613 58387 7527
76973 62027 7928
52773 82227 7221
82087 62913 7593
89283 50717 6629
63646 78354 7879
76644 66356 7888
89646 50354 6354
71012 74988 7829
89340 51660 6575
52552 82448 7077
54730 82270 7055
66374 78626 7546
89613 50387 6416
64808 79192 7554
77079 63921 7911
62560 80440 7240
73994 74006 7667
88343 55657 6802
73474 66526 8030
84873 61127 7365
70425 76575 7634
81416 63584 7631
72086 75914 7519
71989 70011 8012
86697 59303 7132
69770 75230 7880
79846 69154 7463
85784 60216 7266
69999 72001 8025
64706 78294 7827
76943 73057 7277
51494 82506 7067
78703 62297 7842
71453 76547 7208
83518 63482 7409
78755 69245 7590
60952 80048 7668
64430 79570 7421
59075 79925 7757
65617 72383 8155
58769 80231 7700
65579 79421 7186
67723 78277 7443
87801 58199 6764
77324 69676 7696
59211 80789 7549
89000 51000 6740
73877 75123 7171
62983 70017 8238
69879 76121 7807
86661 60339 7040
56179 80821 7621
83797 62203 7442
62648 79352 7730
76898 73102 7260
89512 50488 6520
65935 73065 8125
88036 54964 6971
89838 48162 6285
86862 57138 7187
75457 73543 7544
82332 66668 7331
77508 62492 7903
59604 81396 7085
62899 80101 7425
81932 60068 7657
73044 65956 8055
57046 81954 7096
87127 59873 6822
89896 46104 6229
87356 54644 7134
86777 60223 7003
87739 55261 7051
85463 60537 7303
57011 81989 7027
69920 68080 8127
85067 63933 7068
52458 82542 6824
79960 61040 7777
73578 68422 7987
63942 80058 7129
88479 53521 6881
74551 64449 8018
53772 82228 7191
68528 77472 7667
88666 53334 6826
72999 75001 7632
54795 82205 7152
83461 64539 7347
86408 60592 7110
86336 61664 6935
88795 55205 6398
67359 72641 8095
89938 46062 6179
70834 76166 7686
58480 81520 7242
61216 78784 7913
78000 70000 7611
57618 80382 7696
78791 66209 7750
78154 65846 7809
81767 62233 7638
88083 55917 6915
78492 70508 7511
77438 63562 7898
88699 55301 6562
88994 54006 6539
49387 82613 6776
90036 43964 5949
51413 82587 6906
76217 64783 7940
63093 78907 7801
68242 70758 8123
69046 69954 8117
63058 79942 7479
57144 81856 7185
62440 80560 7148
58276 80724 7596
72266 72734 7885
70600 73400 7937
77717 71283 7536
74013 74987 7339
83774 59226 7512
79232 61768 7816
59773 81227 7245
72553 75447 7600
52698 82302 7183
68652 66348 8178
80969 61031 7722
75776 72224 7659
74894 70106 7852
69767 73233 7984
67604 78396 7385
87369 58631 6930
89778 49222 6255
71991 76009 7496
70434 66566 8133
60538 78462 7950
79714 64286 7747
68261 77739 7608
67261 71739 8127
61642 73358 8172
73076 73924 7759
61852 78148 7961
69463 77537 7326
88143 56857 6761
64063 77937 7921
79855 66145 7664
71668 65332 8105
68207 73793 8023
82726 67274 7172
69893 77107 7539
59261 79739 7789
64934 78066 7851
55353 80647 7666
68156 75844 7926
67387 74613 8019
65978 78022 7785
76092 68908 7826
76037 62963 7971
79865 62135 7780
73143 70857 7924
74705 73295 7670
69391 77609 7223
76257 66743 7899
85450 62550 7151
66871 76129 7963
69423 75577 7877
71457 76543 7238
78500 61500 7855
85731 63269 6725
89470 51530 6394
82420 64580 7483
77460 65540 7862
75208 68792 7888
62476 80524 7182
57585 79415 7850
78923 64077 7803
89071 53929 6397
75637 70363 7788
71712 76288 7405
58750 81250 7392
86882 56118 7196
89263 52737 6445
56210 81790 7322
80185 68815 7447
56712 81288 7491
69362 68638 8134
77033 68967 7757
88376 56624 6576
85349 58651 7366
77226 64774 7892
85172 63828 7046
76049 70951 7720
65760 79240 7317
65152 75848 8044
86972 57028 7169
84297 63703 7287
84334 65666 6840
73908 75092 7243
63896 80104 7061
69291 69709 8115
59433 80567 7597
65145 78855 7647
88420 56580 6483
82856 59144 7588
88762 55238 6480
85464 63536 6939
90037 43963 5904
60863 78137 7975
67098 77902 7709
63026 76974 8034
72755 72245 7883
58571 81429 7313
56370 80630 7663
73359 74641 7646
87278 59722 6663
85535 57465 7356
89725 49275 6365
60253 80747 7469
64604 79396 7495
68851 71149 8095
70207 68793 8105
62395 80605 7053
73090 68910 7996
72518 73482 7829
84845 63155 7226
60925 81075 7094
67438 76562 7910
64980 72020 8179
64234 76766 8026
74555 71445 7810
58623 81377 7338
57228 81772 7243
61361 80639 7373
65527 71473 8181
61234 80766 7299
78842 71158 7356
89113 51887 6680
64634 79366 7504
83853 60147 7492
88442 56558 6430
84733 59267 7418
74029 69971 7910
77790 72210 7350
57064 80936 7577
63158 68842 8249
83131 60869 7551
64811 67189 8244
85863 58137 7313
62868 76132 8076
59736 81264 7223
65021 74979 8083
87557 57443 6983
82943 66057 7292
86365 59635 7191
63000 73000 8182
75959 66041 7931
87864 58136 6682
54680 82320 6930
71196 65804 8116
86885 60115 6966
78019 61981 7879
89637 49363 6460
89758 49242 6303
70198 76802 7603
74355 69645 7904
80187 65813 7649
87115 58885 7018
58574 80426 7663
70833 68167 8096
67372 78628 7268
80776 68224 7419
60549 79451 7808
57102 79898 7783
59562 81438 6994
88647 54353 6769
85759 62241 7099
82174 60826 7631
67960 78040 7521
76739 72261 7547
49380 82620 6723
77957 68043 7729
88760 54240 6722
62566 74434 8138
75678 64322 7972
83985 66015 6995
72745 68255 8027
86843 58157 7165
64116 71884 8199
86095 55905 7302
51437 82563 6983
85687 56313 7346
79957 63043 7756
58687 79313 7863
75041 66959 7955
88419 55581 6760
64638 67362 8245
61836 79164 7822
61575 80425 7450
71749 75251 7747
89901 47099 6217
54704 82296 7015
70838 65162 8129
64166 67834 8247
80549 69451 7300
88873 52127 6781
71196 69804 8050
86564 55436 7251
64142 69858 8233
63704 77296 7997
78360 68640 7666
71484 76516 7280
60045 80955 7391
73946 75054 7284
64379 73621 8148
86599 61401 6679
72401 70599 7970
85554 63446 6905
80059 64941 7702
57611 81389 7437
74404 74596 7463
67716 77284 7792
62568 78432 7915
60412 80588 7523
88256 54744 6908
66151 71849 8156
55484 81516 7462
84284 63716 7288
66077 78923 7462
66265 77735 7819
87336 59664 6514
71745 72255 7933
81372 67628 7386
71372 69628 8048
82779 66221 7304
72903 65097 8067
76555 72445 7549
65459 69541 8220
84217 64783 7183
68632 74368 7981
86394 58606 7239
69603 71397 8061
79356 69644 7482
68067 72933 8061
86071 61929 7030
84888 62112 7315
61003 80997 7154
64672 68328 8241
87096 57904 7114
72296 71704 7931
59724 78276 7965
80031 67969 7538
62199 75801 8092
67978 77022 7813
88731 55269 6523
72951 71049 7926
82394 62606 7574
69389 77611 7195
79961 67039 7606
62760 80240 7363
57303 80697 7631
67194 73806 8059
76671 71329 7641
68714 72286 8062
89847 47153 6283
72820 64180 8072
63708 79292 7665
67461 70539 8152
86105 56895 7297
70387 69613 8081
79251 67749 7637
57820 80180 7731
71303 68697 8071
62765 71235 8223
58370 79630 7820
67747 75253 7977
68460 73540 8024
65530 78470 7723
81731 66269 7456
87924 58076 6599
87943 58057 6509
54301 81699 7418
78725 63275 7830
88432 54568 6854
57102 81898 7150
89057 53943 6470
77708 63292 7887
65017 78983 7613
62842 80158 7400
77149 72851 7309
74241 63759 8028
76046 63954 7960
68576 69424 8142
72033 65967 8089
73574 69426 7957
66510 77490 7846
59849 79151 7879
75406 71594 7732
65431 70569 8201
54689 82311 6988
62006 79994 7587
63343 72657 8191
63416 78584 7852
87486 56514 7073
72307 66693 8070
76832 69168 7762
82605 63395 7523
50426 82574 6952
80778 66222 7568
63171 79829 7513
61051 80949 7187
74697 70303 7856
63127 77873 7962
81537 68463 7244
89118 50882 6697
58895 81105 7448
76473 68527 7817
84198 65802 6920
87087 56913 7149
80833 67167 7501
58978 80022 7739
81216 68784 7263
69702 74298 7936
79854 63146 7761
