76488 84512 9917
83609 82391 9722
79311 83689 9867
73706 87294 9840
93931 71069 9229
67536 95464 8888
74836 91164 9437
71467 94533 8643
89922 81078 9208
71506 94494 8779
79825 79175 9977
73544 90456 9598
75601 85399 9897
78796 78204 10003
87070 80930 9552
64169 95831 8920
70279 93721 9226
94325 70675 9177
73498 88502 9765
73096 93904 8807
97796 64204 8533
83271 87729 9205
76186 89814 9553
85051 77949 9823
59040 96960 8669
83091 81909 9779
82753 78247 9916
64911 93089 9389
84679 87321 9008
64946 94054 9258
83221 84779 9599
76395 91605 9215
76594 92406 8855
87253 81747 9485
87373 76627 9735
72278 81722 10019
77163 82837 9959
70699 91301 9560
77022 85978 9827
95537 72463 8609
59731 97269 8509
59640 97360 8384
85769 77231 9808
90260 81740 8926
82208 79792 9895
75856 92144 9137
77872 82128 9962
74867 87133 9824
78634 91366 8861
81778 82222 9830
98436 61564 8368
88426 75574 9690
72384 93616 9092
60107 96893 8681
79479 89521 9349
85968 76032 9823
81224 88776 9281
66985 93015 9390
76217 87783 9745
83375 83625 9666
81848 85152 9663
77364 79636 10017
65442 93558 9327
79332 89668 9338
63190 96810 8499
75447 88553 9711
65809 96191 8629
77172 89828 9490
87700 79300 9590
80317 79683 9957
84308 81692 9714
77418 91582 9101
86862 78138 9711
64656 96344 8743
98483 60517 8357
92717 71283 9389
76662 78338 10028
90648 79352 9262
67763 91237 9586
74754 93246 8729
62788 96212 8841
89669 77331 9510
96693 67307 8772
76316 88684 9666
77269 91731 9069
95243 68757 9063
69985 95015 8712
67153 93847 9274
79006 76994 10000
91465 76535 9351
84377 85623 9423
71643 87357 9856
80734 90266 8749
88128 81872 9386
96221 68779 8819
56516 97484 8489
81723 88277 9313
71802 90198 9662
78589 91411 8819
75163 87837 9772
82957 84043 9669
94611 74389 8670
76568 92432 8747
68398 93602 9298
98562 60438 8326
89039 82961 9107
82532 81468 9826
64890 96110 8829
81677 80323 9901
72306 92694 9315
74976 93024 8912
54520 97480 8496
85648 76352 9835
76892 91108 9286
68740 95260 8863
78089 89911 9413
95552 72448 8512
73638 93362 9017
76377 80623 10019
90433 79567 9276
98060 62940 8489
80783 83217 9828
74376 92624 9164
57946 97054 8644
98729 62271 8141
73928 92072 9329
76986 85014 9878
84296 86704 9258
80821 89179 9249
94613 73387 8931
80401 84599 9775
76080 90920 9396
79224 88776 9486
56723 97277 8571
99115 59885 7997
81528 79472 9930
89512 78488 9460
95374 71626 8863
78462 90538 9251
95334 72666 8719
75452 91548 9320
86294 79706 9681
96843 65157 8782
75353 92647 9024
86543 81457 9566
75667 88333 9721
85348 79652 9743
90051 71949 9608
76990 88010 9700
89061 76939 9594
78719 91281 8923
73283 83717 9984
69133 89867 9696
73336 93664 8930
76105 83895 9950
57574 97426 8499
53255 97745 8201
64596 93404 9351
90113 81887 8966
72007 84993 9953
84966 77034 9853
93320 76680 8864
98847 59153 8197
98072 63928 8432
89618 75382 9604
74211 90789 9534
98976 61024 7964
86631 84369 9314
64499 96501 8608
81583 86417 9586
98766 62234 7992
64682 95318 9030
84833 84167 9524
64459 96541 8551
53254 97746 8188
92136 72864 9427
94007 74993 8922
62587 95413 9027
67138 90862 9624
90720 79280 9257
86538 76462 9787
92875 77125 8984
93289 74711 9155
94450 69550 9185
73188 93812 8858
92653 70347 9408
99241 58759 7950
78502 91498 8731
69939 95061 8593
82619 82381 9782
97312 64688 8678
81479 87521 9471
68819 89181 9746
80922 75078 9968
74760 89240 9676
98200 64800 8198
96206 70794 8542
61909 95091 9091
66979 95021 9061
71624 92376 9406
88781 75219 9672
78836 90164 9291
69440 94560 9063
74162 84838 9952
73808 82192 10011
58536 97464 8392
64797 96203 8796
93382 69618 9329
82019 75981 9946
96300 69700 8721
91817 79183 8998
76745 81255 10005
81105 81895 9872
99366 57634 7822
93580 74420 9111
91960 78040 9136
71579 91421 9535
70178 91822 9508
84389 77611 9865
80670 78330 9966
68654 95346 8810
93585 76415 8767
95008 70992 9014
85667 78333 9778
93506 75494 9024
89658 74342 9624
78086 84914 9849
78563 89437 9447
83508 87492 9221
82137 84863 9665
81706 84294 9726
66456 92544 9449
86048 81952 9575
75513 92487 9062
76327 81673 10002
92981 73019 9315
96874 68126 8641
84363 84637 9523
90019 72981 9607
79515 82485 9906
90815 78185 9333
83055 79945 9855
84794 83206 9592
78806 82194 9936
87969 78031 9632
74417 78583 10033
71257 89743 9699
65938 94062 9250
92761 74239 9289
73245 86755 9881
89412 80588 9335
87672 83328 9306
80394 87606 9548
67631 94369 9186
83902 88098 8863
84010 87990 8911
90015 73985 9603
88521 74479 9701
81201 85799 9656
98376 63624 8294
88182 76818 9670
93660 76340 8712
91080 70920 9535
79236 87764 9609
80122 88878 9392
58573 97427 8439
92912 72088 9356
87119 84881 9106
67704 90296 9667
83892 79108 9844
97535 66465 8483
92477 76523 9181
98133 63867 8408
79270 79730 9981
95183 72817 8770
75585 92415 9079
84249 75751 9887
67054 93946 9259
73925 88075 9786
96227 70773 8475
80042 83958 9826
94914 73086 8859
67906 95094 9006
93099 73901 9251
86787 76213 9779
79896 86104 9705
87411 73589 9763
74214 87786 9800
65781 92219 9486
68641 94359 9157
70025 94975 8765
94519 70481 9151
78881 80119 9983
96061 70939 8644
76543 86457 9816
92281 78719 8785
92810 77190 8997
75055 92945 8946
84345 82655 9657
85908 81092 9638
84025 84975 9522
69522 93478 9294
94688 68312 9160
75520 90480 9506
91577 72423 9487
87424 81576 9481
93713 76287 8615
94425 74575 8783
80829 90171 8883
66126 95874 8844
98919 61081 8101
66497 95503 8951
87745 82255 9398
71892 94108 8979
50212 97788 8071
98185 64815 8254
83534 76466 9907
74181 92819 9132
98827 61173 8173
81416 88584 9294
54324 97676 8395
74079 81921 10015
77783 76217 10018
95489 72511 8638
57495 97505 8432
97343 65657 8633
92599 72401 9385
80759 85241 9718
97384 67616 8325
80788 80212 9934
95790 71210 8748
90965 80035 9121
93376 71624 9300
89655 75345 9602
95002 71998 8944
77184 91816 9048
67263 91737 9536
64972 96028 8856
70631 94369 9025
82250 82750 9784
96977 66023 8735
79686 89314 9363
99271 58729 7841
92519 77481 9050
75645 92355 9093
82379 86621 9506
73610 87390 9836
72669 90331 9642
88918 76082 9639
59398 96602 8774
93647 70353 9293
96459 66541 8848
84050 74950 9894
84752 75248 9871
85124 86876 9048
81127 87873 9453
83661 77339 9902
88197 79803 9519
91698 73302 9464
94603 72397 9025
76141 86859 9804
91663 74337 9446
82600 88400 9155
97445 63555 8655
89041 81959 9251
50210 97790 8009
65765 96235 8569
98353 63647 8307
72554 84446 9970
97773 63227 8576
72948 88052 9804
98112 64888 8308
61584 95416 9028
77210 87790 9710
92528 75472 9255
78388 88612 9567
66083 93917 9271
67131 95869 8565
88570 73430 9700
81129 78871 9949
90505 73495 9568
88626 83374 9113
95659 68341 8985
89220 75780 9624
94996 73004 8832
56390 97610 8250
98743 62257 8086
96732 69268 8570
81774 87226 9484
80680 86320 9650
92250 77750 9098
93919 69081 9262
99138 59862 7876
97449 65551 8601
86553 84447 9314
95382 70618 8945
79209 81791 9937
88592 78408 9560
65929 96071 8765
70234 86766 9890
83110 76890 9918
60760 96240 8859
76069 81931 10000
79273 77727 9996
84879 76121 9866
94701 74299 8590
77030 91970 9004
57856 97144 8614
91335 78665 9213
81834 89166 9081
88779 79221 9495
51211 97789 8059
79144 84856 9815
98145 61855 8468
77739 81261 9987
98888 59112 8176
79383 80617 9963
74967 90033 9587
71545 90455 9644
63514 96486 8740
87924 76076 9712
75648 91352 9344
86600 74400 9801
75076 83924 9968
80837 87163 9567
95780 68220 8961
97571 65429 8562
79153 90847 9052
99427 54573 7634
61137 95863 8939
65714 94286 9216
97381 66619 8557
79759 85241 9766
84891 78109 9826
96014 69986 8795
87906 75094 9733
93322 72678 9276
80035 89965 9172
74877 93123 8863
79701 80299 9961
90032 75968 9545
93164 71836 9326
69118 91882 9512
80181 76819 9982
79700 88300 9514
68951 93049 9370
77236 78764 10023
81460 89540 9041
83763 83237 9663
52235 97765 8244
73343 92657 9246
79109 90891 9039
69618 91382 9562
74895 86105 9881
98742 61258 8224
82479 85521 9598
62056 96944 8603
80454 79546 9956
96191 70809 8572
78703 87297 9680
99175 58825 8025
64868 94132 9246
95484 69516 8985
65330 95670 8940
88208 74792 9718
67209 95791 8741
87236 83764 9313
88762 80238 9437
93707 69293 9289
73948 93052 9090
94260 72740 9083
71627 90373 9650
77479 83521 9932
79415 90585 9102
76137 85863 9859
84436 82564 9656
86679 83321 9431
69841 90159 9672
71990 88010 9813
77570 85430 9839
58121 96879 8697
97196 66804 8637
96865 69135 8434
79978 81022 9937
71741 93259 9230
72301 90699 9608
99267 58733 7913
83955 78045 9874
79824 87176 9629
73325 93675 8925
76706 87294 9761
98643 61357 8279
74113 85887 9906
91774 77226 9263
77813 90187 9389
93186 76814 8901
73521 91479 9460
85434 85566 9306
92169 74831 9353
94014 73986 9043
92411 78589 8672
80932 90068 8958
98487 63513 8039
75356 86644 9840
92252 78748 8803
61977 97023 8536
97276 67724 8453
88106 82894 9293
75026 92974 8935
84299 74701 9886
90442 81558 8836
88529 76471 9657
66538 93462 9334
80306 82694 9872
97834 65166 8457
70129 94871 8830
69493 92507 9431
92176 75824 9293
78242 87758 9662
80100 87900 9535
77342 88658 9620
97777 66223 8323
65144 92856 9415
75800 80200 10027
76203 82797 9978
83081 78919 9885
91560 75440 9402
71469 94531 8702
80376 77624 9977
74400 78600 10033
81704 82296 9830
63596 96404 8767
86492 77508 9761
90078 74922 9578
98414 62586 8348
91103 73897 9509
77338 86662 9779
85297 84703 9433
73241 80759 10028
98889 60111 8173
81318 78682 9947
92188 73812 9399
94177 74823 8883
70300 94700 8921
69272 94728 9025
89905 82095 9016
85376 82624 9586
74099 79901 10030
98013 64987 8368
92124 71876 9444
84582 76418 9876
68580 95420 8696
93544 73456 9193
95078 67922 9098
97680 65320 8523
76454 90546 9436
84999 75001 9863
83557 86443 9408
82656 83344 9728
97375 67625 8360
90177 80823 9192
96590 68410 8728
92373 71627 9421
71719 88281 9797
84478 83522 9595
60189 96811 8708
78777 79223 9997
97854 66146 8218
73060 92940 9204
89370 77630 9524
59802 97198 8554
62264 96736 8690
98848 60152 8194
58818 97182 8586
69907 93093 9349
99236 57764 7995
78483 80517 9985
98628 62372 8218
95604 70396 8898
77744 87256 9724
96653 65347 8819
75735 89265 9636
91570 71430 9498
80175 86825 9638
71753 92247 9422
75516 87484 9784
77219 84781 9882
78891 85109 9811
94163 69837 9229
63501 94499 9195
72625 89375 9718
67617 87383 9857
62730 96270 8826
77561 80439 10007
84112 80888 9764
82922 76078 9925
62527 96473 8770
96509 69491 8652
80177 82823 9872
97028 67972 8584
74632 84368 9962
74763 93237 8785
83325 80675 9818
79129 78871 9993
59652 97348 8441
94308 71692 9132
77589 86411 9785
56391 97609 8339
97509 64491 8620
91245 76755 9368
78832 81168 9965
75392 84608 9940
90410 81590 8861
99090 59910 8046
70945 94055 9097
85406 79594 9742
68865 93135 9359
78355 86645 9740
65318 94682 9152
57629 97371 8524
91115 75885 9434
74943 88057 9762
76671 92329 8882
95840 69160 8908
92225 76775 9211
92011 78989 8944
95887 67113 8968
73057 93943 8659
82339 88661 9131
89060 80940 9349
88088 73912 9728
77217 90783 9327
79082 85918 9755
68817 91183 9586
86231 78769 9725
76620 85380 9870
73973 89027 9715
74245 86755 9859
98367 60633 8396
64268 93732 9307
65707 95293 9020
62033 95967 8910
92868 76132 9131
71598 94402 8830
75039 91961 9266
85562 84438 9434
83501 74499 9911
82068 76932 9943
87714 77286 9685
77761 88239 9642
55330 97670 8244
78119 90881 9210
99424 56576 7809
70075 92925 9368
63864 95136 9075
88381 75619 9692
91504 78496 9195
73992 90008 9627
59872 97128 8588
70166 88834 9768
77567 89433 9517
72798 91202 9536
89257 73743 9657
93616 72384 9237
97926 62074 8536
87040 79960 9608
88229 73771 9720
86640 82360 9499
70421 88579 9784
92429 74571 9325
93680 71320 9262
82384 87616 9352
71302 91698 9506
94528 74472 8739
87061 74939 9777
70884 88116 9813
81757 81243 9867
72220 83780 9985
90763 77237 9398
56902 97098 8635
68103 94897 9059
91689 76311 9333
66155 91845 9526
75966 80034 10027
74897 82103 10012
91640 75360 9396
71349 93651 9168
88996 75004 9661
83027 82973 9728
