45850 38150 4310
36476 45524 4055
42075 35925 4428
49232 32768 4121
47826 38174 4145
43559 43441 4046
41223 44777 4032
39712 45288 4015
48694 33306 4168
41815 36185 4429
42740 44260 3973
40975 45025 3947
50449 34551 3796
35688 46312 3795
48694 37306 4070
43557 42443 4181
41288 39712 4371
49795 36205 3770
34709 46291 3925
40691 42309 4267
51824 28176 3555
40555 35445 4441
44174 42826 4071
44060 38940 4353
51603 29397 3638
40897 45103 3878
46263 38737 4264
41102 44898 4012
40683 41317 4323
51113 30887 3783
40911 45089 3912
51388 31612 3565
39032 39968 4372
34852 46148 3967
49739 36261 3887
34009 45991 3997
50491 34509 3734
39488 45512 3923
42706 42294 4228
47309 39691 4066
38276 45724 3983
47976 34024 4225
48555 37445 4086
31225 46775 3639
43482 35518 4414
45333 38667 4322
47806 39194 4041
37484 43516 4218
39285 43715 4190
41776 44224 4092
51332 31668 3631
39568 42432 4272
47031 38969 4180
49756 36244 3867
44972 36028 4380
39213 41787 4312
50056 34944 3933
49185 35815 4066
42496 40504 4330
39458 45542 3899
40086 44914 4056
44352 39648 4321
50952 32048 3805
37836 43164 4239
38084 45916 3776
39862 41138 4336
31221 46779 3626
36990 45010 4100
40979 39021 4389
36852 46148 3811
51837 29163 3536
51842 29158 3487
39425 45575 3812
40330 39670 4377
40598 44402 4106
38534 45466 4029
50485 31515 3947
40772 40228 4360
37555 42445 4283
50838 32162 3837
51770 29230 3567
46618 34382 4312
38946 45054 4071
43086 42914 4159
49521 35479 4028
50190 33810 3978
45929 37071 4328
45124 39876 4284
48442 36558 4136
41489 43511 4169
50384 32616 3958
51631 30369 3588
42315 40685 4326
46081 35919 4335
51260 30740 3732
49760 35240 3996
37007 45993 3953
44373 40627 4279
50748 31252 3884
38200 44800 4109
50784 33216 3778
37269 45731 4012
51414 30586 3675
49753 33247 4057
39046 41954 4304
51037 32963 3605
44705 35295 4390
39928 45072 4039
42840 38160 4391
51636 30364 3539
44684 40316 4283
46141 39859 4210
48085 36915 4164
42821 41179 4293
37102 42898 4257
50618 33382 3852
47335 37665 4209
47050 33950 4287
40371 42629 4251
42339 39661 4363
42309 38691 4387
33407 46593 3725
50961 33039 3686
50215 34785 3886
49443 34557 4071
35684 46316 3689
40785 37215 4420
34650 46350 3896
34994 45006 4107
33758 46242 3956
47464 34536 4261
37131 45869 3993
35867 46133 3952
50192 32808 3990
39642 38358 4406
43746 38254 4376
46502 35498 4314
45523 40477 4215
43090 39910 4340
38350 42650 4269
34532 46468 3655
43933 36067 4404
51906 28094 3449
50304 33696 3946
36420 44580 4144
41556 34444 4437
44953 39047 4330
44893 41107 4219
41224 40776 4338
45574 35426 4362
43091 41909 4244
51690 29310 3602
47759 35241 4231
38537 33463 4441
43784 41216 4263
48123 34877 4204
46224 35776 4328
42722 39278 4370
50898 33102 3727
41517 38483 4398
38186 45814 3916
41348 42652 4237
51129 29871 3798
51434 29566 3699
50518 34482 3676
48596 38404 3860
48870 34130 4146
45081 41919 4097
50209 31791 3996
35686 46314 3776
51233 31767 3709
41725 41275 4309
49191 36809 4010
45662 35338 4359
40340 44660 4081
43014 40986 4298
44664 36336 4387
45375 37625 4349
43164 43836 4020
46284 40716 4093
43119 36881 4410
42361 43639 4122
45723 39277 4280
50946 30054 3842
51744 28256 3590
51922 27078 3466
41779 41221 4311
39687 37313 4422
40815 35185 4440
49672 36328 3943
39725 39275 4390
48446 33554 4188
41320 41680 4293
33450 46550 3817
38589 45411 4038
39901 40099 4368
42240 34760 4429
41067 43933 4145
45751 41249 4098
38167 40833 4348
48884 36116 4097
37503 40497 4358
42206 37794 4407
39807 36193 4436
37873 42127 4301
35136 45864 4010
42073 39927 4358
38583 40417 4360
44758 37242 4373
48426 38574 3931
51066 32934 3529
47232 36768 4241
43275 40725 4303
50922 31078 3837
44923 35077 4386
46224 34776 4333
46714 37286 4269
42520 44480 3848
44624 38376 4353
46819 36181 4287
48589 35411 4152
42702 36298 4422
45546 36454 4361
48248 38752 4002
49987 33013 4023
48607 38393 3817
44172 41828 4206
45549 39451 4282
38139 41861 4315
41055 44945 3990
47767 34233 4240
42578 41422 4286
39051 42949 4243
41733 42267 4253
