55416 43584 5293
58863 41137 4502
59663 38337 4364
52533 49467 5528
60460 33540 3974
59117 36883 4675
56987 46013 4787
41412 50588 5844
47914 50086 5760
41273 56727 5724
59203 37797 4647
53202 47798 5497
46234 53766 5764
42757 58243 5572
59647 38353 4397
59215 39785 4517
43359 55641 5751
39331 59669 5356
58433 39567 4819
55425 45575 5275
55015 49985 4970
58823 39177 4734
48730 54270 5630
51222 49778 5615
43598 53402 5816
35838 60162 5233
57858 43142 4836
38008 59992 5229
45543 51457 5811
55971 47029 5095
50312 53688 5545
38069 59931 5310
60096 35904 4244
57922 43078 4813
41235 58765 5543
45637 55363 5712
57170 40830 5037
34792 60208 5183
59439 38561 4514
44634 58366 5457
44224 57776 5585
39195 59805 5189
56490 44510 5115
54182 47818 5394
60297 33703 4223
57434 44566 4844
54015 45985 5439
56935 42065 5071
56142 43858 5189
39119 56881 5717
51227 50773 5599
42874 54126 5809
44420 58580 5339
60183 35817 4120
60202 34798 4261
40820 57180 5701
51045 52955 5523
60636 30364 3895
58666 41334 4665
49615 51385 5680
42445 57555 5659
46950 52050 5782
41572 53428 5835
38680 59320 5507
47479 52521 5754
59108 39892 4585
51765 48235 5597
56756 44244 5071
54805 49195 5195
40786 55214 5791
57786 40214 4936
56291 47709 4796
49889 54111 5557
40404 59596 5281
38218 59782 5379
49525 53475 5625
50487 50513 5651
42462 57538 5660
45632 57368 5573
50514 48486 5667
60590 31410 3867
45846 57154 5583
39592 58408 5614
40579 52421 5844
56785 46215 4883
58591 39409 4785
57401 42599 4980
43613 52387 5828
51579 50421 5582
44373 58627 5280
41454 58546 5569
58862 41138 4503
41653 59347 5259
42173 52827 5836
59944 37056 4180
59932 36068 4397
51639 49361 5594
50890 52110 5585
51940 50060 5564
48113 54887 5628
48009 51991 5743
45938 58062 5397
46069 54931 5719
41811 56189 5745
48083 52917 5723
59215 37785 4644
42353 58647 5524
52469 51531 5450
45592 56408 5653
44788 51212 5822
59936 37064 4225
58294 41706 4801
43204 54796 5787
54571 50429 5081
54330 49670 5266
60587 31413 3948
58315 40685 4827
53787 49213 5398
41759 52241 5840
43937 57063 5662
52050 50950 5531
58129 42871 4724
53504 50496 5372
47530 49470 5773
39489 58511 5602
53159 49841 5452
40690 56310 5746
43250 58750 5468
57308 41692 5013
53883 51117 5209
60442 32558 4127
43106 51894 5834
56933 46067 4814
55065 47935 5257
51977 48023 5585
45867 53133 5789
58568 40432 4774
40866 59134 5489
53672 49328 5408
43685 57315 5649
57063 44937 4955
55171 44829 5318
56131 44869 5171
52762 48238 5531
44474 58526 5387
57259 43741 4983
42506 55494 5772
39854 58146 5640
47081 56919 5542
54051 49949 5304
42229 56771 5712
46260 51740 5799
59874 37126 4331
58746 41254 4603
58308 42692 4630
59626 35374 4545
47129 49871 5784
55493 48507 5068
55473 47527 5189
35793 60207 5157
60457 33543 4062
59409 37591 4592
60329 33671 4200
57735 44265 4708
42148 57852 5641
55714 44286 5248
46304 56696 5604
46879 53121 5763
51867 52133 5484
60264 34736 4182
53109 46891 5509
43561 57439 5642
42111 58889 5495
59770 35230 4493
45504 53496 5790
45056 55944 5700
35899 60101 5314
57849 41151 4921
58924 40076 4666
43813 58187 5545
60508 32492 4063
38388 59612 5443
46332 54668 5723
41979 55021 5795
59313 39687 4423
59621 37379 4523
58564 41436 4709
47361 55639 5625
45912 54088 5760
47542 57458 5320
53430 48570 5464
60646 29354 3726
41788 59212 5369
40483 58517 5594
42164 50836 5841
36920 60080 5273
54811 44189 5359
55188 49812 4904
44669 56331 5689
52991 46009 5521
42025 58975 5478
54355 48645 5347
42538 54462 5805
43222 53778 5813
39837 59163 5517
56199 47801 4847
41903 59097 5438
44512 52488 5821
45026 57974 5518
56242 46758 5033
48794 48206 5732
57525 40475 4981
58338 42662 4556
44515 50485 5824
47962 57038 5423
47646 50354 5768
48973 53027 5672
49835 54165 5558
55074 43926 5331
59890 37110 4309
47481 57519 5250
46283 49717 5806
43050 58950 5354
48803 56197 5472
46648 56352 5612
42969 55031 5782
59924 35076 4419
46913 51087 5788
54677 47323 5339
36945 60055 5304
44042 53958 5799
40963 59037 5506
59982 36018 4362
53453 50547 5377
47580 51420 5765
34775 60225 5138
39580 59420 5466
41752 59248 5347
58811 39189 4737
46337 55663 5671
39228 59772 5299
59917 37083 4261
56902 45098 4994
41518 51482 5843
51789 51211 5544
55346 46654 5254
57401 43599 4955
43266 57734 5622
46266 57734 5458
53499 51501 5262
42862 57138 5682
60158 35842 4164
56541 41459 5136
48987 51013 5713
45869 58131 5295
45886 58114 5364
60134 34866 4316
44217 55783 5726
56980 43020 5055
41481 54519 5815
36884 60116 5223
38188 59812 5367
45450 52550 5806
57826 42174 4904
57079 45921 4711
43002 58998 5287
50321 51679 5639
60644 30356 3830
49984 55016 5475
43353 58647 5486
41197 57803 5659
58056 41944 4858
55068 48932 5150
47951 54049 5686
57356 44644 4872
53503 46497 5480
45643 54357 5756
48613 56387 5464
54314 50686 5129
59826 37174 4379
51060 53940 5436
54736 48264 5302
46599 55401 5677
56299 47701 4721
56572 43428 5123
48857 50143 5727
50227 49773 5669
51972 53028 5381
44389 56611 5681
52546 52454 5344
57748 44252 4699
40691 59309 5434
58079 40921 4875
55787 48213 4993
42500 51500 5838
52095 48905 5569
36103 59897 5372
56612 46388 4941
56672 45328 5040
47634 57366 5362
49016 54984 5564
37904 59096 5539
52181 46819 5577
54964 45036 5343
44804 57196 5628
40777 52223 5845
43332 56668 5700
46206 50794 5804
60645 30355 3821
43916 58084 5557
49384 55616 5484
41212 58788 5540
56079 42921 5204
51228 51772 5570
44128 54872 5771
44903 55097 5742
59724 36276 4514
44887 54113 5783
42009 56991 5703
47662 56338 5554
48213 56787 5443
46508 57492 5487
38525 59475 5484
55657 46343 5213
53624 48376 5447
50317 52683 5602
47180 54820 5689
45430 57570 5562
36872 60128 5182
59146 38854 4651
