60488 91512 8585
60215 93785 8111
55258 93742 8205
79960 68040 8904
76915 75085 9056
77598 81402 8544
87491 53509 7341
83060 71940 8275
73224 73776 9234
70289 83711 9095
83277 66723 8519
81176 74824 8468
87092 58908 7645
69173 83827 9116
70922 85078 8971
85035 68965 7609
85021 68979 7682
86708 60292 7823
76685 80315 8819
87536 52464 7243
69911 75089 9272
65049 81951 9203
81701 75299 8268
71574 88426 8443
74461 79539 9088
76360 75640 9084
67142 76858 9279
59729 94271 7910
77310 75690 9002
61118 92882 8363
76651 71349 9119
71310 77690 9254
63089 87911 8940
80614 70386 8802
64250 89750 8778
85650 59350 8148
78978 79022 8533
80430 72570 8754
86716 58284 7842
72110 74890 9253
84209 70791 7845
72203 86797 8685
77067 81933 8574
82718 71282 8420
73475 82525 8994
70042 80958 9209
80624 69376 8824
81132 72868 8625
69523 78477 9261
66658 82342 9189
74331 84669 8675
63792 92208 8377
85853 59147 8096
62388 92612 8357
65924 88076 8909
57888 94112 8113
76206 82794 8618
83069 72931 8111
66464 91536 8125
76414 78586 8966
55621 95379 7675
80388 69612 8847
71029 79971 9221
79138 71862 8935
74090 74910 9207
64921 90079 8727
84433 67567 8265
70000 78000 9262
82311 65689 8675
66549 88451 8867
72070 85930 8801
58184 94816 7818
81423 69577 8718
76589 81411 8724
77807 78193 8814
66340 81660 9210
84665 68335 8105
64305 89695 8783
83667 67333 8434
47879 96121 7132
67366 89634 8709
85840 66160 7746
58580 92420 8451
64543 92457 7847
54847 94153 8113
58139 94861 7739
84840 69160 7832
67938 76062 9280
83614 66386 8472
79165 68835 8966
67376 83624 9140
68413 90587 8164
84544 68456 8145
80714 68286 8834
70953 77047 9261
72096 80904 9159
86442 59558 7940
61929 89071 8857
81348 76652 8048
73860 77140 9198
65313 84687 9109
67866 87134 8947
79973 67027 8903
84750 62250 8329
54525 95475 7669
81389 71611 8646
50228 95772 7535
85230 62770 8224
77490 76510 8953
82852 69148 8505
75011 72989 9182
78165 71835 9025
83206 67794 8495
66788 84212 9120
62984 93016 8049
85164 66836 8066
73535 79465 9146
64514 90486 8687
64792 89208 8824
55604 95396 7641
74035 77965 9170
83550 71450 8151
66338 90662 8599
79573 76427 8661
69669 87331 8841
72662 77338 9232
71493 87507 8664
68409 81591 9206
71103 74897 9264
76846 83154 8430
79674 73326 8831
62942 93058 8014
85623 61377 8150
84170 66830 8355
86692 62308 7679
78698 75302 8863
75270 83730 8658
77910 71090 9051
73804 84196 8806
74815 75185 9180
80211 78789 7989
86617 62383 7746
54375 95625 7571
79931 71069 8868
56309 94691 7974
65369 91631 8408
61293 93707 7993
63475 89525 8811
56816 93184 8323
86883 61117 7593
71291 81709 9156
49970 96030 7265
70966 89034 8275
67991 86009 9023
84103 70897 7921
80205 74795 8667
69346 89654 8488
85474 62526 8171
85501 67499 7697
82681 70319 8485
84480 65520 8335
66760 89240 8776
50042 95958 7355
75846 76154 9108
84944 69056 7764
66628 86372 9017
86329 64671 7606
66142 88858 8835
86093 60907 8033
87042 59958 7518
65901 84099 9129
70104 77896 9262
80588 74412 8626
84304 70696 7719
80409 71591 8796
87054 59946 7441
67327 82673 9176
51207 95793 7507
81888 67112 8711
63257 92743 8215
75235 80765 8960
66730 80270 9244
78871 77129 8730
52117 95883 7235
68167 83833 9127
80016 78984 8124
73242 86758 8509
83699 69301 8333
71510 76490 9258
64399 90601 8675
68494 86506 8977
81792 67208 8722
69292 83708 9119
59095 93905 8149
50338 95662 7605
65485 85515 9070
70263 87737 8753
85614 67386 7591
83899 71101 8035
87437 55563 7359
74737 77263 9154
72527 77473 9234
86408 61592 7928
55759 95241 7778
70708 78292 9253
68810 78190 9270
67383 88617 8827
71726 79274 9224
78375 69625 9022
72229 82771 9060
63877 91123 8612
75055 80945 8968
81401 64599 8779
78240 71760 9020
75941 75059 9131
66401 87599 8939
72395 87605 8503
55695 95305 7735
78629 70371 8999
59817 94183 7971
81434 76566 7944
80560 77440 8304
79834 71166 8877
67945 80055 9244
71305 77695 9254
79629 76371 8655
80043 75957 8610
68717 85283 9053
85131 67869 7927
79553 79447 8271
72413 75587 9247
83287 71713 8222
51149 95851 7455
81054 76946 8188
85314 65686 8109
84940 68060 8009
77249 77751 8913
77966 73034 9018
48874 96126 7102
50121 95879 7440
71842 82158 9116
87177 56823 7634
62862 92138 8458
86514 63486 7688
78238 81762 8229
85496 64504 8111
77093 82907 8403
79765 69235 8913
74495 85505 8515
65688 91312 8492
66451 86549 9008
80637 72363 8732
52192 95808 7473
80512 67488 8860
67858 84142 9117
57131 94869 7906
75867 80133 8930
75318 78682 9062
71839 83161 9058
86545 58455 7905
87552 50448 7030
82274 72726 8406
69018 89982 8431
83819 63181 8487
60331 92669 8407
80245 78755 7930
68998 89002 8680
83311 69689 8394
61741 93259 8183
75925 77075 9075
86461 62539 7842
79861 79139 8190
59852 94148 7989
82704 73296 8210
59306 92694 8407
58442 94558 7928
68812 80188 9238
63086 88914 8865
83474 63526 8534
70697 81303 9186
67128 79872 9250
78959 71041 8968
81254 66746 8788
77798 74202 9002
80676 70324 8796
84262 68738 8229
83432 65568 8522
79946 74054 8755
82769 65231 8619
63720 90280 8728
73524 85476 8687
57666 94334 8058
79896 79104 8179
84390 61610 8400
78721 80279 8406
58134 94866 7667
85973 63027 8022
47848 96152 6964
84994 66006 8189
82103 74897 8177
77557 70443 9074
79252 76748 8695
65428 82572 9184
66983 83017 9165
64649 92351 8053
82314 66686 8662
74127 82873 8900
78385 73615 8965
69158 84842 9067
86349 62651 7896
82522 74478 7810
53591 95409 7751
64495 91505 8527
78692 81308 8045
70631 82369 9146
84083 68917 8267
83710 71290 8104
66716 85284 9076
76479 73521 9118
80577 76423 8456
73146 75854 9231
79193 74807 8823
61211 93789 7905
77338 82662 8374
78306 77694 8778
86264 64736 7664
75822 84178 8489
51417 95583 7654
79400 79600 8308
80480 73520 8698
61406 90594 8706
62697 90303 8732
63065 92935 8109
85760 64240 8042
71661 77339 9252
86938 60062 7718
53241 95759 7427
83951 68049 8347
83506 62494 8530
86024 61976 8035
61021 91979 8519
67896 90104 8576
80662 75338 8538
84737 67263 8192
76670 82330 8596
81552 67448 8748
64144 91856 8456
81441 76559 7909
83347 68653 8438
85568 63432 8139
67917 85083 9075
78658 81342 8104
72366 76634 9243
69644 82356 9167
64693 92307 8091
70400 86600 8868
82451 74549 7951
81747 66253 8737
65047 86953 8996
76193 76807 9063
81956 70044 8619
79578 74422 8789
76675 72325 9118
75113 75887 9161
85991 64009 7962
69862 89138 8558
68292 89708 8626
65348 88652 8868
68047 88953 8756
75804 72196 9153
86901 61099 7474
78275 80725 8467
58083 92917 8374
85926 65074 7887
77946 82054 8288
77698 73302 9036
72586 74414 9246
65038 91962 8311
64711 83289 9162
67582 83418 9147
78689 81311 8057
71708 76292 9256
53245 95755 7486
84314 70686 7619
79805 77195 8552
67547 80453 9238
48924 96076 7202
59454 93546 8231
73540 73460 9226
76414 76586 9051
81249 69751 8737
75230 81770 8883
85437 66563 7961
82428 69572 8560
62774 93226 7834
78459 81541 8179
81454 76546 7824
72171 77829 9236
75453 80547 8950
67959 77041 9277
64642 88358 8901
61458 93542 8073
81259 68741 8759
71077 88923 8328
81546 65454 8763
85467 65533 8059
87160 58840 7507
84055 65945 8407
77661 79339 8753
72272 87728 8501
85942 66058 7651
80222 75778 8590
68684 79316 9254
53317 95683 7566
74673 83327 8798
73629 81371 9059
68414 80586 9232
75458 78542 9057
70871 89129 8192
85176 64824 8191
85379 61621 8203
54772 95228 7813
83682 65318 8487
60953 90047 8766
77237 74763 9037
82953 72047 8294
83585 70415 8282
82817 64183 8619
54358 95642 7514
62849 93151 7935
84632 69368 7956
67603 86397 9006
84000 70000 8186
81389 70611 8687
82786 66214 8604
54183 94817 7945
79775 72225 8854
75827 74173 9146
82877 73123 8172
59978 93022 8349
81921 74079 8360
87341 54659 7509
72801 84199 8909
82508 74492 7883
83990 71010 7987
57763 93237 8311
74634 81366 8975
67552 90448 8521
70407 81593 9181
78259 75741 8897
65770 86230 9033
87350 56650 7451
51268 95732 7556
60596 93404 8224
86996 58004 7731
64192 85808 9060
87010 58990 7705
71684 80316 9196
70025 79975 9233
68912 76088 9276
71335 83665 9050
70130 75870 9271
78426 76574 8833
72747 85253 8809
80579 77421 8300
51452 95548 7676
82087 71913 8505
73242 80758 9115
56832 95168 7645
71501 86499 8787
86413 59587 7949
64827 92173 8206
87428 53572 7417
67743 78257 9272
68587 90413 8307
59598 94402 7761
77281 70719 9088
70201 82799 9139
52233 95767 7514
81507 66493 8763
81616 73384 8497
63263 91737 8532
58951 94049 8109
67842 88158 8857
82532 74468 7668
65220 90780 8629
86476 60524 7919
68514 77486 9274
53426 95574 7643
85100 64900 8209
81899 71101 8584
74332 80668 9046
67195 90805 8459
69028 85972 9002
67557 78443 9271
53003 94997 7892
82388 63612 8670
85976 60024 8064
75293 79707 9014
69146 82854 9155
82078 73922 8334
76955 73045 9094
72774 82226 9061
68673 84327 9100
84488 63512 8370
72632 82368 9061
76501 79499 8899
86262 63738 7851
77436 72564 9068
75360 74640 9163
55542 95458 7487
73896 74104 9215
84798 65202 8276
81410 76590 7988
78410 78590 8697
85731 64269 8051
68933 88067 8812
62713 92287 8429
69403 84597 9074
67529 85471 9058
75543 82457 8772
63548 87452 8970
77395 80605 8679
60721 92279 8471
82268 70732 8538
84185 61815 8434
81479 75521 8308
58314 93686 8217
61348 93652 8020
68222 89778 8618
61143 93857 7815
74970 80030 9026
75522 72478 9164
71854 86146 8796
81799 72201 8542
79653 78347 8447
69843 85157 9023
65698 81302 9220
79289 73711 8865
73607 86393 8514
78987 75013 8840
82306 74694 8065
52357 95643 7614
82997 73003 8135
85673 65327 7987
64563 92437 7963
60035 93965 8053
60963 93037 8327
82212 74788 8119
70772 79228 9240
66908 91092 8369
55587 95413 7603
78849 76151 8796
68054 80946 9225
65877 91123 8528
87277 57723 7435
66328 85672 9059
86015 65985 7489
78162 74838 8949
85040 61960 8275
84975 64025 8264
70524 76476 9267
78770 80230 8399
67507 77493 9276
70875 83125 9104
69627 80373 9227
78643 69357 9004
64731 86269 9037
79062 67938 8975
68602 82398 9177
68683 87317 8901
64053 90947 8634
84867 63133 8300
59630 94370 7804
84918 66082 8207
76119 72881 9139
78530 79470 8585
86653 61347 7814
84319 68681 8214
62008 92992 8265
69982 81018 9208
75155 77845 9107
51021 95979 7289
87263 57737 7508
82393 74607 8009
83265 72735 8010
65484 91516 8440
65914 90086 8705
69727 77273 9269
71075 78925 9240
69807 84193 9084
63947 92053 8413
59597 94403 7712
84683 66317 8260
77557 82443 8344
77457 79543 8767
62117 91883 8527
63466 92534 8285
78873 78127 8658
74641 73359 9194
67422 87578 8921
77025 80975 8700
66394 91606 8010
84239 64761 8401
79493 69507 8935
61737 91263 8620
70380 80620 9214
72641 78359 9216
66728 87272 8958
79445 75555 8742
85506 60494 8181
76167 78833 8979
77403 78597 8841
81641 64359 8753
70849 89151 8084
82470 68530 8592
86010 65990 7578
65202 89798 8754
77768 80232 8655
79967 70033 8887
61584 92416 8444
65014 87986 8924
86733 62267 7571
54882 94118 8121
51128 95872 7429
66569 91431 8219
87287 56713 7527
84553 66447 8288
56560 94440 8042
70949 83051 9105
84275 69725 8090
81264 76736 8099
74476 74524 9195
81076 76924 8181
81306 65694 8789
57541 94459 8027
69397 89603 8495
85692 62308 8122
80281 77719 8359
79178 77822 8627
63166 92834 8178
58954 93046 8349
67589 90411 8527
66718 90282 8642
86184 64816 7731
83474 72526 7723
65852 83148 9165
82358 67642 8641
74322 82678 8898
81886 73114 8461
83720 68280 8383
85397 67603 7765
76192 77808 9027
68388 90612 8061
74349 83651 8802
74070 75930 9201
72729 80271 9160
87550 52450 7170
63198 90802 8676
77163 72837 9083
86981 60019 7682
87374 54626 7467
75796 81204 8868
86532 63468 7598
78196 79804 8622
68155 82845 9164
66225 81775 9207
83405 72595 7906
71950 85050 8896
69415 86585 8934
57054 94946 7858
76868 74132 9085
85736 66264 7806
86410 63590 7756
86083 64917 7800
66808 82192 9193
78014 76986 8862
70152 88848 8591
68310 78690 9266
71307 88693 8410
82987 63013 8598
75416 76584 9127
68151 84849 9083
71955 79045 9222
87204 57796 7603
73383 76617 9219
76575 83425 8447
