57632 46368 5486
65524 38476 4688
54271 47729 5609
64426 38574 4950
60913 46087 5210
64690 41310 4697
63397 43603 4936
66688 33312 4279
47904 57096 4933
62564 45436 4950
47834 56166 5262
53301 52699 5459
61631 44369 5205
43891 58109 4822
42162 57838 5049
51859 51141 5575
47162 53838 5493
48657 53343 5515
45914 55086 5415
59590 47410 5295
66771 32229 4263
46414 55586 5370
66792 32208 4187
66897 29103 4064
50138 54862 5389
56063 49937 5467
60789 48211 4878
50202 51798 5572
63065 44935 4851
48424 55576 5344
58532 50468 4881
54546 53454 5146
47289 56711 5180
53786 49214 5601
66669 32331 4392
57904 49096 5381
63839 43161 4842
64482 38518 4943
55931 51069 5404
49746 51254 5593
48732 48268 5661
54295 52705 5394
52517 50483 5586
45426 57574 5043
49691 56309 5033
54745 46255 5602
50280 50720 5606
51475 49525 5629
50237 52763 5533
46436 57564 4973
62538 44462 5066
58497 47503 5399
59495 49505 4998
51624 55376 5053
49793 54207 5450
48179 54821 5430
66717 33283 4190
61687 44313 5200
54669 53331 5158
51478 55522 4988
63288 43712 4954
50959 52041 5559
58363 49637 5262
63492 40508 5062
47973 52027 5572
56642 45358 5538
53129 48871 5617
46951 53049 5530
64623 41377 4740
52721 54279 5290
59869 48131 5209
41534 58466 4829
51087 53913 5449
53618 50382 5565
66900 30100 4032
63145 41855 5088
47903 57097 4889
52850 46150 5639
66578 34422 4375
51422 50578 5601
58934 47066 5379
53360 53640 5356
51024 47976 5653
43007 57993 5002
47554 54446 5458
66059 36941 4535
59258 49742 4999
64088 42912 4680
47693 55307 5394
49858 56142 5131
39337 58663 4760
48075 53925 5488
61866 45134 5127
66319 35681 4516
55854 47146 5561
50209 49791 5635
59213 44787 5415
61704 46296 5060
54000 48000 5613
54168 44832 5619
54542 50458 5535
63926 43074 4792
65803 38197 4477
63911 41089 5005
52666 51334 5554
66568 34432 4405
66721 33279 4158
55400 52600 5223
66375 35625 4399
60828 43172 5300
55877 48123 5546
45204 57796 4976
49096 54904 5409
39300 58700 4664
56547 51453 5292
65181 36819 4823
55320 50680 5473
65704 36296 4716
51896 54104 5399
40568 58432 4890
60734 45266 5283
52937 52063 5514
46743 56257 5284
48317 56683 5111
53335 47665 5625
42670 58330 4775
48123 56877 5060
66867 30133 4137
65090 37910 4840
52353 46647 5645
50280 48720 5650
48893 56107 5223
54059 51941 5472
55982 52018 5268
47243 54757 5440
52176 54824 5208
38259 58741 4665
64795 38205 4892
57350 50650 5282
54752 50248 5533
58559 50441 4984
40829 58171 4969
58950 49050 5243
50487 53513 5489
57372 47628 5480
62547 41453 5153
43197 57803 5051
49215 53785 5491
64090 41910 4932
60277 48723 4977
61594 42406 5236
58151 44849 5467
66545 34455 4437
61412 43588 5251
50660 55340 5261
65065 38935 4831
57043 47957 5487
49461 55539 5305
50608 49392 5638
58177 46823 5453
37227 58773 4653
42782 58218 4924
64861 41139 4526
65160 39840 4739
65318 38682 4754
44992 56008 5325
64310 40690 4958
54253 46747 5617
65570 36430 4744
47420 55580 5368
44078 57922 5000
64108 42892 4595
66872 31128 4107
59276 46724 5361
41609 58391 4882
54292 53708 5011
64399 39601 4952
65437 39563 4449
45821 56179 5305
65480 37520 4751
51748 47252 5650
52315 48685 5633
46570 55430 5384
66217 34783 4561
58686 50314 4991
36176 58824 4500
54506 53494 5142
62359 43641 5139
44650 57350 5126
65868 37132 4645
50845 46155 5662
66590 34410 4330
46797 57203 5065
46175 56825 5202
51834 49166 5632
63167 40833 5094
60223 43777 5350
40406 58594 4733
55058 49942 5528
60751 47249 5143
61810 45190 5132
52525 53475 5439
43967 58033 4920
64461 41539 4827
45231 56769 5223
51216 52784 5518
62365 42635 5168
57545 48455 5440
62964 43036 5073
49186 52814 5538
56608 47392 5527
50978 51022 5592
63360 42640 5026
47953 57047 4967
49433 50567 5615
45139 57861 4828
51472 55528 4930
51227 54773 5343
66190 33810 4573
62649 45351 4938
54276 53724 4999
43651 57349 5139
59093 45907 5405
60481 44519 5326
52354 52646 5505
42094 57906 5033
49633 56367 4887
66187 35813 4569
53250 49750 5595
44006 57994 4958
59069 47931 5324
55037 48963 5565
55146 50854 5474
