56939 56245 61860
61560 56426 57488
61170 53698 61052
57954 59341 52407
56518 58453 58623
57015 50735 64197
52205 53439 64332
53505 55367 63114
52972 53583 64240
64757 51257 55458
58411 58174 57830
62476 50847 60565
62374 52514 60331
57671 59041 56007
63741 53398 57068
58857 57884 58100
63687 50674 58787
63120 53779 58289
51603 60524 52734
54762 60153 53522
57970 58837 56370
63232 55318 54962
53716 58711 58923
59322 58300 56574
57387 54588 63002
50671 49488 65007
55621 55939 62433
61240 57225 56479
54028 55579 62929
64479 52063 56104
60623 57433 56989
56150 56519 61799
58599 50723 63501
56945 51985 64028
52983 56990 61703
54523 59382 57188
59544 57553 58143
59431 58663 53865
52251 56489 62191
53906 50103 64797
56307 59856 52454
64020 52033 57684
57593 58810 56866
62395 56373 55605
59024 53447 62811
59262 58741 54178
61349 55196 59569
55073 60117 52116
50189 48017 65030
56135 54635 63346
61332 57353 55865
56974 57522 60108
55587 55200 63082
57916 59072 55636
59673 54820 61533
61833 51734 61153
56683 56098 62050
57340 59447 54594
54133 50984 64709
59372 58322 56454
58241 57453 59494
58976 58137 57389
59031 54309 62309
61933 49707 61190
60765 57911 53844
64821 51261 54854
53819 52933 64412
58968 58841 54550
51179 48704 64996
64918 50952 53810
60321 57665 56902
53390 50955 64803
59018 57078 59480
53560 59002 58330
57467 58570 57693
56649 55359 62699
61824 51066 61250
53048 49646 64894
58924 56350 60594
53613 58057 60109
62751 56053 53848
57809 56206 61463
52785 51175 64833
56024 56884 61341
52719 55704 62841
54363 51729 64598
54722 57016 61517
56009 58326 59173
52795 52760 64548
63457 54778 55608
59779 50101 62804
53713 52476 64547
64591 52074 55531
58686 56837 60080
59082 53941 62505
63204 53880 57964
57101 54841 62918
49807 48817 65026
55369 59986 53929
57651 52095 63800
60263 58122 55440
49951 60667 50493
64404 51292 57050
59764 57938 56988
60360 54373 61365
57326 55553 62308
61479 57014 56461
55953 58831 58054
58078 52355 63577
61923 54173 59723
52454 60260 54388
58366 56775 60391
57888 59350 53468
58088 52092 63625
64874 51268 53619
63841 52575 57699
64616 52464 54762
59830 53018 62435
54043 58469 59336
58885 51392 63338
56932 58840 57348
59226 56118 60681
57485 51559 63956
63835 54347 54622
55772 57571 60427
62883 54538 57749
53615 50581 64808
55527 54165 63691
55006 58511 59110
60338 56064 59801
63637 54807 53528
60450 53312 61890
54009 59643 56568
51223 60394 53988
64071 52908 56590
58182 51458 63682
61664 52838 60993
64504 52453 55335
60062 50415 62630
59706 58504 54492
64669 51098 56057
59083 55381 61515
56417 53289 63869
51481 53839 64120
62124 56470 56296
57080 59505 54696
56856 59245 56113
58064 57209 59985
61659 57235 54530
61861 51381 61185
52934 50257 64901
59869 52471 62609
63326 52257 58923
46787 60763 48348
56371 59216 56714
55181 59385 56941
64662 52393 54013
62497 56198 55689
52558 50294 64921
57272 57901 59398
60575 56778 58499
54145 59929 55482
57986 58928 56045
54532 58682 58877
61248 51798 61717
59001 57959 57809
57177 57349 60274
62613 52749 59852
51785 60402 53857
57927 55325 62223
62046 52941 60513
61836 57107 54116
57114 59423 55059
53701 60190 54103
59584 57204 58857
56886 53779 63537
62221 51733 60742
64343 50186 57357
51875 49589 64961
60300 57386 57636
61424 53863 60641
55716 57047 61213
58232 58665 56641
54320 54446 63720
56210 59858 53452
57140 59558 54075
57851 58388 57805
62984 55700 54763
51846 53910 64080
49141 60680 52007
54003 57444 61005
53180 59584 56886
61645 52465 61209
55256 57348 60928
61079 52902 61557
57207 52995 63707
57850 59377 52292
60235 54620 61294
53739 56299 62341
56149 54828 63219
63394 52481 58711
58923 58738 55571
64038 50474 58196
64051 51111 58059
64781 51109 55484
63846 49065 58626
51859 50455 64953
54295 57948 60193
62357 55904 56866
60719 52550 62000
57357 59544 53228
61040 57752 54471
55535 59649 55774
58431 59081 54351
48826 60700 50921
54346 56726 61930
64867 50898 54900
56880 59616 54177
53257 60420 52292
55136 52818 64240
64649 50214 56410
50990 50107 64983
64803 51628 54135
58006 50769 63823
55058 53675 64023
58280 55235 62117
54023 50572 64757
57371 56337 61547
62745 55940 55294
58072 57998 58529
55052 55369 63005
55322 56510 61988
63357 51164 59265
61609 55990 58127
64795 51694 52735
63757 52474 58024
51431 49674 64986
55626 56812 61553
54915 57469 60838
54081 52151 64565
57856 53632 63334
58718 57855 58289
63133 55554 54233
56207 57153 60903
58156 59240 53724
57747 58636 57242
59491 58113 56910
61859 56436 56931
62871 55177 56847
60465 57918 55733
59377 56642 59837
52392 59941 55752
57563 57315 60148
63700 51311 58650
51165 50354 64969
63378 55069 54973
53096 53184 64386
57508 54442 63065
55912 52331 64205
63057 55267 56047
59809 51167 62763
58579 57728 58676
55358 50763 64563
62350 55673 57263
50949 60527 53158
57999 56993 60331
54345 58059 60006
51290 51216 64888
64249 51730 57213
58068 50086 63792
59929 58049 56368
50482 49649 65009
61626 50733 61476
62597 53325 59459
63147 55349 55339
63539 54311 56249
55797 53515 63946
63087 52022 59402
63708 54579 54495
57041 55407 62525
54119 60075 54591
63132 53250 58699
60994 54465 60739
59093 58824 53892
58320 52177 63503
56257 54532 63366
57411 58028 59011
62437 51189 60602
62892 54964 57165
54976 57793 60336
62216 56745 54739
57471 58952 56524
64845 51113 54880
51415 51852 64786
54650 56114 62436
52882 50933 64862
63973 54079 54112
63194 51193 59531
58871 55667 61388
57862 59340 54096
62645 50537 60368
51234 49773 64991
54458 56947 61663
53275 54541 63706
57257 56636 61282
55820 59789 54654
58643 56711 60298
62510 51776 60369
63959 53834 55414
54260 60253 52156
53532 58645 59082
63243 50670 59504
64896 51027 54343
62284 54078 59270
49420 47432 65036
64059 52676 56972
55431 59865 54708
60985 50680 61993
57457 53945 63307
52734 50793 64880
52866 53767 64145
56290 57961 59662
63834 53816 56048
59932 54020 61896
64503 51915 56130
53682 60138 54548
58176 59014 55534
58170 54562 62709
58462 53647 63050
61663 54098 60162
59020 54641 62100
55721 56522 61888
60099 57180 58378
61321 56637 57506
52517 59989 55551
54136 52797 64405
52912 60095 55052
50990 51325 64871
60407 55358 60524
52122 53292 64394
57861 54352 62959
58562 58293 57424
55443 58994 57904
52865 60417 52831
55350 57051 61314
57480 51287 63994
63265 49620 59565
61945 56636 56333
54331 50630 64712
62175 56747 55168
53946 51881 64639
52965 50428 64888
61409 56013 58442
59531 56775 59519
58274 55675 61731
56233 51638 64293
62185 54897 58588
57651 59444 52856
58980 52939 63044
52142 51211 64860
54078 50808 64733
64609 52233 55159
51049 49320 65000
51189 60569 52398
58947 50709 63307
53670 50817 64784
61791 56341 57214
61870 57013 55293
57349 59213 55687
64254 53203 55180
59558 56359 60081
59184 56292 60492
54972 58793 58530
58673 58541 56552
59630 50629 62893
55814 59702 55232
52614 54219 63904
60820 51648 62108
51364 60597 51616
51478 52073 64739
62448 54538 58596
63683 49094 58892
50524 60624 51882
54151 55230 63197
54853 59002 58074
