46704 57296 6542
53460 52540 6455
53381 62619 6186
59798 58202 5814
44834 63166 6385
46748 56252 6554
61444 49556 5961
48359 62641 6374
63659 47341 5662
45337 67663 6105
51847 56153 6474
47742 65258 6257
60315 52685 6046
47770 67230 6083
65135 37865 4745
57573 50427 6281
64179 48821 5293
47440 61560 6428
60555 55445 5905
57995 60005 5930
43213 69787 5685
60620 54380 5954
49643 61357 6400
50122 67878 5742
41829 69171 5907
63329 51671 5518
53730 53270 6445
50041 62959 6324
46163 61837 6429
51347 59653 6414
48986 64014 6300
44133 66867 6189
45837 61163 6453
39480 70520 5320
45262 61738 6435
48423 68577 5801
49979 67021 5990
45550 69450 5723
52076 59924 6381
45778 65222 6287
63298 50702 5643
47136 66864 6140
63678 49322 5621
46226 68774 5909
59604 59396 5682
62720 53280 5570
49842 59158 6465
63178 52822 5176
60158 50842 6087
48603 68397 5840
63737 46263 5664
51211 62789 6297
48286 55714 6545
64285 43715 5530
64702 44298 5320
54562 63438 6029
64055 46945 5573
49560 54440 6537
56700 56300 6252
63217 49783 5697
60135 58865 5578
55057 54943 6380
46389 66611 6183
40332 69668 5788
38577 70423 5472
65054 40946 5057
64017 48983 5488
60614 51386 6034
49691 53309 6536
58218 57782 6068
60584 52416 6024
44522 66478 6217
64952 43048 5049
60769 55231 5887
60861 56139 5793
59494 52506 6127
53228 54772 6449
48509 55491 6544
61631 56369 5517
64884 44116 5001
55468 60532 6156
63915 50085 5337
58709 60291 5782
46841 69159 5743
51081 57919 6467
61956 55044 5616
44230 68770 5967
44582 69418 5786
62542 54458 5325
63572 51428 5371
58738 52262 6199
54369 60631 6235
56696 54304 6302
58237 55763 6158
43439 66561 6215
59692 54308 6070
50251 56749 6507
44663 67337 6146
57258 61742 5866
62606 52394 5696
61140 54860 5839
40586 69414 5863
58795 56205 6084
56814 61186 5978
53436 59564 6339
49481 67519 5950
42696 67304 6157
52922 63078 6188
64759 45241 5177
61580 48420 5954
51912 64088 6187
43737 69263 5872
41029 68971 5950
52126 61874 6307
53947 65053 5849
55378 62622 6018
56307 61693 5995
59643 57357 5917
58955 51045 6189
45509 67491 6120
63509 48491 5669
57369 56631 6194
42756 70244 5385
45196 68804 5947
63970 50030 5195
53541 56459 6414
48883 67117 6046
53659 60341 6296
58392 53608 6205
65079 40921 4972
48173 68827 5656
56320 60680 6070
63497 47503 5691
58341 51659 6229
44403 69597 5719
51886 53114 6502
49732 58268 6488
42117 68883 5966
44023 69977 5427
59320 50680 6162
52732 55268 6459
62783 49217 5785
62255 51745 5807
63999 46001 5600
45071 67929 6081
61276 53724 5895
46344 67656 6079
60433 58567 5366
54479 63521 6030
48197 68803 5697
56570 55430 6285
62657 51343 5755
41169 69831 5730
38465 70535 5333
49556 57444 6506
44684 69316 5819
53380 60620 6299
64630 46370 5234
45168 60832 6463
63041 52959 5445
63840 50160 5438
48559 63441 6336
61784 48216 5930
63123 51877 5601
48628 53372 6549
52151 65849 5962
60482 49518 6063
42745 70255 5362
46836 68164 5994
53806 63194 6113
46833 59167 6502
55473 52527 6383
53941 56059 6406
47698 68302 5933
47409 64591 6303
61216 51784 5966
59970 59030 5625
44114 69886 5589
53231 65769 5791
51851 55149 6488
43547 69453 5818
41689 70311 5459
45714 69286 5776
42261 69739 5740
56123 53877 6340
54705 59295 6281
56009 60991 6079
48283 68717 5768
53187 55813 6438
55883 53117 6360
51056 53944 6518
43347 69653 5747
60509 56491 5844
61110 48890 6003
50717 67283 5841
61388 54612 5804
47832 63168 6360
59356 56644 5999
43742 67258 6159
43878 66122 6242
61729 56271 5357
52206 58794 6409
55044 52956 6401
64253 48747 5096
52501 65499 5976
47396 66604 6157
51606 65394 6086
47231 63769 6344
60918 53082 5971
57471 60529 5952
60472 57528 5741
52210 66790 5613
51603 55397 6492
51211 54789 6509
46509 68491 5957
62459 48541 5849
60101 51899 6080
50450 58550 6469
44767 64233 6341
50388 67612 5787
58104 52896 6236
64494 45506 5398
48658 57342 6522
49790 55210 6532
44227 63773 6360
50935 56065 6500
49630 66370 6098
60972 52028 5990
45669 59331 6502
59272 59728 5724
59816 56184 5967
56034 62966 5889
64985 42015 5123
58020 58980 6011
51651 64349 6184
64228 46772 5495
64874 44126 5127
41362 69638 5792
60980 50020 6010
42806 70194 5458
62014 54986 5604
59983 55017 6008
62110 54890 5583
58085 59915 5926
54457 54543 6412
64126 48874 5357
51231 53769 6515
51508 66492 5921
47043 56957 6544
48711 66289 6144
48698 54302 6547
64299 47701 5392
52404 66596 5699
58959 58041 5963
60335 49665 6077
64272 45728 5509
64673 43327 5363
46750 58250 6525
56554 58446 6186
44396 67604 6124
63585 51415 5346
63613 50387 5564
64253 48747 5103
61715 56285 5472
64938 43062 5142
47695 59305 6492
53547 64453 6014
50434 55566 6517
62532 54468 5389
44033 69967 5526
43434 68566 6012
63276 46724 5740
55347 57653 6298
57811 59189 6020
49473 60527 6431
45427 69573 5644
50626 60374 6417
44076 68924 5939
48262 67738 5998
52109 55891 6470
51585 54415 6503
48605 59395 6480
46917 60083 6478
59131 58869 5868
48079 65921 6196
49957 65043 6207
56124 59876 6143
61775 55225 5651
57166 56834 6202
56649 61351 5984
64650 46350 5103
59889 51111 6109
58348 55652 6153
47024 65976 6218
60405 53595 6017
50157 65843 6129
46342 63658 6361
48933 54067 6545
51909 61091 6347
63008 46992 5777
63174 52826 5218
45067 64933 6306
57793 55207 6211
48968 59032 6485
56152 52848 6350
57784 51216 6268
49577 62423 6358
49048 65952 6163
61825 53175 5816
39672 70328 5523
49156 55844 6534
38734 70266 5561
52888 66112 5754
62874 53126 5514
53034 57966 6402
47169 67831 6029
52711 57289 6430
56063 55937 6302
48232 66768 6116
54877 57123 6340
42981 70019 5571
53475 63525 6114
47113 57887 6530
40791 70209 5579
58603 50397 6214
65024 41976 4956
64887 42113 5217
57687 57313 6143
43480 65520 6276
46701 69299 5641
49940 68060 5671
55484 63516 5887
46485 62515 6403
54674 56326 6370
59553 55447 6040
40037 69963 5683
63048 48952 5745
41605 70395 5369
58821 53179 6178
40531 70469 5389
57051 55949 6239
59928 49072 6115
64538 44462 5412
53016 61984 6254
47190 68810 5842
59843 59157 5646
56010 61990 6004
48179 64821 6273
45349 62651 6405
47156 55844 6554
61358 55642 5718
48600 56400 6535
63630 51370 5144
62438 54562 5469
60384 58616 5472
51169 63831 6246
63906 47094 5616
55894 61106 6082
44969 69031 5897
47577 56423 6546
50414 54586 6527
64053 45947 5585
50094 61906 6368
55144 63856 5884
64500 47500 5162
59069 54931 6112
42696 69304 5872
53352 58648 6370
46086 68914 5876
64242 48758 5203
54451 61549 6176
51502 63498 6251
62083 53917 5702
61004 50996 5998
50861 57139 6487
45932 59068 6508
62553 50447 5802
50989 57011 6486
50669 56331 6503
47482 54518 6559
52470 61530 6307
63142 52858 5376
52041 53959 6493
63861 50139 5410
50331 63669 6282
49752 56248 6522
55770 58230 6251
56827 60173 6053
45838 60162 6483
55144 59856 6224
54753 64247 5876
49584 65416 6193
46761 55239 6558
42294 68706 5994
58543 60457 5794
54929 62071 6102
63517 51483 5421
45336 69664 5482
57521 54479 6248
59417 53583 6117
43651 66349 6229
56222 54778 6324
46315 61685 6433
63931 45069 5623
43001 65999 6249
47046 68954 5802
44746 69254 5839
47821 64179 6315
50277 65723 6136
46075 65925 6244
49435 64565 6260
46855 57145 6543
43700 68300 6057
56710 59290 6124
54507 58493 6320
63482 51518 5449
56597 53403 6318
49126 61874 6390
64404 46596 5403
54142 57858 6356
48886 68114 5888
42025 69975 5645
52611 56389 6447
62317 52683 5743
56424 57576 6230
45071 66929 6179
47141 60859 6453
47297 62703 6386
54428 56572 6375
44413 65587 6271
64716 45284 5235
45432 66568 6203
51729 61271 6346
64989 41011 5149
65114 39886 4890
58605 54395 6170
45462 68538 5992
55854 57146 6281
52632 59368 6379
64895 43105 5200
62676 53324 5582
52451 64549 6112
42789 70211 5440
53143 59857 6342
62491 54509 5427
64828 44172 5206
58442 56558 6103
52681 54319 6472
45938 65062 6294
56395 51605 6340
48808 65192 6232
57101 60899 5967
51318 61682 6343
49398 63602 6312
60824 57176 5676
