67971 74100 68407
79298 64833 73156
81000 59772 69100
76463 68544 72927
71362 69951 77301
72489 72415 67287
68041 71753 75946
74353 62980 81876
60953 75362 64897
80679 59713 71528
62994 75271 65054
69192 73364 70682
70755 73227 66697
71730 63438 82682
74530 70728 71024
77512 63035 78438
71692 66118 81219
75305 68404 76057
70066 73520 65883
73770 68854 77101
62260 58227 85238
66600 71090 77249
65256 68611 80124
79557 64392 72827
70314 73105 70042
79727 64168 72464
80914 59869 69954
77573 67823 71063
74488 67061 78948
65437 74938 65500
72459 62143 82956
72279 72114 70747
76152 65569 78917
79530 65223 70563
80773 61243 70241
64872 74228 70114
68776 60737 84347
74072 71521 66416
79408 63850 74337
72995 69638 76552
61536 74537 69365
67844 72291 74953
72310 72523 66588
69518 63312 83259
73165 66649 80298
61353 74958 67400
79573 65033 71238
79217 64140 74685
75065 63934 80976
72007 69233 77946
66640 74679 64710
79435 65007 72049
63610 73430 72820
75891 67025 77481
80374 61523 72421
70719 60286 83966
73769 65640 80739
66325 73188 73042
72536 70379 75668
72500 65771 81190
69682 71282 76125
80181 61990 73083
75428 60377 81371
66509 68218 80481
68982 68887 79609
67069 71973 75801
62001 75287 65507
80797 60600 70614
68225 74129 67758
71962 60780 83463
80669 61662 70599
72415 59643 83374
80846 59725 70573
72270 64465 82051
79461 65499 68916
64412 64158 83356
65548 71586 76569
78394 65603 74688
70911 58788 83993
73611 66196 80432
76498 65500 78578
71482 72908 66801
67251 58469 84908
66770 72440 74979
70112 60682 84060
74582 67521 78284
67553 59090 84852
62950 75326 63968
76470 62498 79997
74490 61001 82118
80985 60194 68671
77213 60315 79404
69877 73075 71006
80632 59136 71802
72956 63298 82353
79687 63995 73053
75582 61003 81207
75444 70396 68497
71947 67842 79694
60839 75099 66626
76948 69046 65376
77419 64936 77652
80398 62333 71735
78116 62503 77714
67101 69951 78762
75704 70046 69426
69492 73050 71657
65378 61898 84360
74720 64475 80971
73861 63896 81730
74045 70536 72983
71415 68932 78688
63949 65306 82619
65662 63329 83743
77604 68189 68417
76903 62738 79353
68536 68485 80042
69427 73620 68890
65361 73692 71802
74877 66372 79385
67722 69231 79474
68304 73448 71086
64323 74566 68825
73641 66890 79774
80562 61236 71639
70766 63249 83025
69886 64740 82468
64600 58984 85112
75485 69288 73488
65913 66722 81636
68522 72942 72780
79778 64420 71628
69746 66240 81545
64884 74852 67060
69335 71088 76645
64659 73065 73751
73414 71917 66618
75116 69757 73041
69317 73794 67516
77090 64945 78170
76667 68927 70434
65205 66050 82104
70873 64608 82349
80634 61919 70405
65247 74714 67692
63970 74842 67686
62923 74425 69774
77734 68077 68126
71953 72017 71967
67190 73074 73082
68426 73847 69193
76305 64724 79303
65982 57870 85063
75293 69297 73985
76392 66832 77004
71543 72105 72321
81050 59603 67734
71163 62728 83134
69675 72734 72637
79980 62764 73345
73020 72002 68844
70277 73062 70390
78550 66692 70667
78194 65303 75695
77039 64862 78297
71069 71827 74090
70336 70791 76579
70066 64214 82723
76508 60620 80214
79100 63269 75622
78623 66839 67791
69109 72353 74262
70701 72645 71638
80151 63735 70500
80295 62733 71757
69669 73423 69552
70637 64991 82204
76172 69440 70505
72245 72360 69266
70043 73512 67393
64668 74671 68210
71611 71935 72843
66145 60782 84657
69120 69553 78868
74235 71273 69171
75386 70208 70185
71316 60029 83785
72997 71613 71221
73590 69115 76844
62166 74734 68556
70629 70484 76905
68509 73966 68515
68213 66984 81286
77311 68638 66805
81058 59523 66948
70949 69792 77805
69146 71751 75579
78809 63234 76283
65795 63975 83381
66256 74748 66303
65468 62825 84023
67944 72403 74659
63955 64340 83244
62965 74854 67878
71897 59693 83594
80881 60685 69558
75016 67736 77524
66114 59892 84897
79367 65643 69427
80445 59480 72528
63027 75081 66624
67463 72766 73911
80742 60450 70970
66751 73933 70227
74644 61627 81954
79729 63306 73804
69569 62345 83648
70385 68705 79384
67548 73759 70365
61594 75095 66646
78368 60999 77708
76958 68970 67918
75576 66573 78460
79021 63669 75580
63055 74730 68429
75347 67575 77348
67994 61783 84148
73621 67525 79151
76881 67087 75606
73810 63039 82136
79190 64892 73427
65069 74910 66370
67720 60416 84607
68048 62874 83700
69752 65274 82170
70093 69774 78209
63447 59345 85124
72338 68663 78483
76382 69431 69244
66200 64518 83050
73270 60440 82878
75967 69152 72425
72722 69153 77543
76465 67725 75178
77665 60144 78839
65318 74426 69060
73319 61630 82824
65838 73396 72564
66315 74709 66596
78777 62781 76543
63826 74914 67324
76166 69591 69547
71080 63358 82904
73073 72087 68062
71445 68428 79271
68132 58198 84776
66183 62275 84189
66307 65638 82360
79675 61222 74827
61645 75424 63615
71014 72105 73181
66352 73083 73357
77109 61099 79428
64402 75167 64043
65454 71126 77233
72661 65017 81658
76324 69597 67631
64571 73485 72566
75206 65415 80035
76516 64683 79071
77491 67972 70827
79620 63125 74406
75769 65845 79095
70555 71559 75039
75528 67649 76981
66049 58425 85037
63074 74346 70089
79656 62823 74571
77119 66869 75462
78583 63788 76464
69623 72145 74510
75616 61725 81073
75975 69910 68150
69715 58144 84385
67812 63257 83555
79587 60418 75133
68382 73646 70192
78703 64880 75085
74637 69694 74430
79389 61123 75592
78088 64866 76523
78982 63449 75795
69219 65032 82416
75482 66113 79124
66093 74183 69669
67159 71758 76172
68847 72146 74896
71038 72848 69852
69219 73852 66318
70250 73390 68435
74071 64831 81126
70487 72205 73649
69262 70383 77712
71046 66207 81326
67888 73981 69085
77026 65848 77309
62112 73655 72296
71787 61567 83340
66452 69650 79125
74861 64420 80890
75550 63146 80761
70332 61326 83876
77748 65043 77002
65469 62499 84152
77037 60964 79539
81010 59988 68488
69014 72232 74649
80848 61456 67478
78970 60548 76574
70330 59124 84184
80344 63304 68750
76147 60467 80646
70910 72566 71568
68543 74092 67058
69946 72844 71930
77497 67614 72385
78784 64407 75463
71509 69392 78024
74678 62349 81820
65775 73068 73536
69213 65998 81791
76112 67486 76371
75333 67068 78087
77977 67811 67575
64580 59653 85058
70631 65957 81579
80074 62488 73186
70513 69742 78066
76280 69674 66837
80312 58783 73037
67517 74433 66407
78984 64707 74456
62670 61136 84699
67622 70523 77958
64778 74910 66689
73991 68518 77398
65224 73576 72200
80922 59685 69922
67851 73300 71963
80504 62605 70274
64157 59382 85100
62058 75299 65376
74752 70276 72140
79187 65002 73200
76748 68877 70219
69627 72580 73257
80920 61033 67732
63958 63405 83765
73480 64168 81757
78821 65407 73620
65934 74832 65720
65294 57946 85130
78076 66135 74467
72243 63248 82620
73823 70988 71867
67192 73295 72401
74947 70906 66524
75578 65307 79818
70990 63697 82770
74951 70715 69262
66874 68309 80386
70099 73363 68982
80488 62332 71035
76955 67613 74278
80964 60770 66981
73642 60332 82661
63901 75105 65958
63870 59616 85082
64432 58016 85168
66880 61619 84367
73336 69131 77070
68842 73118 71952
71834 72551 69327
73426 67245 79572
71087 70615 76371
62100 75396 63622
64020 75065 66171
65278 60683 84745
66244 57752 85039
63655 58055 85198
59232 75509 62361
65552 73815 71346
69915 69964 78027
66694 71664 76367
74388 65234 80666
71528 62104 83269
79123 63680 75349
72360 70969 74628
80515 61728 71585
72276 71467 73286
73200 66526 80371
70537 69058 78906
73509 64284 81682
80905 61133 67194
73470 68175 78384
78893 65921 71998
68566 74100 65548
77441 66119 76148
80510 60254 72221
67805 71290 76806
66440 74712 66030
75238 70638 67841
79101 61485 76179
63999 61951 84399
78845 65903 72281
69448 73763 66242
72687 67943 79206
70491 62152 83518
64349 72760 74499
80335 63255 70020
63741 74460 69453
80332 63305 69337
71338 66934 80748
79967 61979 73931
63683 59508 85104
75682 66775 78067
68212 69691 78983
61012 75444 63802
61233 75450 63509
66118 74796 65447
68735 72856 72926
73520 65596 80899
62959 60717 84821
80472 62817 69806
76561 66141 77792
67742 71974 75659
79024 66230 69848
63313 75124 66239
70835 71271 75379
70430 70260 77381
66174 70378 78244
65083 72007 75911
79793 59304 74548
63902 62770 84084
80837 61217 69401
70094 62673 83409
66652 67528 81042
76828 69082 68209
69723 59873 84297
66273 62894 83905
65788 71032 77366
70912 66835 80937
65369 73372 72785
73337 63026 82326
66107 72619 74662
78369 66536 72622
77101 64038 78683
68531 67749 80714
67655 73518 71283
69317 69689 78616
72244 68203 79147
79329 60256 75769
73266 71016 72941
72106 72616 67305
72966 64532 81789
75232 70036 71598
77047 68078 72513
63315 73075 73746
73523 71558 69867
77109 67227 74772
66719 69420 79340
72361 72372 68758
78689 59850 77228
65110 66907 81523
71838 64366 82227
72833 63890 82140
69867 68700 79552
77453 67285 73549
80705 59520 71409
72232 69734 77019
76479 62176 80040
73989 70959 71588
65427 72130 75712
75786 65330 79559
77200 62481 79020
67245 74433 67247
68735 59503 84586
66986 74122 69213
78437 65750 74246
79971 64390 69154
80260 60736 73155
80305 63243 70668
69543 70232 77810
66992 68569 80146
80234 62512 72402
76893 68954 68634
65827 60139 84860
66564 74535 67662
72070 72617 67841
73359 66350 80431
69770 68026 80243
72316 72157 70399
70711 59664 84023
66514 68954 79809
63194 75279 64465
74488 71193 67297
80733 61636 69759
74425 68733 76638
62345 73995 71326
74881 66952 78722
72134 71257 74156
68458 60094 84550
65023 59255 85070
69390 73696 68462
69608 73329 70214
63611 57774 85202
77795 66786 73798
78280 64416 76667
80131 63479 71420
65892 71709 76370
70151 73431 68435
59883 75490 62106
72632 66945 80302
61155 74295 70304
75944 68386 74875
69380 71678 75624
64959 73438 72651
77561 62586 78487
64133 74081 70867
78806 65235 74053
62095 75375 64683
80608 62406 68829
64827 74840 67191
78617 66847 68869
79572 65202 69696
71637 69160 78264
66215 73636 71663
80899 60901 68925
71402 59818 83774
62810 74162 70809
80077 63251 72429
63996 72656 74713
79458 61352 75387
74306 62457 82037
63574 61756 84484
73343 71957 65796
72653 70662 74954
69715 59251 84354
78142 63730 77237
63149 57819 85221
63749 75210 64709
66256 68503 80223
67625 59535 84787
65938 74024 70404
75745 64293 80155
80589 61606 71214
76683 63669 79408
80518 61288 71846
77660 61969 78494
76579 68823 71484
67666 60769 84548
79714 62588 74560
69637 70692 77146
67625 74416 65610
63652 74826 67856
62008 57472 85243
80121 62969 72509
70521 70962 76167
61110 75017 67084
77873 63140 77905
71917 61175 83393
73337 71550 70498
80988 60353 68025
66040 73206 73085
69470 57822 84464
74216 69339 75843
68306 70151 78319
66794 65771 82258
68416 65186 82435
68690 72553 73926
67090 58896 84915
68663 59058 84651
79024 62244 76225
68766 60436 84429
64751 61015 84686
75690 70254 66367
77538 64262 77961
75337 61975 81350
69097 66461 81502
77125 68526 69852
70655 67743 80277
76833 66576 76674
76056 64509 79720
72732 71451 72550
64098 74438 69472
80097 62759 72830
79714 64954 68784
67973 63958 83185
71325 72960 67758
77970 67635 69392
77841 65385 76386
75893 69729 70346
79534 64096 73575
75747 70025 69283
71449 71249 74906
63830 73546 72477
