70342 89658 9415
92321 65679 8620
79819 76181 9587
95720 60280 7763
74803 90197 8679
94135 65865 8161
96405 53595 7522
71304 89696 9352
78598 80402 9565
65479 88521 9627
89879 72121 8830
60084 96916 8354
88643 71357 9017
87073 77927 8764
83462 75538 9385
71029 86971 9585
73044 89956 9177
75182 80818 9691
67568 88432 9598
51138 97862 8375
66989 88011 9634
66227 94773 8748
69843 93157 8732
62726 92274 9386
78571 86429 9065
93612 62388 8424
59104 96896 8524
78452 78548 9622
85445 71555 9283
88186 68814 9092
85413 79587 8905
63452 95548 8743
93103 67897 8365
68035 92965 9111
86012 69988 9251
71939 87061 9546
73515 84485 9627
89765 70235 8910
96042 57958 7740
53359 97641 8449
71456 90544 9237
92813 66187 8522
56452 97548 8329
75458 89542 8841
70360 85640 9666
63683 95317 8831
89689 75311 8074
67494 86506 9687
66966 85034 9730
90848 72152 8616
73969 85031 9582
96417 54583 7489
65762 95238 8374
71431 83569 9713
60058 96942 8337
73652 86348 9520
78145 85855 9213
48641 98359 7838
92346 70654 8132
70651 86349 9627
86538 71462 9206
95798 59202 7840
95058 61942 8064
89650 68350 8956
90858 67142 8821
57404 96596 8735
74653 84347 9591
84777 80223 8944
64259 95741 8458
91028 69972 8736
81066 81934 9304
69329 90671 9358
64689 93311 9221
77840 82160 9534
80180 74820 9574
74463 77537 9734
94207 64793 8221
77330 87670 9020
80700 76300 9540
65277 87723 9667
74654 86346 9465
64390 94610 8987
73388 85612 9573
96469 53531 7427
84330 77670 9238
96034 55966 7779
89780 71220 8880
72126 83874 9689
65828 86172 9706
88050 70950 9086
53179 97821 8339
85773 78227 9020
85774 79226 8882
64427 95573 8568
54230 97770 8321
67389 92611 9201
72003 89997 9270
66121 88879 9599
72327 84673 9653
91046 68954 8762
95891 57109 7855
94265 65735 8098
76337 86663 9300
71468 87532 9536
64197 92803 9304
72609 89391 9295
62620 93380 9270
79136 86864 8737
90094 69906 8875
69520 91480 9247
56969 96031 8869
68178 83822 9747
96150 57850 7534
73806 90194 9024
70245 84755 9701
77422 84578 9419
86840 77160 8947
81440 83560 9071
91055 67945 8780
95838 59162 7801
90067 66933 8916
55679 96321 8809
91239 72761 8039
72481 91519 8823
81350 79650 9408
90203 68797 8881
64609 90391 9518
61263 94737 9100
88025 71975 9070
84421 71579 9350
93998 67002 7934
46599 98401 7815
75942 88058 9164
88048 69952 9099
90299 72701 8690
94579 64421 8094
54102 97898 8157
79542 84458 9231
71703 91297 9077
62723 96277 8345
67749 94251 8659
74111 80889 9716
82206 80794 9265
47650 98350 7963
80600 84400 9076
68537 87463 9631
74340 86660 9458
74451 90549 8455
50954 98046 8261
72948 80052 9750
96544 52456 7255
88952 76048 8496
72893 84107 9660
91238 72762 8050
91231 72769 8115
67645 94355 8574
64525 88475 9631
85051 80949 8680
49753 98247 8069
48822 98178 8193
70851 92149 8968
69870 88130 9551
55023 96977 8653
94671 64329 8040
63691 94309 9098
77514 84486 9419
59975 97025 8265
77404 80596 9623
96374 55626 7432
68704 89296 9508
94604 61396 8230
62881 96119 8474
79263 76737 9607
85856 72144 9251
78377 87623 8628
69207 86793 9647
80764 83236 9220
69902 82098 9763
90509 73491 8474
89439 67561 8979
57500 96500 8762
50783 98217 7999
82989 80011 9238
61326 96674 8291
86561 77439 8971
62812 96188 8425
48706 98294 8046
92059 67941 8620
55373 96627 8744
56356 97644 8052
73494 89506 9201
95571 60429 7887
78971 84029 9335
83451 71549 9409
96576 51424 7163
48678 98322 7967
82936 82064 9024
67580 91420 9353
69137 85863 9684
76418 77582 9697
68916 93084 8998
61580 96420 8486
61266 96734 8215
89521 66479 8972
69505 92495 9080
83659 81341 8995
96250 56750 7632
74729 90271 8645
60501 96499 8605
62224 94776 9059
52010 97990 8265
83779 82221 8774
66892 89108 9569
82495 75505 9448
75831 86169 9400
90011 73989 8594
69113 83887 9740
72069 91931 8702
94431 65569 7967
58695 97305 8224
84966 71034 9317
80834 78166 9503
85571 73429 9262
91037 65963 8803
92881 63119 8548
94009 66991 7918
85925 73075 9239
77094 78906 9669
86983 79017 8386
74559 78441 9732
87738 77262 8682
64646 95354 8685
91623 68377 8685
71789 92211 8485
95376 60624 7995
62027 91973 9415
77679 87321 9041
64592 94408 9024
73839 80161 9733
95162 61838 8019
64490 95510 8605
74518 90482 8519
68182 81818 9768
85311 76689 9181
78788 82212 9470
96447 54553 7380
76722 87278 9186
79305 75695 9609
75052 78948 9719
69674 84326 9724
58710 95290 9015
90303 70697 8820
77501 81499 9582
95967 58033 7799
80608 77392 9532
66363 89637 9545
74712 79288 9724
66131 93869 9045
95514 58486 7994
92920 67080 8463
58755 97245 8291
66454 90546 9473
91091 72909 8230
49705 98295 7939
73558 88442 9331
71886 92114 8635
83864 79136 9203
62624 94376 9134
90374 73626 8512
92108 66892 8642
91861 65139 8695
91489 69511 8674
68162 86838 9664
76667 83333 9541
82735 78265 9361
73720 79280 9742
60008 95992 8833
57812 97188 8491
87175 71825 9152
87278 76722 8909
89551 73449 8786
93173 66827 8414
75957 79043 9699
74302 85698 9528
69699 93301 8614
68867 91133 9326
91956 67044 8664
76049 84951 9484
72831 85169 9618
64017 90983 9485
91999 71001 8358
80241 77759 9546
65047 94953 8835
72188 87812 9488
68918 82082 9766
87649 74351 9032
67635 92365 9225
90868 73132 8350
92402 70598 8071
64090 95910 8302
81483 76517 9494
94727 61273 8199
57293 95707 8935
64481 93519 9197
65846 95154 8498
93278 63722 8477
89911 66089 8933
90595 73405 8447
92810 69190 8310
83026 78974 9295
59207 96793 8573
74266 89734 9061
83206 80794 9143
92550 66450 8568
94867 64133 7751
65447 90553 9496
71652 82348 9740
72578 86422 9559
84394 81606 8737
86576 72424 9194
65798 95202 8445
94444 64556 8151
95402 61598 7877
52367 97633 8474
66969 93031 9156
65555 92445 9308
71923 88077 9479
83788 80212 9117
88218 73782 8990
67184 92816 9180
59915 97085 8198
94454 65546 7747
76426 80574 9659
96542 52458 7279
93529 63471 8435
61699 96301 8564
79363 86637 8756
69551 93449 8435
76836 83164 9541
69664 92336 9102
60920 96080 8767
72554 81446 9740
53298 97702 8417
88815 68185 9037
67754 94246 8663
65955 95045 8587
71184 87816 9527
71605 85395 9643
85240 74760 9260
84470 72530 9346
48960 98040 8277
78130 80870 9574
52963 98037 8043
95760 60240 7683
63066 95934 8581
90133 67867 8905
54248 97752 8336
78992 77008 9616
87254 78746 8298
90819 69181 8791
68147 91853 9272
56429 97571 8308
96574 51426 7204
72308 90692 9126
67733 92267 9234
84483 78517 9174
70069 83931 9729
73035 90965 8931
73974 83026 9669
89317 69683 8977
80338 75662 9565
70868 82132 9752
56803 97197 8556
83955 77045 9302
71558 91442 9062
72517 90483 9142
70978 89022 9443
79040 78960 9588
79414 83586 9332
77069 76931 9681
78067 77933 9645
60760 95240 9004
92435 67565 8553
93047 68953 8240
74790 80210 9711
67422 93578 9018
87426 75574 8986
87826 68174 9122
56599 97401 8438
80182 78818 9530
92180 69820 8469
82822 81178 9158
67201 91799 9323
92593 64407 8588
74428 78572 9734
63369 91631 9441
65786 95214 8431
79140 83860 9335
94793 62207 8157
53116 97884 8290
49731 98269 8028
85186 77814 9138
69670 90330 9379
91180 71820 8549
84412 74588 9335
84024 71976 9374
65610 94390 8961
87034 69966 9177
56356 97644 8058
76501 86499 9304
85078 79922 8926
62663 96337 8278
93357 68643 8002
59457 95543 8962
78343 79657 9603
66617 87383 9667
91717 69283 8642
93878 67122 8076
82492 73508 9460
79113 80887 9513
92945 66055 8497
84833 79167 9070
80920 73080 9539
61903 96097 8648
85978 76022 9142
71363 84637 9681
83219 76781 9370
95780 58220 7903
78307 77693 9638
67252 85748 9711
75697 84303 9540
57166 96834 8666
90626 69374 8814
93891 64109 8349
58971 97029 8448
93662 66338 8305
95731 58269 7923
81788 73212 9497
90918 71082 8701
93899 66101 8235
96548 52452 7192
64150 95850 8369
61262 96738 8209
79052 79948 9555
79894 86106 8796
81497 78503 9446
88864 70136 9020
50865 98135 8164
86443 79557 8504
80521 85479 8841
52991 98009 8122
75956 89044 8903
89475 75525 8311
48742 98258 8117
74470 87530 9359
56359 97641 8164
94504 61496 8251
65098 90902 9475
86884 78116 8782
78594 83406 9415
86226 77774 8992
96508 53492 7306
80210 82790 9322
93605 65395 8371
66771 92229 9284
70277 92723 8864
93347 68653 8013
68997 92003 9207
67797 87203 9656
57577 97423 8297
66093 90907 9450
75350 88650 9131
69437 87563 9601
85522 71478 9278
55210 97790 8055
89673 69327 8939
72533 78467 9757
63653 89347 9588
62850 95150 8947
61295 96705 8256
77160 78840 9668
89190 71810 8941
62636 96364 8230
70762 91238 9190
93959 62041 8365
69722 81278 9771
56664 97336 8484
58787 96213 8816
68533 86467 9672
86891 72109 9172
91591 67409 8711
69605 93395 8523
61436 96564 8383
91778 70222 8553
68782 90218 9432
78314 87686 8614
95460 61540 7791
51898 98102 8129
91977 66023 8672
92241 64759 8641
59108 94892 9084
76403 81597 9634
75249 79751 9707
89165 70835 8972
71015 80985 9764
82843 76157 9414
78951 83049 9410
56621 96379 8796
66907 94093 8934
66357 91643 9374
67593 83407 9757
80075 76925 9566
65816 87184 9682
74716 89284 9093
77367 77633 9673
68275 93725 8875
71131 91869 9012
79920 82080 9392
69525 93475 8342
75511 81489 9669
95100 60900 8088
67460 92540 9208
58864 97136 8380
81215 80785 9361
84881 73119 9314
95772 60228 7631
82199 77801 9419
70592 83408 9733
65566 89434 9570
58264 94736 9107
85504 80496 8637
95649 59351 7930
51932 98068 8175
79737 77263 9578
94024 63976 8323
89774 69226 8928
47635 98365 7896
94853 61147 8163
90665 67335 8844
56718 97282 8516
72498 79502 9757
92163 70837 8259
84334 76666 9280
93947 67053 8006
91380 71620 8506
70732 79268 9771
72067 88933 9387
95855 58145 7870
93402 64598 8443
95005 60995 8118
55597 97403 8520
84169 75831 9320
91446 70554 8620
83383 73617 9409
94605 63395 8173
89324 75676 8365
71660 79340 9766
70046 92954 8802
61271 93729 9239
89091 72909 8911
67358 86642 9684
74076 88924 9229
73661 90339 9010
53641 97359 8559
76056 76944 9704
78643 87357 8677
81994 82006 9189
96594 50406 7073
94977 63023 8010
47697 98303 8074
53513 97487 8520
96113 56887 7734
96273 56727 7529
94777 60223 8194
96276 54724 7622
57510 97490 8160
66099 94901 8675
70271 88729 9493
78659 77341 9627
71357 80643 9763
64561 95439 8645
81919 75081 9485
59722 95278 9011
74962 77038 9725
68098 85902 9699
70933 87067 9583
92898 68102 8414
53207 97793 8360
76417 88583 8954
74080 83920 9631
94867 64133 7740
60564 93436 9279
89526 74474 8658
63624 93376 9250
90194 66806 8903
93467 67533 8255
78885 87115 8711
57637 97363 8364
87822 73178 9059
73428 86572 9516
77265 79735 9649
89028 73972 8846
74009 89991 9042
88294 76706 8609
68024 93976 8805
82672 74328 9448
68447 83553 9750
89367 67633 8986
72240 79760 9759
66167 92833 9229
61017 94983 9054
87591 75409 8973
65176 91824 9389
93946 65054 8297
62255 93745 9229
81416 79584 9406
63344 90656 9510
89582 75418 8250
88790 75210 8749
78114 87886 8566
68065 90935 9385
86919 73081 9155
57693 97307 8413
59041 95959 8876
82191 79809 9328
80406 79594 9484
79962 81038 9445
78338 81662 9526
96018 57982 7759
75555 87445 9280
56046 96954 8653
74562 81438 9697
73270 88730 9322
94733 63267 8136
65333 93667 9136
88849 76151 8516
78186 82814 9480
60380 95620 8929
71782 92218 8390
70303 87697 9565
77957 85043 9334
69473 80527 9775
65758 95242 8301
59753 96247 8764
91597 66403 8726
66470 94530 8837
64061 94939 8922
95923 59077 7715
87189 74811 9065
72991 83009 9696
76741 82259 9591
76831 86169 9312
80279 82721 9321
62945 96055 8514
88057 74943 8933
65342 94658 8908
77907 88093 8481
95774 60226 7559
63695 92305 9371
87467 78533 8182
69068 88932 9523
60362 96638 8533
68245 88755 9562
81300 75700 9514
95960 59040 7619
67585 94415 8507
47661 98339 8003
75057 89943 8758
61784 93216 9300
61243 96757 8153
95435 61565 7829
95126 62874 7915
95978 59022 7571
95095 59905 8112
90103 69897 8874
72503 82497 9721
70338 90662 9307
61355 96645 8323
92834 65166 8537
77699 86301 9205
95532 61468 7680
85075 72925 9302
85798 75202 9195
66077 91923 9352
94778 64222 7951
93765 67235 8149
86613 76387 9047
53027 97973 8193
61700 94300 9157
67521 94479 8313
63200 95800 8638
59857 94143 9191
83272 78728 9285
92522 69478 8390
92393 69607 8420
62595 96405 8148
52516 97484 8523
76037 77963 9704
95247 62753 7746
93908 63092 8366
94834 64166 7889
90404 66596 8881
77143 83857 9486
79664 85336 9075
86901 79099 8408
81717 84283 8854
96349 55651 7567
70727 88273 9510
77176 82824 9539
89771 71229 8881
54304 97696 8375
72334 82666 9721
77699 79301 9641
51859 98141 8010
76055 79945 9682
77876 88124 8417
68624 85376 9708
95466 59534 7991
94556 62444 8227
86105 79895 8559
80325 81675 9383
66596 93404 9114
83160 82840 8803
92635 68365 8474
55276 97724 8279
75399 85601 9476
67966 94034 8781
74554 88446 9248
95289 61711 7950
64794 95206 8743
72843 86157 9564
81526 74474 9510
71955 86045 9602
74836 85164 9533
91915 71085 8379
95934 57066 7834
67856 85144 9723
93140 68860 8172
76023 78977 9698
88873 69127 9028
54074 97926 8007
55435 97565 8407
69965 80035 9775
74393 81607 9697
77863 77137 9659
67656 89344 9534
66143 89857 9534
73277 87723 9432
63693 90307 9531
75208 83792 9594
67180 90820 9430
94201 60799 8317
94646 61354 8221
87726 70274 9126
60843 94157 9187
75716 82284 9641
89949 67051 8928
94442 65558 7877
55752 97248 8574
64875 89125 9599
