20061 18902 16841
18763 19600 17505
16571 17747 19388
21042 17220 16645
17682 20108 16480
19217 19598 17054
18401 20051 15812
20936 17670 17082
18546 19871 16838
16060 18594 19001
19943 19040 16734
20985 17336 16931
19613 17379 18389
20837 17339 17342
17585 18660 18880
17993 19638 18101
20027 18819 17121
17169 15986 19648
17116 20190 16103
17324 20041 16785
20130 17254 18011
16865 14867 19755
18550 19721 17457
17279 18353 19095
18194 17795 19127
19821 18120 17954
19982 18252 17734
17835 20133 15435
19939 19190 16115
17478 15406 19675
17385 16917 19501
20697 18345 16447
19269 19664 16789
19521 18755 17837
17649 19895 17427
17557 16815 19500
20102 18061 17748
20057 19052 16222
18884 16483 19084
17943 15931 19524
17023 16468 19610
18197 15596 19420
17987 18703 18758
19163 17907 18489
18785 19951 15647
16326 16895 19607
16635 15639 19758
18775 17101 19038
17229 19548 18426
19763 17729 18201
20383 17341 17793
19265 19814 16170
19454 16188 18639
17919 17646 19320
20701 18195 17066
20167 16392 18076
