79463 73537 7826
68299 74701 8154
82966 66034 7808
73832 80168 7556
89542 61458 6822
72734 78266 7942
84811 65189 7691
73614 71386 8135
81111 73889 7549
58889 86111 7430
88841 63159 6865
70716 81284 7733
84748 69252 7488
76538 76462 7821
72977 81023 7451
67319 77681 8092
90540 55460 6817
59484 85516 7538
82352 68648 7818
75528 79472 7216
72079 72921 8148
91317 49683 6318
91298 50702 6315
64143 79857 8014
82307 67693 7833
81329 68671 7876
64360 84640 7555
64914 85086 7324
91087 53913 6346
90406 57594 6811
58969 87031 6935
77443 73557 7967
60479 86521 7168
83024 71976 7445
70290 73710 8158
66824 82176 7815
91358 49642 6237
86422 66578 7409
79711 74289 7717
69990 77010 8097
90251 58749 6824
58474 86526 7308
72203 78797 7924
86256 67744 7273
64730 84270 7606
91275 50725 6390
70872 78128 8038
91167 52833 6404
68923 83077 7493
71990 77010 8057
86724 67276 7115
80223 69777 7917
89487 60513 7052
81036 71964 7792
77203 69797 8044
71633 81367 7610
59120 86880 7112
75716 73284 8050
89645 58355 7071
60743 86257 7296
78498 75502 7718
75578 78422 7670
64123 82877 7806
48050 87950 6580
71512 71488 8164
71063 81937 7538
68732 72268 8168
68569 83431 7372
71855 75145 8118
73512 73488 8116
59266 84734 7650
66771 84229 7377
66011 83989 7599
54983 87017 7210
79047 74953 7718
82653 70347 7727
78617 68383 8001
72903 81097 7422
59087 86913 7086
70237 79763 7936
69924 82076 7666
66304 76696 8126
77502 77498 7535
56951 87049 7160
67008 83992 7462
68255 83745 7076
82186 69814 7793
70326 82674 7225
72731 73269 8135
72222 80778 7670
51242 87758 6844
79662 71338 7909
90561 56439 6771
65716 81284 7917
88238 62762 7280
83247 71753 7429
83894 70106 7566
64659 85341 7171
77110 77890 7514
87398 65602 7248
56566 87434 6825
60326 85674 7490
72649 81351 7240
69407 74593 8154
68256 80744 7912
70932 77068 8077
69199 81801 7763
67182 79818 7999
84748 68252 7594
68230 77770 8085
86667 67333 7144
84968 70032 7175
56716 86284 7410
81648 66352 7877
89759 59241 7022
65420 84580 7490
72828 71172 8150
68331 82669 7688
62296 83704 7749
90949 53051 6594
78601 76399 7564
80111 71889 7862
72639 81361 7155
68256 83744 7140
79192 70808 7949
53429 87571 6956
69770 71230 8170
70200 78800 8011
83704 68296 7726
68814 78186 8065
84365 69635 7526
90064 56936 6971
90801 55199 6639
83462 66538 7779
90685 55315 6721
78077 75923 7716
70744 82256 7471
72605 75395 8096
63997 85003 7489
91032 53968 6472
67571 83429 7609
69380 82620 7605
88838 63162 6934
59798 84202 7715
70482 82518 7380
85852 68148 7350
74722 76278 7983
62646 83354 7785
90720 54280 6730
74419 73581 8090
72913 75087 8098
55454 87546 6776
83327 69673 7693
58445 86555 7299
86836 65164 7440
63443 82557 7847
62253 84747 7609
79206 75794 7571
68755 79245 8009
51297 87703 6882
63368 79632 8024
70342 82658 7259
67623 81377 7873
73050 80950 7463
61916 86084 7247
77026 74974 7924
67751 76249 8134
72722 77278 8016
85131 69869 7111
87105 62895 7464
70197 77803 8067
73605 78395 7869
89464 59536 7096
83200 70800 7616
65076 83924 7653
70375 82625 7302
59457 86543 7258
64315 83685 7707
62148 85852 7339
89353 59647 7121
53714 87286 7101
91028 52972 6543
70558 82442 7418
88394 63606 7158
73453 80547 7517
68312 83688 7226
85676 66324 7571
59338 84662 7659
90185 56815 6935
89572 57428 7086
57739 87261 6965
63865 83135 7783
61826 82174 7886
89872 57128 7017
62569 82431 7867
68895 74105 8158
68282 83718 7182
70102 80898 7832
78222 71778 7977
67767 74233 8158
63123 85877 7193
67289 81711 7850
71783 76217 8087
76281 70719 8069
53832 87168 7152
87864 65136 7028
80189 74811 7574
89132 58868 7173
70725 76275 8107
66413 82587 7782
68105 79895 7977
81719 74281 7173
49164 87836 6767
73395 80605 7510
62238 80762 7970
65631 84369 7536
85297 64703 7650
84117 65883 7741
88240 61760 7306
68700 81300 7843
60451 84549 7668
82675 71325 7652
52445 87555 6978
63230 85770 7247
76891 72109 8027
86358 67642 7250
81111 70889 7831
71228 80772 7767
79560 73440 7825
65083 81917 7878
68376 83624 7275
60331 83669 7774
70397 71603 8168
68697 76303 8132
55470 87530 6898
86565 67435 7187
68690 82310 7720
78339 70661 7991
86432 64568 7521
91235 51765 6301
76331 78669 7447
75137 78863 7651
78173 74827 7828
88138 63862 7226
52225 87775 6806
73960 76040 8035
71258 78742 7981
72726 81274 7345
51161 87839 6666
90768 56232 6475
90053 59947 6815
61439 84561 7658
69509 81491 7789
85404 67596 7523
75956 78044 7684
74653 71347 8113
59535 86465 7283
75273 76727 7908
82939 67061 7804
66505 84495 7242
86879 67121 6965
80907 75093 7184
67923 78077 8076
90715 56285 6624
90896 55104 6518
69723 80277 7910
81407 69593 7858
74645 79355 7618
71723 79277 7907
63138 79862 8014
54366 87634 6666
72091 79909 7815
80965 73035 7699
75878 72122 8064
52208 87792 6698
90354 58646 6587
66389 84611 7109
90315 57685 6889
87234 63766 7433
64570 81430 7921
70568 72432 8165
87654 65346 7180
61655 86345 7064
63511 85489 7355
60349 86651 7062
54610 87390 7034
61780 86220 7188
82432 72568 7487
77255 68745 8045
63905 84095 7664
54916 87084 7188
58961 86039 7450
61409 83591 7773
72640 81360 7219
74180 79820 7584
59922 85078 7600
85065 65935 7656
83030 68970 7760
87787 61213 7382
87968 65032 6949
59337 85663 7514
63674 80326 7991
65341 80659 7963
68200 81800 7808
66523 83477 7665
69764 78236 8051
67614 75386 8147
72963 80037 7721
58591 85409 7557
86206 66794 7435
64548 80452 7982
67973 82027 7792
66218 76782 8124
65621 83379 7715
87983 65017 6862
89363 60637 7086
90482 57518 6732
89521 61479 6890
76088 72912 8043
74975 78025 7793
57684 86316 7398
84198 70802 7329
68075 78925 8039
54681 87319 7079
77648 75352 7827
67406 79594 8011
79085 69915 7968
61577 86423 6946
87145 65855 7309
77813 74187 7916
90255 58745 6821
68870 80130 7945
68816 83184 7460
74723 70277 8112
65257 84743 7454
76159 77841 7690
78442 73558 7903
81741 68259 7858
64946 80054 8002
61572 85428 7504
90354 58646 6689
66870 83130 7697
68133 82867 7670
72032 77968 8001
66588 79412 8026
66567 84433 7279
60250 86750 6963
63811 85189 7450
82152 70848 7750
73444 72556 8132
86478 65522 7483
70455 70545 8171
88799 61201 7204
64978 79022 8049
70873 80127 7873
85167 68833 7438
57919 87081 7072
71253 71747 8166
64749 82251 7855
62640 85360 7469
59517 85483 7543
87574 61426 7413
75457 75543 7993
81365 74635 7198
60837 83163 7814
87196 64804 7391
69092 71908 8169
84371 66629 7706
84771 70229 7221
86832 67168 7038
73745 75255 8075
75042 74958 8035
81865 67135 7863
81341 69659 7860
61227 85773 7433
68203 76797 8120
74915 74085 8061
84398 67602 7676
73917 71083 8130
81752 70248 7809
78473 69527 7998
80308 75692 7133
76881 77119 7705
66468 84532 7218
63430 83570 7743
78239 76761 7556
69132 82868 7553
62201 82799 7840
75281 71719 8089
73548 79452 7750
73129 78871 7854
65597 82403 7824
90924 55076 6441
61326 82674 7851
75808 79192 7389
54443 87557 6924
52504 87496 7007
68671 74329 8157
83644 67356 7755
53543 87457 7020
66442 84558 7186
80501 67499 7927
82178 73822 7136
66299 83701 7641
73622 76378 8031
56775 87225 7059
77119 72881 8000
67128 75872 8142
89904 60096 6899
79069 68931 7979
90621 55379 6764
88590 63410 7081
75252 72748 8076
50119 87881 6712
81463 67537 7883
82301 72699 7496
70650 73350 8159
72260 79740 7824
81026 66974 7905
57803 85197 7591
89124 60876 7137
68301 75699 8143
76839 75161 7924
53284 87716 6721
70923 82077 7519
74853 73147 8083
67265 78735 8055
88684 60316 7250
66343 79657 8015
70555 80445 7858
65206 79794 8015
83396 71604 7417
68305 83695 7217
90436 57564 6782
79793 68207 7953
76378 69622 8072
75635 79365 7318
63397 81603 7920
89682 60318 6981
80382 73618 7708
79509 75491 7572
81067 74933 7191
71170 77830 8045
60540 86460 7199
64652 85348 7081
70975 73025 8159
77435 74565 7921
72415 77585 8010
89079 61921 7096
62424 81576 7924
69432 75568 8142
75798 76202 7914
86303 63697 7552
68949 73051 8164
76934 71066 8041
70861 75139 8136
75564 77436 7806
62922 85078 7522
85308 69692 7035
67319 83681 7546
67699 80301 7956
63973 80027 8006
60509 85491 7520
53289 87711 6751
88008 61992 7342
71372 78628 7984
57305 86695 7286
65931 82069 7847
77749 77251 7545
69092 78908 8024
75647 72353 8069
57949 86051 7462
65073 84927 7395
63037 85963 7078
69838 75162 8146
61846 85154 7547
70551 81449 7721
88757 63243 6995
70314 82686 7136
66388 84612 7045
74537 74463 8066
80612 71388 7847
83515 65485 7779
76812 74188 7982
87435 63565 7408
89411 61589 6969
87646 64354 7326
73627 74373 8099
65265 77735 8097
61017 84983 7596
60729 85271 7553
90102 58898 6910
74257 76743 7976
84563 70437 7266
88821 63179 6954
72288 74712 8119
74207 78793 7773
63777 82223 7870
75781 74219 8025
86891 66109 7347
73872 70128 8132
73740 71260 8133
71507 74493 8138
55307 86693 7315
75358 77642 7802
79363 67637 7978
60871 84129 7720
81822 73178 7521
79178 71822 7923
80465 68535 7919
91302 50698 6223
88480 60520 7281
69233 80767 7878
84054 68946 7644
61041 85959 7394
71052 70948 8169
62410 85590 7420
64818 85182 7278
81825 66175 7868
62573 85427 7456
58496 85504 7543
78334 74666 7828
77486 76514 7712
74834 72166 8097
