62810 51190 5647
39760 65240 5416
54620 59380 5935
49509 59491 6091
47940 62060 5955
61997 50003 5792
56414 55586 6020
53712 57288 6075
65619 44381 5099
66211 41789 4990
63100 47900 5699
51026 62974 5372
49352 63648 5397
46782 62218 5953
49104 61896 5931
47829 61171 6024
56099 53901 6057
51841 54159 6154
37334 65666 5095
56789 59211 5660
51840 58160 6098
45762 61238 6034
53722 58278 6037
47093 60907 6049
64505 44495 5517
41755 65245 5390
61511 51489 5807
55056 54944 6076
48061 59939 6089
49471 63529 5509
51285 61715 5868
47472 56528 6179
58307 50693 5996
56571 58429 5853
60650 54350 5778
55627 59373 5846
58064 56936 5852
50499 59501 6069
48578 61422 5996
42789 65211 5290
54290 57710 6044
66567 36433 4877
55706 52294 6082
58391 54609 5948
64461 47539 5438
50367 62633 5742
54406 53594 6108
59887 53113 5889
50897 61103 5958
51980 60020 6002
40882 65118 5454
46602 62398 5937
40478 65522 5226
64258 48742 5301
62657 52343 5490
56621 56379 5994
57466 57534 5854
56480 57520 5945
59128 50872 5963
54612 51388 6109
46153 63847 5692
48434 62566 5873
63761 49239 5535
50905 62095 5824
64155 46845 5553
51944 59056 6054
57384 56616 5931
54756 60244 5816
53858 55142 6105
54457 55543 6086
44242 64758 5483
46108 62892 5888
65027 45973 5326
47735 55265 6191
65195 45805 5128
62720 49280 5735
56077 56923 6004
58008 55992 5920
55175 57825 6014
56794 54206 6027
55409 55591 6055
46604 64396 5409
55168 59832 5838
45355 56645 6183
56306 50694 6066
42731 64269 5688
56962 54038 6023
58902 57098 5656
53889 61111 5701
52240 52760 6154
46454 59546 6115
46249 62751 5905
49916 62084 5878
47748 63252 5751
46929 55071 6197
43998 65002 5210
65489 43511 5327
52903 59097 6023
53330 60670 5901
49361 63639 5427
66557 37443 4804
54170 60830 5752
49354 53646 6186
66557 37443 4863
53369 61631 5519
50140 52860 6180
46729 64271 5506
62141 52859 5620
44656 64344 5633
44028 64972 5304
61382 49618 5835
48463 60537 6052
48309 54691 6190
65195 45805 5192
62525 52475 5537
63872 49128 5494
53662 54338 6118
49825 63175 5634
47512 63488 5709
45278 64722 5343
41564 65436 5185
38347 65653 5025
50974 54026 6168
49402 56598 6162
51013 56987 6134
62273 52727 5593
64938 46062 5358
62460 50540 5743
58803 57197 5682
54181 58819 5994
53672 61328 5642
48074 58926 6133
43693 64307 5675
63623 46377 5644
54662 56338 6065
47957 53043 6199
63013 49987 5665
45220 63780 5752
53074 58926 6026
49601 61399 5969
55210 53790 6086
52787 57213 6100
50497 60503 6013
40567 65433 5301
46210 61790 5993
53108 53892 6132
43183 64817 5528
41076 64924 5525
45572 62428 5943
46715 63285 5794
60681 50319 5879
59573 54427 5875
66526 39474 4983
48413 56587 6172
65741 41259 5278
61194 52806 5803
65747 42253 5264
50267 62733 5724
43392 64608 5610
60569 54431 5781
64766 47234 5290
52966 61034 5875
57710 53290 6004
43956 64044 5730
45689 64311 5590
62155 51845 5731
63501 50499 5428
56293 52707 6062
47008 55992 6189
47912 64088 5406
54048 52952 6120
47543 54457 6196
54528 54472 6099
45170 61830 5990
52374 61626 5831
49385 62615 5806
50831 56169 6150
48657 63343 5672
66051 41949 5145
64436 47564 5447
64190 48810 5344
56246 55754 6024
45320 63680 5770
52227 54773 6143
48675 54325 6189
45947 58053 6163
61039 50961 5852
47999 64001 5461
63522 50478 5410
42535 64465 5651
54650 52350 6108
65278 44722 5327
58946 56054 5840
59033 56967 5604
45647 63353 5823
46098 57902 6165
63168 49832 5641
49809 60191 6051
49827 62173 5870
47895 64105 5382
44566 64434 5611
41304 64696 5597
42063 64937 5514
64088 48912 5399
48676 55324 6184
57155 51845 6037
63529 50471 5390
63716 48284 5594
44220 62780 5910
42269 64731 5588
65610 44390 5178
64893 45107 5432
44106 64894 5405
41651 65349 5301
57341 55659 5976
65273 42727 5379
62554 48446 5760
46815 63185 5812
46642 64358 5451
55970 58030 5950
63204 50796 5560
51986 61014 5921
51351 54649 6158
52084 61916 5769
39365 65635 5101
57609 53391 6007
44290 64710 5508
57763 52237 6017
54045 57955 6042
48221 52779 6198
47343 53657 6200
47341 58659 6144
62833 47167 5731
64229 45771 5557
58540 53460 5961
62115 51885 5736
65410 42590 5349
60885 52115 5842
50288 54712 6174
49874 55126 6175
48304 63696 5594
59749 53251 5895
51646 62354 5675
49551 58449 6129
47106 63894 5621
52435 52565 6151
58623 53377 5958
52560 55440 6129
63538 47462 5644
52862 60138 5964
66135 40865 5130
49384 63616 5454
57556 54444 5992
48799 62201 5906
48443 57557 6155
64662 43338 5496
53187 54813 6124
45266 64734 5199
39394 65606 5177
54393 59607 5932
64766 47234 5241
45517 58483 6150
43898 64102 5718
64276 44724 5551
45351 60649 6063
46555 64445 5330
48776 62224 5904
51320 62680 5578
44588 63412 5836
66055 39945 5183
54662 55338 6083
51374 61626 5876
51115 62885 5464
49520 63480 5532
64665 45335 5484
38473 65527 5237
56041 55959 6027
51345 55655 6148
64293 47707 5488
56334 52666 6061
47375 61625 6002
58423 54577 5947
49285 62715 5788
51681 57319 6117
48410 58590 6137
62953 46047 5719
47622 62378 5926
62964 49036 5709
46778 64222 5529
48208 63792 5563
49504 60496 6040
59969 52031 5909
54717 53283 6102
53297 52703 6135
43041 63959 5745
57819 58181 5705
54630 57370 6045
58879 54121 5931
51211 58789 6085
44729 63271 5853
61392 48608 5837
45838 61162 6038
47249 63751 5654
61441 53559 5695
64591 47409 5384
