91580 67420 8262
87147 74853 8786
85240 80760 8491
70446 86554 9110
66703 89297 8917
62233 94767 7775
83238 79762 8992
65393 93607 8101
71042 84958 9187
76690 88310 8630
94370 62630 7567
93355 64645 7899
83428 81572 8810
91866 70134 7959
72768 85232 9167
84459 76541 9000
81689 82311 8954
93408 66592 7648
63903 91097 8711
91520 68480 8246
82471 76529 9122
56744 95256 7846
85603 74397 8941
84619 81381 8550
73343 90657 8085
78657 87343 8520
56263 95737 7489
55476 95524 7748
67819 91181 8616
94308 60692 7673
83985 81015 8781
70282 84718 9198
78143 87857 8214
84762 78238 8923
91961 67039 8193
77567 85433 9009
64338 93662 8151
94226 63774 7538
81223 78777 9155
72692 89308 8768
60928 95072 7657
67251 89749 8854
79882 82118 9102
74629 87371 8980
66496 90504 8761
60993 93007 8402
59413 93587 8295
83407 75593 9088
94024 64976 7462
91294 71706 7927
88044 74956 8643
75173 85827 9079
58706 94294 8124
76372 83628 9168
73788 90212 8379
63770 94230 7973
64235 90765 8754
92807 68193 7750
94306 63694 7429
65916 93084 8254
75932 88068 8797
72895 90105 8564
66442 91558 8583
71312 91688 8052
86017 78983 8641
76487 77513 9276
79387 86613 8646
62170 94830 7603
90319 72681 8274
84891 74109 8998
55360 95640 7692
58039 93961 8213
81953 79047 9113
93273 63727 7959
80569 80431 9144
86693 75307 8826
56591 95409 7779
77543 87457 8750
88356 76644 8300
54157 95843 7489
91479 71521 7811
63707 94293 7945
90188 69812 8462
68694 89306 8893
89689 72311 8477
77451 76549 9264
90704 72296 8173
87765 77235 8426
81001 84999 8721
68476 92524 8234
70803 84197 9216
94553 62447 7322
84785 75215 8997
89141 72859 8552
84728 77272 8964
77414 86586 8917
76163 87837 8824
62511 92489 8484
77932 79068 9246
85571 79429 8679
63327 90673 8769
73017 88983 8810
61603 91397 8675
78382 83618 9089
60023 93977 8201
76120 84880 9108
79079 86921 8609
93101 66899 7810
91531 71469 7642
77416 78584 9261
74134 79866 9284
87146 76854 8669
73930 88070 8918
67379 90621 8732
67096 91904 8490
73335 90665 8018
92522 64478 8111
70534 81466 9280
62250 91750 8619
79649 86351 8671
79466 76534 9223
71789 82211 9268
87217 78783 8090
92463 68537 7918
60921 95079 7634
79702 85298 8863
92996 65004 8001
59717 95283 7601
73714 84286 9197
58874 95126 7832
88694 71306 8657
78796 84204 9029
73369 90631 8194
60602 93398 8329
94944 60056 7282
54421 95579 7727
72197 90803 8417
71260 91740 7990
73360 88640 8853
89173 75827 8013
84486 79514 8874
80914 78086 9172
95227 56773 7185
71613 91387 8226
75689 87311 8938
72963 88037 8958
76625 87375 8865
58581 95419 7666
80538 78462 9182
62994 93006 8367
63653 90347 8808
67668 91332 8592
58856 94144 8163
95306 56694 7077
74350 80650 9277
75625 86375 9029
88789 76211 8190
83597 80403 8911
63957 94043 8032
71799 79201 9294
71653 87347 9055
91168 71832 7996
70801 88199 8992
63432 93568 8221
75896 77104 9281
80383 82617 9038
72277 82723 9257
79211 81789 9147
68457 91543 8517
68174 92826 8117
95098 57902 7296
57668 94332 8118
84947 80053 8723
65821 92179 8475
66947 93053 8197
77148 86852 8903
75247 78753 9283
79722 78278 9208
60187 93813 8241
68517 92483 8249
74125 89875 8466
90673 72327 8184
68022 89978 8812
82617 81383 8939
78960 84040 9030
66615 91385 8612
90749 72251 8157
77546 80454 9240
74640 81360 9268
88154 71846 8720
83944 74056 9066
74436 85564 9114
91683 70317 8037
71619 80381 9288
67446 89554 8877
86305 79695 8370
82043 80957 9025
79587 78413 9211
91528 70472 8089
81497 79503 9124
71988 84012 9217
78279 81721 9185
55243 95757 7572
56995 95005 7934
83167 74833 9103
71762 90238 8631
89238 73762 8472
94123 61877 7740
85404 79596 8693
87394 74606 8761
90666 73334 7732
86144 71856 8917
83067 75933 9101
78903 83097 9096
72475 87525 9028
90422 73578 7947
57593 95407 7744
58647 95353 7715
73641 87359 9012
58203 93797 8253
91526 71474 7687
62210 94790 7725
91176 66824 8337
75610 89390 8211
78253 75747 9250
74204 88796 8776
77104 87896 8689
76545 79455 9270
78017 84983 9018
92359 68641 7965
95106 58894 7146
54716 95284 7853
64860 94140 7815
72530 83470 9232
92874 68126 7701
79860 79140 9197
94209 61791 7709
69596 89404 8865
85583 73417 8951
86842 72158 8854
55046 94954 7950
75442 81558 9256
73095 77905 9293
58539 95461 7548
84537 77463 8976
87494 73506 8776
69246 87754 9043
94134 62866 7685
92241 64759 8162
86452 73548 8880
77417 82583 9182
87978 77022 8382
90885 71115 8261
52024 95976 7364
71228 83772 9228
68204 91796 8472
61160 94840 7857
52063 95937 7429
86229 79771 8383
86039 74961 8896
73551 90449 8279
54189 95811 7538
70793 85207 9176
63425 91575 8638
90546 73454 7859
92353 66647 8113
77316 79684 9253
69801 90199 8731
70025 86975 9087
73603 80397 9282
81063 77937 9168
77887 82113 9185
91023 71977 8055
71613 82387 9265
93989 64011 7663
70592 87408 9059
77607 79393 9250
93565 63435 7876
59903 95097 7788
74676 78324 9288
88813 74187 8543
78172 86828 8805
75263 82737 9230
90114 71886 8406
94536 62464 7439
95199 57801 7189
78079 80921 9216
81957 78043 9132
73071 89929 8597
58559 93441 8326
86632 78368 8588
65209 93791 8033
80823 81177 9097
66394 93606 7977
79214 84786 8953
90081 73919 8119
63597 94403 7871
69468 92532 7870
89649 74351 8253
71977 78023 9295
76107 78893 9276
86749 79251 8281
59071 93929 8217
93560 66440 7511
82464 79536 9062
69342 91658 8447
55294 95706 7643
56231 95769 7440
84435 81565 8564
92257 65743 8158
71172 87828 9026
87419 71581 8801
93459 66541 7603
78869 86131 8846
74736 87264 8988
77893 77107 9256
53178 95822 7545
95039 57961 7335
60078 94922 7878
91451 69549 8218
80845 79155 9164
60982 95018 7740
78621 86379 8832
91102 69898 8286
58391 94609 8040
68130 87870 9038
71040 90960 8495
70426 89574 8816
60664 94336 8075
82303 74697 9136
62980 91020 8725
92190 65810 8170
94368 61632 7645
71481 84519 9201
81037 84963 8716
86540 77460 8738
59822 94178 8148
69862 91138 8540
82627 83373 8682
91761 68239 8197
81388 75612 9170
81726 80274 9083
67480 88520 8988
61653 92347 8521
60872 94128 8136
70504 88496 8963
88448 72552 8670
56402 95598 7666
95137 56863 7271
68865 92135 8338
75621 77379 9283
56445 94555 8063
74893 84107 9179
92315 69685 7588
84671 80329 8740
72505 89495 8741
81653 84347 8713
70572 90428 8657
73220 86780 9065
83617 81383 8801
91728 67272 8238
93768 65232 7632
93216 64784 7939
78025 79975 9236
94600 61400 7513
83663 78337 9021
94750 59250 7484
71420 82580 9261
64889 93111 8293
94154 61846 7729
60916 93084 8388
88459 71541 8685
80805 83195 8960
90120 68880 8486
70252 83748 9230
64905 94095 7863
93751 64249 7771
68084 90916 8658
74544 89456 8564
74727 88273 8842
89202 71798 8577
71825 88175 8974
64861 92139 8506
75535 87465 8926
92715 67285 7953
82707 77293 9105
83412 77588 9063
88106 70894 8730
80925 77075 9179
87103 75897 8749
79285 77715 9223
85600 72400 8956
64199 91801 8584
72016 87984 8990
58105 94895 7957
74277 81723 9265
80131 79869 9178
77076 79924 9255
88289 74711 8612
64322 92678 8408
73534 87466 9004
92887 67113 7892
87015 78985 8189
89435 75565 7810
57888 95112 7879
70580 91420 8399
70478 91522 8377
70245 87755 9038
92899 66101 7975
95316 55684 7016
54276 95724 7641
73829 90171 8394
61317 94683 7923
87258 76742 8656
69232 90768 8648
89316 75684 7927
84040 71960 9061
77002 84998 9069
75667 81333 9258
62420 93580 8249
79001 79999 9208
89420 70580 8565
94528 60472 7585
92423 65577 8125
92096 69904 7851
70790 90210 8690
57527 95473 7695
86941 72059 8845
83590 79410 8978
93252 65748 7863
86898 76102 8767
89732 73268 8388
58823 95177 7809
85717 80283 8443
71119 86881 9087
74419 88581 8805
78059 75941 9254
73404 89596 8658
73653 82347 9257
59004 94996 7888
95322 54678 6929
78351 82649 9148
78417 79583 9231
80323 84677 8866
95175 57825 7231
91284 70716 8165
94869 60131 7395
87640 74360 8736
56683 95317 7822
94771 61229 7255
86152 72848 8912
95088 58912 7274
83393 82607 8641
62344 94656 7848
74395 82605 9245
78549 78451 9236
91210 69790 8267
87048 74952 8795
66272 90728 8732
86152 76848 8832
79961 80039 9180
70712 80288 9289
65582 93418 8163
62019 93981 8144
89086 75914 8064
67853 92147 8407
92066 68934 8058
60423 94577 7999
72914 86086 9116
61565 94435 8009
57754 95246 7819
94761 60239 7466
90409 73591 7954
58531 95469 7428
83183 78817 9038
70073 85927 9144
66326 93674 7885
69655 92345 8051
61223 94777 7885
76151 88849 8477
77292 77708 9266
82295 78705 9104
57207 94793 7997
82863 81137 8934
89447 71553 8543
75777 80223 9271
89069 69931 8623
71525 91475 8176
59558 94442 8069
70101 91899 8273
54106 95894 7392
87212 77788 8518
75738 88262 8774
59345 94655 8004
88890 75110 8417
78487 77513 9242
87490 76510 8629
72915 90085 8568
87245 78755 8059
73831 79169 9288
83645 74355 9082
70647 89353 8844
55581 95419 7797
94857 59143 7431
88268 75732 8531
62683 94317 8000
74742 89258 8608
84389 72611 9039
71004 88996 8884
92891 64109 8041
72465 88535 8905
90785 70215 8338
71509 88491 8940
66975 91025 8669
77024 78976 9266
76378 76622 9277
90426 71574 8350
65683 91317 8645
88460 73540 8644
58536 95464 7537
91634 66366 8267
92961 68039 7625
91139 68861 8315
92307 67693 8076
68024 92976 8031
66622 92378 8402
78226 87774 8403
59182 93818 8244
92310 69690 7664
92218 69782 7760
79641 84359 8956
76872 82128 9211
68934 91066 8598
75082 86918 9007
76546 82454 9209
91714 70286 8026
71445 88555 8933
91733 66267 8250
75378 80622 9271
76579 80421 9259
93920 63080 7769
59033 92967 8418
70082 79918 9291
87585 75415 8696
63443 92557 8451
85028 78972 8842
73933 89067 8737
65527 90473 8778
89790 74210 8216
87908 72092 8745
73943 87057 9032
71845 91155 8329
74820 87180 8994
90257 70743 8423
75865 89135 8391
74147 88853 8768
65255 93745 8052
66891 92109 8453
79805 84195 8957
66133 92867 8305
73968 83032 9238
82385 82615 8846
95226 57774 7103
65240 92760 8367
62584 93416 8289
63498 94502 7707
90537 72463 8226
59694 95306 7503
67829 93171 7852
59630 93370 8339
93924 62076 7797
66972 89028 8942
70900 91100 8466
61906 93094 8370
94951 60049 7169
64562 93438 8213
63271 93729 8177
76559 86441 8982
81520 83480 8856
58366 94634 8033
87294 78706 7963
61810 94190 8084
77290 83710 9134
59989 95011 7839
53048 95952 7356
63516 94484 7773
65649 90351 8793
86820 75180 8815
76917 83083 9176
72080 81920 9272
78272 79728 9233
74054 84946 9157
78469 85531 8940
91776 69224 8138
87053 73947 8822
65381 89619 8885
90743 68257 8395
85037 75963 8963
75666 89334 8304
67122 92878 8248
73803 88197 8904
93398 65602 7807
75990 78010 9280
74981 85019 9133
73937 81063 9276
80674 81326 9098
80072 85928 8699
69925 92075 8202
80252 76748 9202
88920 71080 8629
69697 92303 8081
63751 93249 8300
74601 79399 9284
67872 93128 7939
83057 81943 8823
81558 76442 9161
51013 95987 7336
84006 78994 8960
84489 73511 9030
84735 76265 8983
72039 90961 8381
66152 89848 8853
76433 88567 8558
92977 68023 7607
76534 87466 8858
78576 80424 9212
70368 87632 9046
57374 95626 7413
70653 78347 9295
71721 89279 8817
73526 86474 9079
90233 72767 8292
82504 80496 9015
68276 88724 8966
75657 89343 8293
62569 91431 8669
64543 90457 8791
66943 90057 8817
68287 92713 8163
65920 90080 8826
93466 65534 7779
60201 92799 8447
92304 68696 7987
90120 72880 8315
81308 83692 8858
86078 75922 8876
81975 84025 8704
75177 87823 8890
65266 91734 8575
69132 86868 9094
93286 66714 7723
93461 62539 7916
75164 88836 8697
75173 77827 9286
80358 85642 8707
69288 89712 8828
82893 77107 9098
84132 74868 9049
71500 87500 9046
73246 81754 9271
75324 79676 9279
79019 78981 9221
94751 61249 7327
56534 95466 7749
83933 75067 9061
69536 92464 7962
59169 94831 7950
86933 71067 8850
65752 93248 8214
87102 72898 8824
70370 90630 8624
60718 92282 8537
67598 92402 8352
75038 87962 8876
62870 94130 8059
88081 73919 8690
79482 80518 9184
76850 85150 9065
75592 89408 8175
68648 90352 8744
93006 67994 7574
80739 82261 9036
89660 69340 8548
76525 81475 9241
69804 88196 9006
70854 90146 8699
57988 95012 7916
94724 61276 7421
93217 65783 7876
62144 91856 8602
