52110 66890 6032
59580 55420 6190
45498 69502 5923
41618 70382 5764
57995 62005 6146
65461 51539 5327
50787 61213 6418
47151 67849 6171
42483 68517 6141
35919 71081 5329
64601 50399 5663
62876 57124 5773
66441 47559 5163
63686 52314 5799
52770 65230 6250
63260 51740 5867
67025 43975 4981
61684 59316 5833
37300 70700 5689
61387 58613 5959
47652 68348 6077
53009 65991 6131
50628 65372 6318
61978 53022 6014
40253 70747 5568
45115 66885 6273
52874 67126 5735
64998 53002 5280
55192 59808 6378
67211 42789 4855
55386 63614 6235
63623 55377 5713
64881 53119 5457
65008 48992 5600
62708 57292 5800
62385 58615 5617
63540 53460 5799
58994 58006 6215
49860 65140 6344
41888 70112 5869
58459 60541 6187
56260 57740 6353
51614 66386 6172
52179 63821 6365
54464 62536 6354
65704 47296 5460
63414 56586 5664
49028 63972 6384
36959 71041 5399
59679 60321 6077
51248 63752 6378
55764 60236 6356
42379 69621 5971
45965 69035 6015
46218 66782 6276
40944 69056 6071
63536 56464 5627
53816 60184 6397
67016 44984 4934
57066 59934 6298
43985 70015 5812
65127 51873 5480
65689 50311 5353
53436 66564 5907
53033 66967 5821
52212 60788 6412
49343 62657 6405
46656 65344 6357
54232 63768 6304
42863 70137 5822
66555 47445 5059
66505 44495 5222
65496 51504 5155
60682 60318 5915
64663 51337 5634
40398 69602 5986
67244 41756 4829
49660 68340 5929
49805 61195 6422
45021 69979 5632
53470 64530 6288
40251 69749 5957
58321 56679 6262
51472 62528 6398
36063 70937 5537
43911 70089 5752
67241 42759 4809
57759 57241 6289
63372 51628 5853
52676 61324 6405
65931 50069 5088
56618 61382 6285
65066 47934 5591
65304 48696 5538
54769 61231 6370
50717 67283 6084
43428 68572 6129
43738 69262 6026
56951 59049 6318
38036 70964 5428
47102 66898 6262
52531 64469 6329
48414 67586 6167
66104 48896 5269
47694 63306 6399
34918 71082 5330
54778 59222 6386
53352 59648 6404
54431 60569 6386
57038 57962 6322
43101 69899 5903
55190 63810 6230
54158 61842 6375
54434 64566 6207
60295 59705 6040
40028 69972 5912
66901 44099 5057
62849 55151 5874
55677 65323 5842
46392 67608 6207
62469 58531 5533
56742 62258 6235
62605 55395 5904
59877 61123 5954
45066 69934 5695
66254 48746 5161
64070 52930 5714
47130 64870 6371
55512 65488 5806
34940 71060 5396
53420 61580 6392
65342 51658 5394
64214 50786 5730
56952 57048 6326
62272 58728 5688
44346 68654 6112
54980 60020 6381
41327 69673 5971
50994 64006 6374
65610 50390 5389
49727 67273 6156
40526 69474 6010
39150 70850 5579
65765 50235 5312
62428 52572 5968
55598 61402 6341
53574 63426 6352
44917 66083 6322
56395 64605 5909
48940 65060 6355
48328 65672 6334
51747 65253 6297
66251 47749 5268
43033 69967 5882
47851 67149 6231
52139 62861 6386
50575 61425 6417
34924 71076 5358
61466 56534 6022
51382 66618 6154
49767 60233 6422
45561 67439 6229
64855 49145 5626
64302 54698 5543
50977 62023 6410
49376 66624 6248
57822 63178 5976
41451 69549 5994
56047 60953 6332
66795 46205 5014
46576 69424 5880
45174 69826 5801
46354 69646 5673
42791 70209 5789
62418 53582 5965
60791 55209 6105
65498 47502 5506
56160 61840 6294
59228 61772 5981
53042 63958 6341
52601 62399 6390
64032 53968 5676
61232 59768 5878
65940 49060 5353
58124 60876 6200
36986 71014 5451
67297 41703 4640
46832 67168 6243
64528 52472 5619
49114 66886 6227
55781 61219 6338
61119 53881 6083
51668 64332 6353
37171 70829 5625
55960 63040 6242
61526 57474 5989
41773 70227 5831
57369 56631 6309
64501 54499 5292
63634 51366 5816
41736 70264 5818
58371 61629 6144
44025 69975 5841
65238 49762 5533
64369 54631 5513
67332 40668 4615
64578 53422 5562
51141 60859 6418
64869 51131 5588
58049 57951 6271
41023 69977 5908
45947 67053 6257
51547 61453 6413
64002 49998 5763
49328 68672 5816
40146 69854 5936
62168 57832 5886
51120 67880 5855
40240 70760 5498
52952 60048 6407
46802 64198 6387
46705 66295 6309
59010 59990 6165
53822 62178 6376
52085 64915 6313
51019 64981 6333
63268 54732 5818
67103 43897 4910
47267 62733 6407
38093 70907 5552
46570 67430 6222
63122 56878 5728
66327 48673 5033
56621 58379 6339
65452 50548 5451
64978 53022 5395
57601 63399 5972
34959 71041 5429
43161 68839 6094
37043 70957 5519
61026 56974 6057
54056 65944 5986
49265 68735 5691
62185 56815 5926
39684 70316 5840
47798 69202 5787
55360 60640 6365
67012 42988 4997
45216 69784 5839
55281 64719 6077
65493 51507 5280
46573 68427 6101
47980 69020 5890
49024 62976 6401
64970 49030 5607
43431 67569 6224
62513 53487 5953
49265 61735 6418
52361 61639 6404
51601 67399 5959
52506 63494 6369
60621 54379 6121
46902 69098 5960
52947 63053 6373
55910 64090 6106
63122 52878 5875
64757 53243 5512
50633 63367 6390
59903 59097 6116
48308 66692 6265
58366 57634 6257
64046 54954 5611
58645 55355 6244
60834 60166 5905
65006 52994 5161
66523 47477 5106
38216 70784 5655
47916 69084 5867
67163 43837 4849
59637 56363 6185
53391 65609 6153
60738 58262 6061
53211 66789 5876
63017 55983 5814
36948 71052 5375
49455 68545 5861
42842 69158 6050
62085 58915 5773
48936 67064 6212
55963 63037 6242
63016 51984 5897
41466 70534 5691
49291 68709 5793
49452 63548 6391
64958 53042 5408
48023 67977 6126
66786 44214 5111
59684 59316 6129
64449 54551 5414
58259 59741 6233
49740 64260 6375
50397 63603 6387
61662 55338 6024
56943 63057 6138
42132 69868 5922
65222 51778 5451
48407 66593 6272
65497 49503 5474
56258 58742 6352
49900 68100 5971
47867 69133 5834
51885 64115 6359
43211 69789 5925
49413 68587 5847
62431 58569 5577
54686 60314 6384
48244 68756 5957
61809 56191 5988
56418 63582 6129
55399 65601 5759
60224 56776 6136
66578 47422 5006
39488 70512 5759
50307 66693 6209
50303 64697 6359
64583 48417 5672
66870 45130 5045
59294 57706 6198
55641 59359 6369
49633 65367 6335
54149 64851 6193
62415 54585 5950
39883 70117 5882
63829 56171 5481
56911 64089 5954
66648 46352 5128
48956 66044 6307
44179 69821 5887
36982 71018 5444
42657 70343 5689
53416 60584 6400
66688 45312 5147
50306 67694 6036
59178 59822 6158
58740 57260 6238
48013 62987 6403
47935 62065 6415
50868 66132 6247
62916 54084 5885
63473 52527 5828
47759 69241 5758
55835 65165 5858
65032 49968 5579
57477 59523 6281
43795 70205 5523
54865 63135 6311
49414 64586 6369
45283 68717 6087
55392 62608 6308
62830 56170 5843
39129 70871 5521
38057 70943 5503
49653 66347 6266
41699 69301 6033
67057 43943 4954
50893 68107 5688
56292 60708 6324
42600 69400 6011
48087 65913 6322
61993 54007 6011
46448 69552 5809
56275 59725 6342
61191 55809 6061
49330 67670 6118
67160 42840 4911
49985 66015 6286
47254 68746 6016
48471 65529 6340
48621 68379 6015
50910 68090 5716
44675 69325 6001
44708 68292 6158
38068 70932 5527
46513 65487 6351
64991 52009 5520
47743 69257 5712
66192 46808 5331
51911 61089 6413
45870 68130 6162
42307 68693 6119
51702 60298 6417
