23701 22299 2293
18056 27944 2237
16650 28350 2271
15986 29014 2131
24030 21970 2204
15817 29183 2051
23912 19088 2429
24871 20129 2189
17518 28482 2128
19964 26036 2382
20411 23589 2513
16287 28713 2209
18572 27428 2298
14909 29091 2128
23861 20139 2423
22004 19996 2507
25352 18648 2184
20987 24013 2464
13693 29307 2025
13673 29327 1942
23374 20626 2456
23028 21972 2428
18636 26364 2425
22559 23441 2372
22281 20719 2497
22651 21349 2479
24533 19467 2360
17684 28316 2173
20582 25418 2399
22575 19425 2488
20243 24757 2461
14812 29188 2100
19208 26792 2340
24095 20905 2337
17054 27946 2312
23244 21756 2413
25440 18560 2120
24777 20223 2234
21865 25135 2156
25073 18927 2269
14724 29276 1993
19905 22095 2537
21491 24509 2394
18904 24096 2512
21754 20246 2514
25785 16215 1990
22436 24564 2166
22388 22612 2447
20039 24961 2459
25015 19985 2036
24526 20474 2281
20266 22734 2532
20317 20683 2536
17882 28118 2208
19334 24666 2492
15302 28698 2217
20833 26167 2235
20584 24416 2464
24486 18514 2387
20439 26561 2207
18683 25317 2473
19255 24745 2490
21595 23405 2460
22343 24657 2237
24823 18177 2342
22905 20095 2476
25318 17682 2242
20125 21875 2536
18709 25291 2474
24228 21772 2118
25497 18503 2076
21155 22845 2516
25692 17308 2114
20665 21335 2530
24989 20011 2090
25770 17230 2034
20427 21573 2533
22553 21447 2482
