80964 92159 90116
75669 95340 81892
87378 83293 94147
81500 94280 82636
77582 88750 95090
92282 81001 88318
94242 82240 81277
88166 90322 86276
83616 91847 88881
78126 88012 95625
79408 94789 82923
94334 82527 79842
78929 92478 89953
76954 95611 80185
91680 81221 89385
87611 83830 93851
90253 87273 87944
88635 82523 93157
89579 89202 85626
77970 94482 84908
89211 90161 82343
83154 85099 95873
86485 88682 91997
84377 86225 95054
84314 87377 94496
89760 87683 88469
93945 82287 82694
80352 83312 97068
80921 93398 86868
91559 87505 81153
93032 85211 80128
88055 84185 93397
92962 83367 85468
81266 84896 96447
90560 88534 83468
89797 89575 81168
73815 96008 76768
91628 86934 84187
77346 85609 96807
75144 95672 80033
92579 82255 87331
90218 84520 90787
75711 79016 98445
90370 88971 81749
81470 90228 93011
92432 81893 87832
82517 94079 81039
79269 83688 97155
75731 95627 80267
79322 82169 97486
82269 94149 81468
92153 86425 82842
75470 95754 79375
82116 89045 93983
84102 92940 84878
89215 88088 88983
74547 77038 98589
92075 82983 88124
87781 91088 84649
81804 92029 89954
84062 93345 82933
76858 80160 98203
94570 80834 81268
77029 82014 97824
83541 93674 81000
93574 83480 82785
84643 85581 95194
89272 85420 91795
81082 85386 96356
86651 91734 84824
79803 94473 83938
80095 94994 79707
93040 82994 85602
93332 80512 86181
87949 81695 93848
86719 88238 92246
84704 91207 89300
90075 84380 91118
94568 79580 82137
82034 80486 97093
95405 76116 77700
87803 83914 93671
90165 86405 89245
89853 83806 91603
77074 83069 97565
92590 82637 87114
83669 93109 84959
82011 85296 96164
80616 94499 82977
81463 89711 93568
91902 86920 82047
83478 91059 90885
77201 95775 78120
88937 90404 83153
88188 84419 93215
86595 91897 84056
85966 86360 94196
80461 92236 90111
76349 95431 81333
78822 80026 97978
95380 77393 77425
85190 91714 87370
78598 94631 84040
75131 95950 77520
88121 89511 88334
89233 88890 87382
90741 81043 90775
85394 91421 87938
77551 84517 97146
81915 94348 80184
79879 93794 86260
78723 85788 96647
80076 91496 91587
83208 88011 94447
93879 81214 84030
80679 80122 97541
84625 91719 88074
95405 76550 77589
95546 75252 75530
93825 79229 85116
75843 93919 86824
89583 89520 84584
86915 84217 94324
85356 80680 95609
76802 86158 96592
77929 83887 97280
87119 86234 93445
85654 91138 88404
91752 86652 84481
81632 94062 83779
86231 88617 92279
85997 89061 92030
91345 84217 88870
95482 77058 75008
86063 81294 95209
77497 95676 79560
82795 85723 95788
88055 87811 91340
95296 76819 78530
78351 78250 98181
79932 89653 94010
82546 80302 96936
85195 89091 92547
76299 93169 88687
80273 94757 81813
79108 88640 95045
82784 91528 90441
88128 85439 92992
74729 95711 79792
84735 91937 87329
89115 87470 90109
84496 92183 86926
85188 81865 95672
85366 81117 95602
87441 87836 92030
83199 79860 96688
95562 75268 74845
90947 82684 90333
90639 86601 87938
78117 93428 87884
81750 91624 90852
80496 93972 85304
77849 86956 96260
86960 90571 87796
85957 92203 84380
95101 78762 79591
86516 86925 93465
79528 84529 96891
75098 79839 98314
90607 85391 89362
87124 84496 94116
83969 82466 96162
89787 82210 91941
82101 86707 95669
94407 77658 83355
85677 87563 93578
89617 89736 82526
93260 84212 83022
85877 92070 85175
74264 96049 75582
84343 91097 89938
94741 78327 81952
94185 81239 82725
76512 78620 98395
91144 85868 87556
77786 92942 89105
92217 86166 83545
91854 82576 88799
86033 83122 95099
82257 91255 91274
95111 77362 79873
78353 79202 98163
90970 88273 81795
93381 84351 82002
81192 91616 91137
91419 86601 85676
85228 89338 92271
76885 79539 98300
80453 86348 96167
91933 82225 88745
94326 82620 78348
77552 79598 98213
82549 84254 96287
84846 89845 91921
89677 82858 92051
77360 91133 92283
90083 85933 89942
81161 92471 89251
88648 90674 82657
83417 93482 83590
76282 82140 97852
95167 78980 78677
92916 85405 80523
76075 95892 77994
81391 81049 97222
83553 88775 93696
90181 88508 85736
79981 79227 97828
86593 89443 90912
84853 93011 82196
94202 82907 79693
86559 91869 84367
84680 88892 93030
82187 91859 90089
88933 90255 84011
81413 92371 89367
86086 82089 95147
77744 95144 82499
95433 77606 76024
95354 78250 75130
90614 88587 82697
78512 92902 89057
81869 83758 96602
85190 92838 81425
93829 83202 82034
80676 78650 97651
89417 89956 81580
81587 90858 92290
87417 91183 85379
76931 84460 97223
89176 88771 87778
90701 88263 84023
81213 80254 97374
93263 84765 80889
93427 81992 85108
90332 83283 91088
94023 79751 84220
91010 83856 89831
78857 94983 82487
84644 90783 90353
90709 83100 90600
93554 84280 79553
88569 90010 86200
90953 84561 89409
75865 94348 85664
92826 79705 87408
86177 83597 94955
85792 87201 93762
76507 83864 97425
91873 84746 86974
95425 77430 76649
79275 86925 96137
78736 91087 92332
93757 80258 84950
87886 90242 87049
82708 93765 83446
84265 93331 80795
90650 88152 85049
85855 84903 94805
84412 91601 88661
92495 86029 81648
78783 91439 91786
89412 83206 92251
84942 92386 85616
90011 88386 86533
94573 82017 79122
82557 87956 94717
80246 86476 96162
92253 81376 88297
88513 85894 92384
78146 86501 96443
82725 84387 96204
82257 82500 96773
93490 82406 84453
86021 91457 86953
77653 93344 88149
90273 85443 90011
94349 82314 80511
84065 89417 92849
84290 81055 96142
89903 81873 91810
76311 81659 97962
85761 88958 92294
76854 94715 84505
81902 93226 86554
93578 82036 84490
87364 91604 82173
78287 95209 81874
84584 92209 86722
90628 86251 88384
79238 90122 93566
79592 86045 96414
92283 82727 87780
84055 80489 96290
83103 89403 93282
94785 77144 81807
90617 86223 88443
85141 82916 95617
73104 95935 77766
87260 89015 90761
88963 90092 84630
85926 85373 94636
90110 84394 91055
76202 84291 97299
75586 81398 98025
79833 94679 83021
95531 76062 75699
83718 82854 96193
92695 84801 84547
78930 85660 96652
93936 81550 83505
86719 81739 94768
79250 87705 95720
85761 91740 86487
83718 92070 88217
80999 87403 95564
76904 94168 86144
78222 82890 97487
85567 90875 89119
79209 91496 91674
91062 85753 87927
88722 89262 87754
85246 89911 91575
77977 87262 96118
74138 78241 98522
93088 84876 82267
79321 95135 81076
85884 87206 93698
76849 84706 97153
84258 90518 91271
78314 94918 83112
88778 90372 84196
92282 85758 84287
72806 96057 75481
76239 93719 87331
80869 94721 80270
94513 80498 81793
81493 93957 84388
89379 87177 89995
73847 77342 98579
82976 79038 96808
95558 75912 74981
83881 93470 82375
86536 87948 92688
84572 85111 95363
86225 91164 87521
95451 77418 75973
79794 83885 97031
85467 83578 95335
87257 84917 93910
83865 84874 95712
74159 96039 76030
78190 80165 98064
79123 79264 98016
78573 83820 97217
88058 91135 82617
78562 78064 98149
89818 88099 87587
92850 79215 87397
77377 77739 98323
87555 90783 86209
92183 86613 81158
75927 77249 98493
95402 77762 76630
93449 81593 85263
80585 81289 97426
84966 92905 83166
90454 81579 91149
91409 83895 88994
91332 83907 89142
77393 95754 76872
91958 81487 88843
88351 89643 87593
88915 86919 91118
90626 87924 85662
92332 82264 87908
94216 80545 83210
93351 84648 79900
79210 93016 88658
90938 86952 86555
80775 88755 94624
91568 80657 89612
80237 90559 92900
91624 85316 86970
75784 95593 80488
88688 86225 92022
82325 87547 95085
85977 83929 94992
89128 88597 88229
91427 86442 85924
95181 79402 76792
80123 81773 97436
91902 86126 84932
93190 84598 82598
83519 79647 96557
94285 77925 83782
85213 86903 94341
95047 79419 79447
95071 80050 76902
82600 92951 86769
77681 82513 97636
80540 80814 97501
80828 88201 95068
77766 95311 81708
95292 78139 77934
89913 85074 90952
87835 90863 85436
94455 81396 81268
92573 79333 87928
91621 87153 83149
74106 96030 76353
88212 90906 84112
79334 79078 97984
89745 86776 89744
79510 80462 97805
93953 83303 80888
79609 93781 86463
77377 94801 83987
78183 93929 86524
80746 94125 84604
95250 78883 77441
86975 88936 91262
80854 86817 95885
87642 88508 91111
91734 83513 88551
81954 94104 82858
88326 90529 85224
90681 87331 86614
87571 87004 92605
76162 76939 98475
77620 89153 94671
81768 89873 93314
89033 83800 92506
90940 84251 89681
88867 82212 92924
89997 87542 88161
76684 83297 97547
79590 94355 84525
93986 83422 79420
72964 96076 74710
93839 78937 85145
91650 85832 86196
74866 83854 97456
77567 95718 77184
72972 76035 98623
93121 84422 83306
91193 82628 89965
80422 89826 93710
77950 89739 94024
79122 93492 87417
75694 84692 97163
89177 84516 92182
87725 84418 93634
77997 91924 91056
80286 80261 97639
82346 78595 97099
76462 82809 97684
85067 92209 86043
88362 81562 93463
90933 83868 89979
86981 83463 94414
92030 80130 88905
92971 84948 82855
91302 83628 89394
83160 81081 96624
83205 93831 80834
92398 79921 88229
75775 83550 97554
86720 85426 94134
89744 81536 92010
91197 87680 83685
86013 92379 81251
82008 83114 96727
94922 78143 80925
95553 75418 75292
85568 92571 83153
82458 79400 97015
84938 80565 95828
78703 94164 85684
79980 78134 97851
87067 91768 82521
92976 80929 86935
81254 83923 96707
93442 79864 86071
95238 78796 77790
95304 78226 77585
90486 81939 91080
80628 82719 97142
81422 91543 91191
77403 94624 84619
89488 86754 90312
92545 85327 84096
92487 86122 80154
92034 83115 88146
80354 90378 93088
75483 79506 98374
80646 94840 77753
83273 90220 92401
94663 81588 79128
89855 88470 86808
84243 82106 96087
90887 87329 85983
82851 93976 79898
94815 78730 81278
93172 81564 86201
75392 96002 76524
82563 87451 95066
83365 92837 86248
78382 95545 77386
83931 92188 87630
86469 90360 89076
80362 91825 90990
87729 86299 92910
78051 95590 78880
87144 91659 83365
87289 87405 92543
89105 89548 86102
78438 89237 94553
77765 84967 96993
77498 92712 89608
82446 92726 87670
91096 86633 86663
90370 88804 83183
85480 79917 95543
92421 85997 82793
88140 87270 91820
90432 85697 89438
93428 79032 86175
84397 92923 84344
87862 86377 92753
77639 88652 95162
81657 80021 97254
94436 78191 83164
91996 80825 88877
86742 82534 94706
85763 92268 84554
90167 88468 85884
78868 90603 92999
87364 91443 84085
76204 95961 76642
95331 77303 78193
80233 93193 87872
83527 89698 92815
86137 91138 87725
92229 86526 81253
92318 86038 83373
92787 79495 87513
82902 93907 81547
82849 93416 84904
92577 85978 79372
94838 80047 80316
86232 85716 94336
85500 90055 91014
90811 84610 89670
82115 93344 85967
80473 91858 90905
94973 80410 77693
90866 85199 88981
81223 94468 81888
86722 84710 94376
89770 89502 83137
88254 89801 87399
76526 93639 87527
77892 85229 96898
95059 76767 80258
89197 89709 85276
90170 86957 88625
89960 85460 90570
84776 93065 80568
75625 77749 98507
95464 77125 76314
90183 88822 84630
86732 91350 86138
83129 93786 82208
95201 76290 79271
87592 89932 88325
94937 80067 79557
83682 83978 96018
95403 77844 75799
81794 94298 81651
76094 95791 78905
91134 87588 84585
93118 84853 82066
92587 80165 87824
91531 81351 89622
88369 88057 90566
80184 88270 95169
85812 88224 92985
80812 78140 97623
75358 93741 87283
84782 87626 94083
84474 90334 91436
77874 89826 93932
77939 80796 98002
84917 88287 93490
93955 80435 84192
82347 94171 80515
86670 91912 83641
82233 92608 88257
76627 95888 76563
78933 95374 78137
92951 83762 85025
81264 83145 96903
84995 91654 87795
80522 92411 89680
85842 90376 89908
82367 86063 95809
78694 95457 76258
93195 79873 86648
94878 76951 81285
75036 81888 97941
95139 79525 78054
80950 94720 79914
77440 92325 90355
91066 82010 90308
76072 85269 96960
88637 83179 93059
94668 77216 82395
78450 81524 97767
92041 83423 87885
87153 80257 94503
88796 88289 89536
90410 87889 86364
93857 82657 82657
84076 90002 92242
87190 83742 94206
78211 90426 93233
93990 79203 84527
86871 83588 94471
77066 94487 85190
85450 91431 87836
87672 82615 94042
95191 78470 78939
86494 91965 83974
88422 86869 91882
76018 80731 98143
95519 75541 76159
76237 95085 82996
81603 78643 97386
81946 87043 95526
91448 87700 80703
89529 81362 92252
86925 90341 88433
92410 84316 86027
91735 81585 89237
91656 83886 88417
92905 83031 85993
82357 93776 83988
77658 78398 98286
80739 94296 83800
89485 85719 91205
81344 85997 96087
77988 90262 93436
86336 89075 91719
92809 85092 83389
92356 83817 86764
94427 81941 80645
78307 84464 97077
93722 83931 80553
88522 90256 85537
78348 92322 90314
86449 92125 82219
80175 95016 78288
82856 92223 88677
73959 96023 76554
86765 90106 89193
82121 90283 92741
74121 95895 78115
90797 84901 89431
87385 85590 93585
90722 86917 87257
84327 88482 93603
82273 87788 94943
78137 94161 85871
83229 90790 91577
79147 86619 96279
