55708 70292 6233
56024 68976 6625
58992 69008 6349
69295 61705 6495
73379 55621 6371
72060 55940 6560
64091 64909 6695
67946 63054 6496
53115 63885 7053
60863 68137 6334
57759 69241 6454
48993 72007 6026
52274 67726 6839
60586 67414 6630
51209 68791 6731
54199 70801 6152
52552 66448 6933
47796 72204 5992
69624 58376 6721
76447 49553 5918
56073 66927 6873
73107 53893 6468
51862 70138 6550
62504 63496 6919
57595 61405 7099
74447 55553 6004
57465 68535 6646
57222 69778 6240
47503 71497 6302
77301 45699 5481
43436 72564 5887
65348 61652 6868
77304 45696 5455
76145 48855 5996
55506 61494 7101
55473 70527 6068
52109 70891 6336
62461 64539 6851
53087 70913 6249
50272 71728 6060
61162 63838 6957
51540 71460 6073
52860 68140 6795
53423 69577 6613
72883 56117 6441
73021 57979 6018
55452 65548 6976
65068 62932 6812
57674 68326 6670
76914 49086 5767
72726 58274 6163
49731 71269 6335
56184 63816 7047
61478 65522 6823
76817 49183 5808
66012 61988 6804
71169 57831 6599
77356 43644 5271
69915 59085 6659
75179 51821 6166
55385 66615 6904
74374 52626 6297
45995 72005 6167
73101 57899 5909
60786 63214 6997
70407 57593 6684
51424 71576 5977
63521 62479 6926
63737 59263 7012
65316 60684 6912
73399 56601 6269
49493 71507 6257
75166 53834 5997
65674 62326 6807
57018 67982 6748
62934 67066 6374
59398 60602 7094
64812 60188 6952
62890 63110 6922
71687 55313 6606
60694 68306 6258
57891 67109 6816
58578 68422 6607
59451 67549 6699
51048 70952 6383
52147 70853 6348
77271 46729 5490
65934 64066 6628
52780 65220 7003
75716 52284 5994
54187 65813 6969
65634 63366 6727
54804 64196 7038
56027 64973 7003
54249 70751 6184
57986 62014 7087
59829 67171 6725
69046 62954 6210
66664 60336 6845
75100 53900 6026
57117 69883 6096
51635 71365 6140
76964 48036 5775
58842 60158 7104
77207 46793 5638
52863 71137 6123
67506 62494 6631
54663 63337 7067
55964 60036 7114
54755 62245 7091
62143 59857 7054
60691 67309 6639
61106 59894 7075
54012 70988 5965
54683 67317 6859
64793 65207 6566
50183 71817 5975
63802 64198 6791
74199 53801 6297
76517 50483 5720
48978 72022 6000
62097 66903 6565
62937 66063 6638
76808 48192 5845
61937 62063 7006
66306 64694 6430
60331 67669 6606
46595 72405 5851
73976 53024 6356
54047 67953 6804
66240 59760 6891
57157 69843 6174
58960 69040 6323
56927 61073 7105
61511 62489 7005
67658 58342 6851
47772 71228 6365
53161 70839 6282
59487 66513 6818
61668 63332 6962
49041 71959 6057
58899 67101 6780
55815 67185 6855
71554 56446 6604
57725 66275 6894
64377 61623 6927
66235 61765 6802
50562 70438 6514
67158 57842 6886
58399 63601 7042
62208 65792 6751
64547 60453 6956
48952 72048 5930
69336 60664 6616
57303 64697 7000
47958 72042 6104
54567 65433 6987
55017 69983 6478
74352 54648 6211
57254 69746 6266
66836 59164 6876
57944 69056 6500
56978 60022 7112
59912 63088 7028
68636 58364 6792
70778 59222 6562
52338 70662 6405
74214 51786 6328
50318 71682 6092
44557 72443 6028
50208 71792 6004
75102 52898 6133
45960 72040 6157
72880 55120 6474
63858 63142 6871
45618 72382 6033
71022 56978 6643
45489 72511 5897
52848 71152 6112
64144 61856 6928
56670 68330 6715
64740 59260 6980
75387 52613 6076
57392 69608 6346
59206 65794 6901
60090 64910 6930
57726 68274 6675
68443 60557 6703
54926 69074 6649
54333 64667 7023
73082 57918 5980
51931 71069 6278
58713 66287 6874
75554 51446 6097
51813 71187 6238
59741 61259 7080
69253 59747 6680
48070 71930 6150
67837 60163 6770
45540 72460 5972
61083 60917 7064
67787 58213 6846
70374 59626 6583
60579 65421 6877
63066 63934 6864
58654 67346 6761
57582 69418 6403
65528 59472 6941
70369 56631 6705
52760 71240 6046
54979 70021 6466
61562 64438 6905
75999 52001 5790
48557 71443 6310
66656 64344 6445
56819 69181 6556
55140 60860 7108
50426 70574 6488
66970 61030 6793
69412 59588 6675
56881 64119 7032
75916 52084 5919
56245 69755 6443
74834 54166 6108
65211 65789 6344
52995 67005 6891
69579 57421 6749
64661 63339 6808
72896 55104 6472
72687 58313 6179
73334 54666 6417
73860 55140 6302
57179 65821 6935
61526 59474 7069
54521 70479 6317
60596 59404 7084
52508 69492 6640
74113 55887 6105
59504 60496 7094
63545 65455 6672
64663 59337 6982
59980 64020 6984
75606 50394 6102
59075 60925 7093
64362 64638 6706
75033 53967 6051
58833 69167 6171
63455 66545 6453
54012 66988 6889
64013 59987 6992
55741 68259 6748
50182 71818 5934
69560 57440 6750
51063 67937 6820
77145 47855 5683
72065 57935 6455
52252 68748 6731
75072 50928 6192
67543 61457 6725
52243 64757 7021
69012 56988 6786
68886 61114 6620
54156 70844 6123
47876 72124 6060
50983 70017 6583
62167 60833 7034
44486 72514 5990
59023 64977 6952
65551 58449 6952
72985 57015 6337
46598 72402 5882
66743 60257 6843
65791 65209 6397
73225 56775 6305
71057 59943 6441
68887 63113 6155
61025 67975 6397
77295 45705 5506
44405 72595 5782
49847 70153 6569
66440 58560 6915
48462 71538 6282
62960 60040 7027
70452 58548 6638
63942 66058 6505
65176 61824 6871
52705 71295 5918
60755 66245 6786
59870 68130 6560
64496 58504 6994
57057 66943 6856
72230 58770 6274
76183 49817 5984
56020 65980 6941
75987 52013 5868
71646 57354 6566
57672 65328 6962
57096 69904 5979
51994 68006 6811
55922 70078 6349
57284 69716 6284
49948 71052 6393
64773 62227 6873
68438 63562 6176
75334 53666 5913
53092 68908 6706
69520 60480 6614
60645 68355 6219
61191 61809 7039
57232 66768 6867
49061 70939 6432
76219 50781 5933
49315 71685 6189
50879 71121 6332
53740 68260 6777
61518 67482 6507
58828 69172 6138
68221 60779 6709
74672 53328 6218
60953 67047 6660
60267 59733 7088
60127 66873 6745
55801 70199 6294
71849 57151 6551
75831 51169 6040
73028 57972 6014
68568 57432 6808
70135 60865 6482
60128 60872 7082
71201 58799 6537
66055 62945 6731
50763 70237 6547
54265 66735 6906
64993 66007 6217
62609 67391 6225
68993 57007 6787
42398 72602 5740
77159 47841 5624
62550 62450 6970
62600 67400 6206
72304 54696 6547
73605 56395 6225
54075 69925 6529
76346 50654 5877
56439 69561 6491
51608 69392 6658
59306 67694 6685
63411 66589 6448
58307 64693 6984
59969 62031 7059
65994 60006 6897
76437 48563 5932
63172 60828 7004
62639 66361 6618
74386 55614 6036
50496 71504 6190
67616 63384 6486
54362 68638 6721
55522 70478 6107
