34241 47984 40563
36071 45315 42461
31212 47908 42418
34871 44509 43813
32608 45672 43861
37998 42299 40759
33505 47034 42884
36620 44932 41283
39564 36495 35646
32141 48986 39693
38730 40761 37604
33073 42272 44728
30710 49274 38870
35947 45312 42682
33945 46761 42986
32728 48560 41456
39496 36922 36923
34666 45553 43523
32720 47647 42567
34250 46230 43325
34918 47062 41289
37321 43547 41489
38375 40780 40450
37330 43354 41731
37016 43338 42407
31904 48288 42075
37076 42390 42541
37555 43565 39870
31684 43769 44608
31676 47143 43049
32515 46609 43451
39158 39348 36998
36183 43650 43132
32945 46519 43420
36100 42644 43358
32035 40749 44948
37815 42471 41136
35421 43751 43716
36134 42152 43353
36418 44470 42696
32021 47926 42388
38626 39872 39921
38312 41877 38455
33153 47123 42909
32867 48589 41018
29287 49404 37976
35067 43977 43879
33217 47747 42202
38692 40334 39524
32323 45215 44084
36708 44486 42369
34430 44806 43971
38900 40089 38662
35318 43215 43938
38413 41337 39921
36853 44731 40482
39620 35614 34689
35291 46123 42646
38913 39852 38769
31370 43051 44825
39233 38930 37519
36860 44780 39660
34555 42861 44262
31884 41295 44947
38326 41332 40374
34599 46515 42868
31022 44254 44444
31115 49232 38724
33136 48122 41776
32323 48602 41602
38486 40357 40227
39608 35687 35156
31124 48984 40530
37648 41217 41937
39354 38418 37494
31567 49127 39581
33291 47604 42335
33125 47605 42421
34901 43964 43985
30322 49099 40246
38260 40870 40771
33790 47279 42427
33103 43161 44598
35210 45792 43143
35913 43164 43463
38792 40580 38018
33861 44354 44217
39288 37956 37891
31134 48738 41343
30214 39708 45250
35021 47176 40378
29739 49299 38833
31162 49169 39727
32876 44245 44378
39551 36358 36064
34966 42245 44104
35967 45787 41862
33183 40681 44697
32828 47956 42158
36775 43072 42764
32313 48848 40789
37138 44238 40753
30851 38879 45158
31315 42162 44986
37817 42215 41318
38826 39847 39222
37118 44317 40488
38779 40339 39071
38309 40318 40847
33371 48563 39633
35847 44963 43051
35783 46374 40673
39633 35293 34039
38760 39385 39619
33523 46599 43239
39494 37961 36048
34513 42087 44302
38254 41899 39563
34175 45072 44000
33099 48324 41528
30369 49322 38021
30130 40575 45162
38717 40782 38273
30873 49299 37417
34464 47322 41850
39481 37824 36466
31421 48844 40974
38305 41828 39277
