42522 43478 4865
44151 48849 4510
43535 44465 4815
40279 51721 4525
41561 51439 4225
48164 44836 4142
50320 34680 4286
43161 48839 4635
36344 46656 4908
49413 38587 4402
49066 39934 4427
47558 44442 4435
47132 36868 4644
51114 36886 3913
49065 40935 4403
37248 51752 4648
41194 43806 4898
37778 49222 4811
32998 54002 4379
37456 51544 4661
49659 39341 4347
46865 44135 4564
46338 41662 4681
43320 42680 4847
38826 47174 4882
51863 30137 3736
37393 53607 4217
34884 54116 4297
47242 40758 4623
40588 48412 4793
49836 41164 4009
49967 36033 4342
46714 46286 4402
43903 48097 4649
37768 46232 4913
41353 44647 4887
41979 46021 4846
42361 39639 4889
50023 39977 4210
51689 32311 3899
40889 48111 4799
40588 47412 4844
50696 35304 4213
43996 44004 4805
42217 42783 4882
32518 54482 4032
48774 37226 4497
37653 47347 4884
38542 48458 4836
32617 53383 4507
33932 52068 4648
50959 35041 4152
49145 42855 4113
50450 36550 4254
41356 50644 4590
35048 53952 4372
42871 41129 4870
32916 54084 4355
47198 45802 4349
43093 41907 4860
50695 34305 4221
41587 44413 4884
51104 36896 3987
47742 43258 4492
34528 50472 4770
45132 43868 4728
35231 53769 4412
37406 53594 4306
33974 50026 4792
42705 46295 4808
32151 53849 4417
40210 49790 4726
50393 39607 3987
49411 39589 4388
34689 53311 4516
48702 43298 4261
39334 52666 4437
51875 30125 3651
51771 32229 3794
51225 35775 4011
37655 53345 4391
39697 46303 4889
49799 40201 4290
36138 46862 4904
50448 37552 4240
44287 41713 4816
49838 41162 3949
36588 44412 4939
35974 45026 4935
34614 53386 4503
49315 38685 4414
42083 40917 4896
40710 44290 4902
41809 42191 4897
47432 41568 4595
43453 48547 4641
51318 35682 3903
51593 33407 3908
49021 37979 4459
39388 42612 4931
36737 48263 4863
50094 39906 4180
37479 41521 4946
34849 54151 4274
50738 38262 4061
36102 53898 4318
39910 44090 4918
43146 46854 4760
51386 34614 4010
49166 42834 4037
47685 38315 4602
36703 42297 4947
45819 40181 4733
49363 40637 4358
50289 38711 4224
46041 43959 4657
50410 37590 4248
48608 43392 4281
43532 40468 4850
47854 40146 4579
43173 45827 4802
50846 38154 3930
45316 46684 4611
47612 42388 4556
47601 37399 4609
32897 53103 4546
33752 54248 4287
44611 42389 4798
50582 38418 4124
38476 52524 4525
46453 45547 4530
46993 41007 4639
33328 53672 4460
36846 50154 4772
44726 40274 4806
37173 43827 4940
38741 49259 4797
36730 46270 4915
50801 38199 3993
37818 52182 4591
41528 48472 4754
51818 30182 3799
51518 33482 3985
46490 44510 4593
47082 43918 4547
46746 40254 4668
37063 52937 4533
49692 37308 4374
34603 51397 4706
51891 29109 3604
30419 54581 4045
41255 48745 4750
41214 47786 4803
40364 45636 4891
36163 49837 4801
41777 43223 4890
45489 47511 4483
47918 37082 4584
36055 52945 4554
50350 39650 4055
45861 45139 4632
35557 53443 4477
40945 51055 4566
37469 44531 4935
36306 53694 4387
34514 53486 4485
45381 39619 4764
45912 47088 4457
35537 51463 4701
36028 53972 4252
41626 51374 4279
38054 43946 4936
51276 33724 4087
46756 39244 4671
47977 45023 4221
43714 41286 4842
39126 40874 4937
42947 50053 4460
37824 43176 4941
50412 36588 4262
40763 45237 4891
51832 31168 3761
48210 44790 4105
48942 43058 4202
49427 41573 4255
49910 38090 4332
43061 39939 4866
46323 43677 4643
36067 53933 4295
36284 50716 4745
49820 41180 4046
51013 35987 4105
45553 42447 4728
49526 37474 4396
42254 47746 4760
45631 38369 4749
50699 36301 4198
40108 44892 4906
35326 43674 4943
47368 38632 4627
41990 51010 4371
42265 49735 4615
37798 53202 4423
43623 46377 4752
40405 48595 4789
46106 45894 4555
49612 35388 4390
50794 37206 4143
47637 45363 4291
33679 54321 4240
40438 42562 4920
36702 53298 4466
51804 32196 3740
39446 50554 4701
40727 50273 4674
39113 52887 4387
35784 52216 4629
43774 46226 4749
49806 36194 4365
50478 34522 4260
36171 53829 4346
41880 49120 4702
32529 54471 4102
50847 36153 4159
47934 41066 4547
45392 45608 4653
34281 53719 4439
48158 42842 4448
39523 45477 4905
44422 46578 4694
41566 51434 4255
49690 41310 4134
39997 51003 4638
37980 52020 4602
45974 43026 4684
39822 49178 4773
44020 46980 4703
51256 34744 4057
33605 54395 4119
38736 52264 4549
51475 34525 3866
49569 39431 4362
43494 47506 4712
35113 52887 4571
44202 47798 4642
38862 53138 4260
51744 32256 3838
48976 42024 4351
50254 36746 4288
44861 45139 4715
43026 47974 4711
31735 54265 4294
46959 45041 4489
37520 53480 4350
35753 53247 4515
51338 35662 3848
48130 43870 4381
31505 54495 4170
31681 54319 4266
45006 47994 4498
48792 39208 4475
36592 53408 4445
46669 42331 4642
41940 48060 4758
41528 47472 4805
49627 40373 4317
42594 44406 4849
42722 47278 4761
40174 41826 4925
41389 46611 4850
41990 47010 4807
48299 42701 4432
34979 49021 4835
40226 48774 4785
41224 41776 4914
