51489 56511 5857
61210 45790 5568
61688 48312 5208
50320 54680 6054
60208 48792 5601
49361 58639 5741
60571 46429 5631
46830 55170 6093
52171 56829 5769
51191 53809 6063
35939 64061 5086
35627 64373 4890
45538 59462 5816
36824 64176 4921
54109 56891 5437
64369 40631 5006
53405 52595 6023
53638 55362 5803
47417 53583 6116
48157 59843 5636
38988 62012 5579
64665 37335 4908
41876 61124 5691
44104 60896 5688
39522 63478 5124
41774 62226 5504
61172 48828 5372
59703 46297 5713
62647 42353 5431
44386 60614 5723
46952 56048 6059
35837 64163 5045
33326 64674 4764
61045 47955 5502
50531 52469 6090
63298 42702 5311
56163 49837 5923
53435 50565 6028
54314 55686 5699
51887 58113 5536
62196 44804 5452
64101 41899 5030
61901 47099 5367
44456 61544 5531
56401 52599 5809
57032 52968 5702
65003 34997 4458
42073 62927 5071
39054 62946 5393
57902 51098 5764
48605 56395 6000
58547 49453 5770
41353 62647 5374
43577 62423 5098
54676 53324 5906
33663 64337 5012
48048 52952 6118
49379 59621 5482
44096 61904 5415
43773 60227 5778
49942 55058 6049
40698 62302 5526
60099 47901 5651
45883 59117 5842
43854 57146 6024
59487 49513 5662
60448 47552 5619
62474 46526 5239
60969 49031 5411
37366 63634 5211
45166 61834 5149
41638 60362 5781
51184 58816 5335
32205 64795 4710
64843 38157 4639
43643 62357 5208
43360 60640 5737
64032 40968 5132
49763 58237 5770
48940 54060 6102
51645 54355 6027
63280 44720 5159
64891 37109 4675
47901 60099 5587
36261 63739 5202
64788 37212 4802
54968 51032 5972
38791 63209 5324
47191 60809 5361
40778 63222 5127
39694 63306 5209
46073 60927 5563
54770 56230 5522
42602 61398 5648
41153 62847 5304
39294 63706 4887
49006 59994 5264
54810 54190 5817
57143 50857 5843
38360 62640 5475
53750 57250 5176
63241 41759 5359
47124 52876 6120
40259 60741 5744
55354 51646 5940
48268 55732 6052
36353 63647 5232
54330 56670 5484
47384 55616 6069
47817 58183 5870
64950 36050 4611
55519 52481 5895
34708 64292 5026
50819 58181 5702
56148 52852 5813
64994 35006 4496
35698 64302 4965
64719 37281 4872
40515 60485 5770
42961 62039 5480
44975 61025 5628
37653 63347 5310
53914 57086 5354
51343 58657 5401
46984 61016 5161
45254 54746 6101
44745 59255 5858
63849 43151 5039
52749 51251 6048
47014 60986 5213
41087 60913 5722
61213 44787 5583
58017 51983 5668
43994 62006 5374
61632 46368 5486
42528 58472 5941
56696 51304 5864
60238 50762 5310
40680 63320 5003
39768 63232 5243
60612 48388 5565
61639 44361 5537
40465 59535 5863
63918 43082 4931
32316 64684 4836
64571 39429 4933
62077 43923 5489
62619 46381 5153
53886 57114 5335
56969 50031 5884
45624 61376 5440
50163 54837 6052
52334 57666 5603
54188 53812 5908
58275 48725 5804
63214 43786 5281
44873 61127 5610
40955 63045 5219
59681 47319 5709
54384 52616 5963
51808 54192 6028
55602 53398 5820
48121 56879 5977
45243 61757 5238
47477 60523 5473
56613 50387 5900
63513 43487 5190
43623 61377 5625
47435 57565 5942
51153 58847 5312
63309 44691 5123
43592 58408 5943
63679 43321 5133
51586 58414 5473
51195 54805 6020
63432 41568 5317
55353 55647 5561
61749 48251 5130
62675 44325 5382
49024 56976 5942
49303 53697 6102
64699 39301 4707
49313 55687 6029
60223 46777 5663
56215 53785 5716
45002 59998 5775
50501 58499 5672
41469 59531 5862
62207 42793 5480
45208 58792 5894
60410 50590 5194
63638 42362 5220
64237 41763 4952
42189 61811 5593
35345 63655 5234
61327 43673 5576
60341 50659 5246
34871 64129 5087
61087 46913 5556
51590 58410 5474
49194 54806 6073
61733 48267 5154
53647 56353 5683
48913 60087 5190
42019 59981 5819
39421 63579 5043
48851 59149 5701
41026 58974 5906
55940 51060 5926
49273 56727 5955
64579 39421 4926
63931 43069 4840
42920 60080 5804
51667 58333 5492
53208 56792 5665
40682 61318 5675
40390 62610 5447
53406 51594 6027
53965 57035 5387
64319 41681 4862
63903 43097 4986
32364 64636 4864
53459 55541 5800
64715 38285 4865
31167 64833 4644
47985 59015 5768
64545 38455 4976
49743 57257 5883
64514 40486 4825
61761 48239 5078
47030 53970 6114
43572 62428 5069
37886 63114 5374
51123 58877 5260
43381 59619 5844
59251 47749 5740
49124 57876 5844
46540 53460 6117
60408 49592 5506
62781 45219 5306
45818 60182 5730
53845 57155 5305
64827 38173 4741
42441 62559 5317
45424 61576 5370
38260 63740 5115
56524 54476 5574
44997 58003 5964
42180 62820 5188
41741 59259 5884
47034 59966 5695
53793 57207 5261
61574 48426 5254
50542 53458 6086
50219 58781 5637
46041 55959 6065
59098 48902 5734
43182 58818 5912
56935 52065 5797
48177 58823 5782
41054 59946 5824
39044 61956 5587
43791 59209 5875
62231 46769 5308
50429 56571 5918
43742 62258 5264
52519 55481 5886
42158 60842 5726
64291 41709 4916
42643 57357 6011
34468 64532 4876
59557 48443 5697
58482 52518 5533
44355 57645 5990
54038 52962 5971
64968 36032 4551
53932 54068 5909
58316 47684 5810
47729 56271 6031
49769 56231 5977
42303 62697 5251
36819 64181 4863
41241 61759 5610
41051 62949 5263
43910 62090 5339
59662 51338 5438
45336 61664 5312
63237 44763 5196
40200 62800 5390
64859 36141 4721
44157 61843 5435
55370 54630 5714
64986 36014 4460
64959 36041 4592
55719 54281 5716
46960 57040 5994
59116 49884 5691
56642 49358 5901
62962 43038 5384
49900 53100 6099
57228 51772 5790
64401 39599 5044
63428 44572 4943
56360 51640 5875
53693 53307 5976
50716 57284 5829
57584 50416 5822
58419 50581 5737
34453 64547 4814
42381 60619 5750
62685 46315 5072
64779 38221 4796
37129 63871 5117
50772 55228 6010
64881 37119 4688
51079 51921 6081
46642 59358 5790
49764 59236 5559
47708 60292 5544
53777 57223 5245
52180 52820 6061
47008 57992 5917
63934 41066 5165
39560 62440 5512
64672 39328 4839
38084 63916 4951
64245 39755 5098
43655 60345 5768
64918 37082 4543
61730 47270 5397
33391 64609 4874
42502 62498 5337
60384 45616 5661
45904 57096 6015
62569 46431 5191
42955 61045 5690
59050 50950 5628
62406 46594 5260
63909 42091 5120
44323 56677 6042
51612 55388 5957
36858 64142 4950
46752 60248 5660
40172 61828 5604
52917 57083 5646
62521 46479 5219
54255 54745 5811
53497 54503 5905
55325 52675 5899
43603 62397 5182
34501 64499 4934
52336 54664 5975
57357 53643 5559
44712 61288 5580
