39129 40867 49023
42867 43668 42810
41797 40475 48974
45685 35858 49288
48249 40565 44006
51112 35858 41807
45949 42761 41560
43767 37211 49889
50332 35434 45063
49788 36691 45308
40677 40914 48852
44448 36947 49700
37424 44066 42284
49275 39164 44235
47838 35486 47910
47960 36742 47393
49675 34768 46227
41394 40860 48755
50820 37939 39778
45036 38173 48973
50194 38623 42327
49620 35330 46134
44591 37245 49565
43613 37573 49864
46105 42747 40676
50911 36951 42151
49732 39246 42642
50984 36994 40246
49476 37096 45559
49961 37332 44714
43610 43680 41018
39580 40767 49092
44851 43210 41553
47159 41365 44243
48169 39500 45445
43537 42656 45921
42957 40769 48468
47974 34995 47880
41083 42354 47059
40606 36266 50617
39289 40630 49200
38998 44010 42564
40897 42893 46198
44646 36683 49658
41563 39495 49621
50807 34751 43838
48212 36053 47405
49800 36444 45407
40602 37547 50453
40255 38704 50173
40405 43581 44297
43140 43078 45234
46583 35744 48850
46292 37690 48460
41973 36125 50470
39766 42234 47330
44083 43441 42100
47691 37655 47295
44659 39761 48285
49135 37944 45486
39393 40433 49346
41954 39118 49741
50861 37700 41318
44477 43208 42965
43912 41261 47485
43076 43801 40660
50777 35614 43667
39427 37210 50565
37250 44341 38363
49697 39858 41068
51136 35069 40891
47857 37625 47143
49987 35052 45676
49390 36151 46122
49319 40194 41931
43926 41520 47175
40340 38245 50339
50075 38667 42619
50118 37402 44430
45475 36936 49186
50176 39175 41329
38828 44220 40586
47262 42110 40702
42158 42257 46998
47488 38043 47305
51097 35284 42101
40185 41779 47946
50127 38778 42285
41497 37888 50248
50712 36392 43469
43944 40807 47888
45664 40519 46892
50785 38106 40498
43444 41802 47155
46372 39501 47277
36970 44182 41537
41882 41948 47535
42909 38853 49700
50712 37302 42833
48047 38750 46270
43338 43236 44597
43015 41891 47220
45464 41729 45664
48142 41505 41007
39768 38556 50246
49642 38150 44562
47379 41084 44385
48792 38067 45867
50254 35866 44976
47125 35072 48522
46930 37374 48064
49061 34418 46962
38578 40549 49271
45713 42736 42460
39835 40425 49325
41434 42301 47091
45247 42817 43300
50479 35720 44674
44515 43285 42157
39442 38973 50110
42688 41505 47814
46100 42357 43587
48651 37016 46615
49113 39476 44110
47050 42149 41898
39734 36263 50635
46201 40368 46604
41568 43298 45052
50762 35040 43961
38038 44315 39155
43954 36030 49975
48639 35611 47104
49095 38451 45184
47409 41630 43167
42482 43352 44599
44771 42582 45091
43200 39417 49283
44984 41502 46382
39160 35869 50675
46141 38294 48318
39475 35636 50683
48221 39404 45471
43915 43386 43369
42357 42995 45653
44513 38926 48957
44907 43224 40975
46487 39041 47564
42955 42908 45641
42960 42099 46990
49499 40122 41110
41893 37046 50368
48352 35053 47539
42332 40974 48463
41398 43177 45410
43657 42142 46591
48423 38485 46029
39191 44254 39521
48807 37202 46358
49941 35698 45554
40358 39569 49783
47706 38229 47001
43477 36942 50026
39504 34589 50685
48897 40405 42701
48116 37226 47059
38095 44271 40028
42268 42691 46246
45233 38909 48506
44260 42188 46099
45826 42253 44514
46383 36661 48760
45288 42432 44792
50726 35093 44075
46319 41488 45169
46110 42706 41233
47717 41808 39500
44211 41893 46526
50519 38556 41284
44836 43046 43027
42584 43445 44211
50613 35581 44396
47923 38382 46673
46423 42594 39651
47596 36970 47644
44732 43306 40587
47104 41917 42983
48939 38353 45478
45949 39220 47842
45781 39827 47484
40479 41770 47953
50008 38822 42577
51140 35804 40151
41325 38889 49970
42623 41312 48036
48666 37590 46321
49698 38458 44095
44044 38997 49142
47797 41049 43847
41479 38265 50161
38938 38046 50398
38523 44312 38361
44906 42861 43949
44755 36069 49652
49517 39930 41889
41341 41234 48448
42209 39816 49297
43756 37871 49729
38900 43850 43463
39946 44224 39311
48491 39568 44999
49771 34521 46069
39844 44090 41945
49814 39738 40324
50981 35022 42913
50973 36571 42274
48198 40719 43740
43310 41305 47749
40373 40143 49489
42125 43766 42917
51135 35291 40988
46695 41863 43956
47764 41574 42355
43525 43489 43655
44978 42665 44548
42723 43795 41665
50062 34250 45564
47783 36048 47817
43299 40294 48650
46814 42124 42798
51130 35420 41398
48656 37806 46216
50813 36254 43186
40768 43660 43930
42116 39646 49433
48329 39880 44874
43997 40433 48195
45798 41186 46096
38340 44080 42170
42989 43732 41914
50426 38329 42084
44973 43142 41776
44198 42885 45153
47508 38493 47043
39240 41350 48551
38659 36420 50641
40099 44121 41019
49390 40288 40804
47353 42058 40002
51008 35904 42373
42873 36724 50257
37875 44197 41341
38537 43771 43830
48359 40138 44489
47219 39662 46424
39840 40862 49002
42240 43861 41706
48817 36986 46463
38449 44299 39302
41675 44039 40029
45007 43196 40669
46653 40945 45601
44006 42585 45736
43170 37850 49938
51137 35892 39615
41368 43920 42112
47401 35830 48221
48186 35083 47691
47380 37699 47553
45625 41569 45741
42825 35826 50371
41791 43956 41228
42414 42165 47079
47219 38519 47306
39303 39958 49692
44703 40990 47185
47111 42210 39884
44274 36832 49784
47229 38303 47411
48663 38924 45349
40979 40882 48824
40013 43351 45250
45579 39656 47752
50326 38975 39911
44003 43242 44042
48807 40878 40277
43626 42960 45328
44925 41048 46956
41865 43650 43617
47487 41964 40400
48694 35049 47197
44889 41346 46646
43085 42217 46766
