81016 64984 7837
85797 63203 7218
65516 76484 8054
59352 83648 7591
88196 58804 6937
71833 66167 8209
78961 64039 8001
80181 65819 7882
70215 71785 8162
70732 83268 6810
84598 67402 6875
56423 88577 6614
74552 77448 7632
69070 74930 8088
61910 86090 7207
65533 80467 7811
70145 73855 8113
86269 61731 7227
66412 78588 7937
80377 63623 7919
81798 68202 7573
89530 54470 6683
66504 85496 6780
67368 76632 8038
57538 86462 7287
57675 88325 6644
67068 70932 8202
66436 80564 7787
74278 78722 7452
79072 74928 7093
81398 68602 7606
83615 61385 7673
59424 85576 7384
77578 73422 7746
77065 62935 8086
61511 85489 7339
67932 68068 8231
51009 88991 6799
71041 65959 8219
83898 64102 7512
83506 60494 7710
72024 70976 8151
88492 56508 7031
78718 69282 7873
80037 70963 7622
71544 75456 8017
83843 62157 7619
68873 84127 7012
64637 81363 7750
84798 65202 7261
64800 86200 6806
72232 73768 8073
81540 69460 7507
52818 89182 6483
71629 68371 8199
57795 88205 6820
67085 82915 7478
63782 79218 7920
79658 70342 7722
64806 84194 7410
81026 67974 7700
80256 70744 7607
75562 74438 7863
66957 79043 7900
63178 86822 6746
79756 63244 7966
66386 68614 8228
84045 66955 7257
57658 88342 6414
57750 88250 6757
70525 72475 8142
62632 81368 7773
87402 60598 7025
88470 58530 6683
55606 87394 7163
70082 78918 7821
75303 76697 7650
48453 89547 6452
80652 69348 7665
81568 66432 7717
61122 86878 7038
60478 86522 7185
90518 45482 6066
70114 80886 7571
82727 70273 6912
78291 69709 7888
56121 86879 7241
67594 69406 8219
64122 85878 7076
64852 85148 7216
67949 75051 8095
66218 76782 8038
71328 79672 7650
77362 63638 8073
72820 71180 8127
61761 82239 7708
80278 69722 7689
65424 81576 7716
85511 63489 7257
69212 72788 8149
87274 58726 7199
88905 57095 6740
79676 74324 6924
84132 67868 7054
78792 65208 7995
69876 66124 8230
77459 75541 7484
87328 56672 7276
74248 69752 8121
58714 86286 7289
72658 78342 7714
74768 63232 8158
85930 62070 7281
73099 77901 7727
67631 84369 7136
61715 87285 6720
88151 55849 7148
87855 56145 7196
72980 79020 7578
82794 68206 7395
81056 71944 7242
86387 62613 7110
83588 67412 7310
64500 84500 7376
67002 67998 8232
56614 88386 6853
53726 88274 6998
88756 54244 7057
71824 79176 7676
50573 89427 6387
47401 89599 6308
85800 65200 6863
62134 86866 6928
56465 88535 6747
78369 61631 8038
89747 53253 6677
75162 68838 8105
78340 66660 7988
61248 84752 7454
63252 86748 6784
77894 69106 7944
62676 82324 7689
66169 82831 7542
61849 87151 6816
60675 87325 6919
86712 62288 7047
84760 66240 7136
73169 65831 8191
85669 64331 7113
76602 74398 7774
65291 83709 7459
89237 55763 6564
80860 62140 7905
83632 63368 7594
77973 68027 7975
80391 72609 7312
86452 63548 6933
82124 64876 7725
83419 62581 7659
87153 55847 7324
77046 71954 7885
87053 60947 7098
84379 67621 6982
88738 56262 6972
81870 63130 7813
64209 84791 7339
68314 67686 8232
87458 54542 7281
62676 86324 7072
68508 81492 7601
86084 63916 7036
72153 80847 7346
70092 76908 7976
83416 68584 7204
67365 66635 8237
75028 72972 7978
75153 72847 7976
76265 70735 7995
79687 65313 7934
54348 88652 6862
74125 78875 7446
78082 70918 7851
72091 74909 8027
90522 45478 6047
69587 74413 8101
63959 86041 7033
75974 66026 8110
78647 62353 8026
60648 83352 7615
90529 45471 5998
84475 67525 6944
88351 58649 6869
69040 83960 7036
74387 76613 7755
64624 82376 7650
77925 72075 7807
68323 74677 8106
73706 67294 8174
69521 69479 8210
68576 74424 8111
67169 66831 8237
55166 88834 6505
75580 73420 7924
69345 67655 8227
62105 84895 7414
69231 75769 8054
63290 84710 7396
66761 85239 6929
48497 89503 6513
52918 89082 6657
61705 87295 6702
82418 66582 7590
76174 77826 7275
67588 67412 8235
66422 77578 7997
54401 88599 6882
76648 73352 7847
59214 84786 7483
84921 64079 7335
84844 60156 7561
66530 85470 6813
60354 87646 6730
81768 71232 7150
62410 83590 7566
64464 78536 7959
88823 57177 6795
70138 67862 8219
61684 87316 6641
68699 78301 7920
89168 53832 6933
57405 86595 7267
52892 89108 6632
70735 83265 6837
55418 88582 6834
78822 75178 7124
79786 62214 7969
88759 57241 6837
51827 89173 6670
72468 69532 8170
87553 56447 7242
82580 69420 7300
70751 67249 8217
84824 58176 7602
55724 88276 6958
66863 70137 8213
72486 67514 8195
82546 65454 7639
55508 88492 6885
55269 88731 6729
63084 82916 7625
64569 79431 7901
68295 70705 8200
89483 53517 6818
78456 63544 8031
78861 70139 7819
65031 85969 6915
86748 63252 6778
82763 63237 7712
53000 89000 6725
88999 55001 6947
77354 64646 8069
48404 89596 6294
74794 72206 8022
55689 88311 6949
80900 64100 7867
80943 72057 7255
85167 58833 7554
82447 63553 7736
59113 87887 6825
67859 78141 7948
90007 51993 6454
60903 87097 6988
88361 53639 7150
77186 67814 8026
82164 63836 7757
89201 55799 6758
85627 57373 7511
79771 72229 7536
84236 63764 7477
79788 71212 7639
86702 57298 7369
78308 75692 7170
71043 80957 7463
88187 54813 7170
87755 60245 6915
82609 70391 6996
74670 70330 8090
87168 57832 7268
49549 89451 6560
85734 56266 7502
87149 58851 7220
63688 84312 7443
70269 70731 8186
81304 67696 7679
73907 76093 7851
84866 61134 7516
75791 77209 7489
87870 55130 7222
59923 86077 7295
71336 67664 8208
83102 63898 7642
85352 59648 7506
53290 88710 6874
67207 75793 8072
69717 78283 7888
68176 68824 8223
69096 78904 7856
75219 69781 8079
68268 77732 7965
78803 63197 8017
85106 64894 7215
80239 71761 7504
73175 75825 7928
84224 61776 7583
79131 67869 7899
66769 69231 8222
67759 82241 7537
60612 86388 7208
67264 68736 8226
49680 89320 6643
77437 65563 8057
86761 63239 6674
89066 55934 6849
70744 70256 8187
53451 88549 6928
73803 71197 8097
63817 78183 7977
84447 66553 7194
85173 64827 7204
59337 87663 6934
80824 70176 7565
85314 56686 7551
68442 84558 6850
70598 82402 7218
87861 59139 7031
73372 79628 7416
63919 85081 7301
88922 53078 7034
72137 77863 7807
65245 82755 7592
68544 76456 8032
88632 57368 6913
78995 72005 7687
61953 87047 6864
58565 85435 7417
66986 72014 8179
78356 73644 7623
73890 68110 8159
80231 72769 7326
74582 79418 7237
53114 88886 6798
73919 75081 7939
79346 65654 7949
69449 68551 8220
83279 58721 7735
87636 60364 6956
69866 83134 7148
67852 69148 8221
65149 85851 6950
59628 87372 7002
57853 88147 6849
85300 60700 7468
54582 88418 6946
90149 48851 6544
63056 85944 7157
55988 87012 7221
60489 85511 7367
78470 74530 7452
78826 73174 7599
78735 66265 7973
70827 66173 8221
88531 55469 7079
89625 51375 6805
71994 76006 7973
55187 88813 6566
82247 70753 7071
57414 87586 7084
55985 88015 7023
70675 77325 7928
69252 76748 8004
71117 79883 7637
57659 88341 6565
86498 60502 7266
79169 66831 7929
88704 55296 7037
57999 88001 6918
77628 66372 8034
68713 84287 6957
82105 65895 7677
60280 87720 6642
68105 79895 7801
72826 77174 7829
74431 65569 8165
76312 63688 8112
49476 89524 6385
48416 89584 6375
82907 60093 7764
75661 69339 8068
90026 50974 6610
67932 67068 8236
63453 86547 6881
80390 68610 7743
60019 85981 7309
82314 59686 7810
60692 82308 7707
73367 73633 8034
81706 62294 7839
59618 85382 7408
65183 79817 7866
85502 58498 7520
68189 82811 7413
69603 70397 8196
58969 88031 6639
88430 57570 6978
77772 76228 7207
75008 78992 7248
83166 68834 7235
90211 49789 6504
85886 65114 6667
83555 59445 7712
71492 70508 8173
88150 56850 7103
72191 65809 8206
65874 72126 8177
76982 64018 8086
67539 73461 8146
56750 88250 6913
85982 64018 7055
63141 86859 6637
65680 83320 7497
88922 56078 6908
76566 65434 8093
60248 84752 7471
62470 79530 7905
83359 66641 7436
63643 80357 7844
70705 81295 7438
89275 51725 6927
89390 54610 6796
73576 74424 7990
60844 84156 7529
61788 80212 7866
64810 83190 7556
79193 74807 7073
77428 70572 7918
65733 85267 7107
75745 64255 8129
66163 69837 8217
54743 88257 6995
82421 60579 7799
67160 84840 7063
85862 65138 6788
84850 63150 7413
62121 81879 7736
70831 83169 6947
78356 67644 7961
73294 71706 8100
80091 64909 7912
67340 83660 7336
81116 65884 7793
84628 67372 6827
70010 64990 8230
71292 81708 7277
84533 59467 7618
72500 68500 8184
58994 88006 6691
75497 67503 8110
76597 66403 8082
67199 79801 7837
90147 50853 6511
69360 80640 7663
70090 66910 8225
68573 68427 8225
61786 87214 6775
70775 79225 7750
68493 69507 8215
78993 67007 7936
80298 61702 7943
66244 81756 7672
52253 88747 6876
78389 62611 8037
71689 82311 7034
71422 72578 8124
52456 88544 6935
89867 51133 6700
66554 71446 8192
63930 83070 7591
54193 88807 6788
66479 85521 6718
77297 76703 7233
85262 65738 7033
50630 89370 6538
68433 84567 6737
76310 67690 8073
67996 72004 8177
76770 70230 7980
69400 79600 7782
85254 62746 7368
68986 67014 8232
57782 85218 7440
71610 69390 8187
71001 68999 8201
76192 74808 7776
76542 76458 7491
76582 72418 7900
89779 52221 6713
77831 62169 8058
86006 56994 7468
51911 89089 6725
68817 72183 8167
67254 81746 7636
58384 86616 7237
82946 64054 7656
77153 72847 7832
76333 64667 8106
76931 65069 8082
81941 71059 7122
65959 82041 7650
84240 66760 7227
63618 85382 7255
69719 82281 7364
52068 88932 6815
53987 89013 6518
79753 61247 7975
70106 72894 8137
64127 83873 7490
66915 85085 6982
58948 88052 6578
64251 81749 7721
84511 59489 7620
81338 70662 7418
63375 86625 6847
73038 80962 7148
89352 53648 6869
69007 69993 8206
59844 84156 7546
72867 81133 7138
66981 74019 8134
62466 85534 7294
71211 79789 7643
79506 70494 7730
89213 55787 6734
81200 69800 7535
70973 72027 8147
60478 87522 6849
79891 68109 7819
68450 80550 7725
84188 60812 7627
88446 58554 6813
67884 70116 8211
59058 87942 6782
89603 52397 6796
75137 77863 7479
79569 69431 7786
80726 67274 7774
87413 61587 6744
88565 56435 7014
83989 65011 7440
76375 72625 7905
86770 55230 7374
51720 89280 6507
62707 84293 7480
74677 66323 8151
86277 59723 7355
82838 70162 6806
83925 63075 7564
76213 68787 8053
66682 74318 8126
71363 82637 7004
71159 71841 8149
88136 53864 7184
86177 58823 7409
85434 65566 6984
65458 84542 7304
74960 71040 8057
73863 73137 8033
57331 85669 7394
70683 66317 8222
75727 75273 7775
74052 70948 8095
62208 80792 7825
72385 71615 8127
81427 62573 7857
87114 60886 7086
79392 68608 7843
88661 54339 7079
60399 82601 7683
84917 62083 7462
79910 67090 7867
67693 77307 7999
84380 66620 7205
69256 71744 8174
65943 79057 7911
74860 78140 7472
69631 83369 7120
90488 46512 6184
83914 66086 7372
55223 88777 6656
50821 89179 6714
75009 73991 7930
65273 75727 8080
70189 77811 7909
46391 89609 6214
56404 88596 6492
76360 77640 7271
76382 75618 7656
76602 69398 8017
68823 83177 7286
60403 87597 6778
63057 80943 7803
66640 75360 8090
58190 87810 6974
89143 54857 6892
87204 61796 6930
71313 76687 7950
71580 73420 8098
77753 74247 7642
64460 85540 7150
86520 55480 7405
83033 67967 7370
75340 66660 8127
70797 74203 8088
85331 61669 7416
85832 65168 6838
65263 84737 7277
71629 77371 7878
66032 84968 7164
68795 82205 7467
49486 89514 6463
89217 52783 6935
66876 82124 7604
51169 88831 6858
88135 57865 7043
64781 85219 7205
73378 70622 8126
72034 71966 8126
74576 73424 7985
70604 80396 7604
66858 84142 7276
82518 66482 7582
65487 77513 8011
85922 58078 7471
72861 72139 8102
58653 87347 7080
70442 75558 8037
66160 83840 7395
72127 79873 7537
61663 87337 6530
77196 74804 7648
51801 89199 6645
74991 75009 7869
71715 69285 8187
86618 63382 6864
76492 73508 7851
79718 74282 6844
82715 61285 7768
89573 52427 6810
83317 67683 7340
81687 65313 7757
67075 80925 7734
78025 75975 7192
81310 65690 7781
76791 71209 7937
69271 65729 8236
56521 86479 7300
86671 58329 7341
57946 86054 7346
80963 67037 7760
74646 76354 7760
79973 64027 7941
55018 87982 7065
89422 54578 6771
79790 73210 7364
77906 64094 8051
64067 80933 7792
65343 78657 7945
59977 87023 7082
88784 53216 7063
83796 68204 7135
90408 47592 6321
89566 54434 6619
63143 86857 6673
73379 69621 8147
59390 86610 7210
64674 84326 7396
84547 61453 7551
72507 70493 8151
52855 89145 6560
73397 68603 8166
90350 48650 6380
86015 62985 7179
53302 88698 6879
61574 86426 7137
77197 68803 8001
75718 68282 8090
73779 78221 7607
69858 75142 8070
71656 75344 8020
52732 88268 7000
73533 72467 8069
69485 80515 7671
86723 60277 7232
61777 87223 6769
64730 86270 6682
55285 88715 6745
76833 74167 7771
89997 50003 6635
87378 61622 6857
73536 64464 8185
62378 86622 7003
74889 64111 8154
87579 59421 7083
71970 78030 7801
68191 83809 7214
63610 86390 6930
59464 87536 6964
63307 85693 7205
71757 74243 8066
54050 88950 6664
74690 68310 8129
75253 71747 8014
