56612 46388 5663
40823 66177 5355
49744 54256 6121
48951 54049 6154
58145 44855 5442
56160 52840 5254
58636 46364 5175
44462 64538 5690
60994 36006 4564
50243 50757 6112
56231 52769 5222
52669 57331 5689
48868 58132 6065
57990 47010 5348
47928 54072 6193
57186 50814 5074
38565 65435 5891
52846 56154 5793
56846 49154 5508
53763 49237 5930
42630 63370 6067
31298 67702 5131
53429 57571 5335
33412 67588 5229
49401 52599 6143
48192 52808 6189
40260 64740 5976
51243 52757 6061
39937 65063 5941
50036 51964 6120
60666 38334 4819
45054 63946 5835
47426 51574 6219
45270 61730 6081
55844 53156 5357
44788 64212 5781
40983 62017 6192
52185 55815 5904
47030 59970 6093
50801 54199 6067
55548 50452 5710
51423 58577 5796
44894 54106 6275
41736 55264 6319
39465 66535 5401
42579 56421 6306
39592 66408 5496
54901 55099 5373
48935 62065 5567
40535 65465 5834
52580 55420 5881
56046 48954 5691
60787 38213 4761
53504 57496 5277
58810 44190 5312
51834 59166 5593
38790 65210 5928
42352 65648 5431
53421 50579 5943
42380 60620 6236
44138 52862 6291
60178 41822 4920
49927 58073 5999
59454 44546 4990
45663 53337 6260
42908 57092 6293
45295 55705 6258
40270 65730 5759
47826 56174 6175
51647 59353 5608
51593 56407 5934
32408 67592 5264
59388 43612 5153
56562 47438 5651
59759 43241 5017
58410 45590 5338
38179 65821 5816
51116 59884 5640
33798 67202 5449
41089 65911 5569
52926 50074 5980
41009 60991 6228
38428 66572 5553
36082 66918 5540
60842 38158 4586
47633 55367 6192
58408 44592 5391
42401 65599 5512
52124 49876 6024
59120 45880 4905
51936 54064 5989
39252 64748 5991
49711 61289 5646
59401 44599 5018
36925 67075 5292
57927 49073 4963
46315 57685 6204
51294 54706 6019
52072 52928 6007
39450 66550 5376
50573 58427 5917
48802 56198 6128
42623 57377 6294
48984 55016 6143
56135 51865 5452
37060 66940 5480
57142 48858 5447
54692 53308 5688
45856 57144 6227
56306 46694 5700
59717 42283 5123
49562 55438 6106
53833 53167 5839
55572 48428 5772
59421 42579 5207
54198 49802 5892
40863 65137 5891
44082 64918 5473
42776 65224 5696
47090 51910 6228
39892 66108 5626
56345 45655 5697
44306 61694 6129
44699 63301 5976
41226 64774 5947
55039 53961 5523
41022 54978 6320
52909 57091 5664
48050 51950 6196
42893 53107 6314
53843 51157 5902
45589 55411 6253
49150 58850 6023
34483 67517 5234
44048 57952 6263
51350 55650 5985
59901 43099 4913
54106 55894 5517
57573 46427 5502
42360 64640 5907
32325 67675 5191
50679 55321 6045
41710 65290 5787
53178 55822 5759
55085 54915 5294
42016 61984 6180
42327 58673 6281
38194 66806 5424
57904 49096 5043
58953 46047 5025
45600 63400 5895
49786 60214 5850
60486 40514 4735
56773 51227 5277
44336 64664 5650
57236 50764 5033
60882 37118 4688
34572 67428 5329
50459 59541 5835
58158 45842 5393
44843 60157 6187
38190 66810 5388
44305 63695 5949
37488 66512 5633
40927 66073 5490
44801 59199 6217
50583 60417 5658
34911 67089 5483
37821 66179 5732
34677 67323 5390
42887 59113 6266
48738 51262 6172
42416 54584 6316
54627 49373 5857
58583 47417 4971
47569 60431 6030
53674 54326 5797
51591 57409 5875
49362 60638 5855
42927 63073 6079
43148 64852 5785
59021 41979 5300
46624 53376 6237
59040 44960 5159
42238 52762 6320
54644 55356 5426
60469 40531 4850
54476 55524 5455
41668 59332 6272
40463 63537 6104
42341 65659 5374
42083 53917 6320
46332 61668 6023
53014 52986 5929
47153 56847 6190
60946 37054 4563
57626 48374 5333
60332 40668 4959
57853 48147 5274
51603 50397 6051
45562 53438 6262
56316 52684 5080
56190 49810 5617
46131 63869 5461
52895 58105 5459
48335 60665 5951
48791 62209 5515
53823 52177 5876
33371 67629 5157
38616 66384 5618
45890 61110 6089
35681 67319 5319
44670 64330 5756
51912 56088 5918
59173 44827 5109
56293 50707 5529
43584 54416 6298
58824 46176 5094
38366 66634 5529
48054 58946 6081
46980 63020 5781
56440 51560 5376
46819 61181 6028
50759 60241 5658
46136 63864 5544
55652 52348 5546
48837 60163 5953
56216 47784 5698
43771 61229 6175
36954 67046 5415
57164 46836 5566
55198 50802 5751
57344 48656 5402
42989 64011 5975
56077 51923 5464
40292 62708 6156
46408 62592 5929
40434 65566 5812
57584 47416 5441
39194 65806 5796
37560 66440 5656
49502 51498 6142
49481 61519 5627
41034 56966 6310
55763 47237 5759
45712 62288 6015
44076 64924 5465
44518 57482 6257
49309 53691 6143
60944 37056 4628
43893 57107 6277
30293 67707 5087
52831 49169 5987
43457 62543 6100
37090 66910 5495
41804 65196 5810
57164 44836 5601
58785 46215 5113
46985 59015 6137
36687 66313 5706
55397 49603 5771
47297 52703 6222
39552 65448 5880
47266 61734 5942
58179 46821 5302
53177 56823 5635
36928 67072 5369
39107 64893 5973
55557 51443 5647
36898 66102 5755
58205 47795 5149
49077 56923 6096
42921 58079 6281
54916 53084 5664
53049 53951 5893
57264 48736 5421
49036 61964 5589
57523 49477 5230
45456 52544 6266
46738 56262 6213
41285 59715 6262
58631 45369 5282
35678 67322 5299
44341 53659 6287
41993 64007 6019
52316 51684 6008
49944 53056 6120
47680 61320 5946
42664 64336 5946
59122 45878 4902
55528 47472 5784
54498 50502 5849
50220 60780 5657
54947 50053 5811
52524 58476 5514
44270 62730 6053
44296 59704 6218
53603 56397 5586
42666 62334 6143
59666 41334 5153
56100 45900 5724
59122 42878 5277
41754 63246 6109
54589 48411 5865
57455 45545 5551
60629 39371 4834
42031 64969 5852
44140 53860 6290
55061 50939 5767
45861 53139 6256
58473 43527 5401
56306 52694 5164
52890 53110 5937
39483 66517 5430
41392 60608 6238
33464 67536 5276
55128 46872 5821
46403 59597 6147
36287 66713 5604
46041 58959 6183
52911 52089 5961
52203 54797 5949
42361 65639 5456
35711 67289 5353
45266 57734 6235
56465 50535 5496
54303 54697 5641
52488 50512 6005
54395 51605 5830
42626 57374 6294
45114 60886 6146
58803 45197 5231
47165 54835 6215
46492 55508 6230
37022 66978 5460
42456 59544 6263
49897 59103 5944
56707 49293 5532
56061 46939 5727
59945 42055 5055
54955 48045 5836
45769 54231 6256
54493 52507 5784
42085 57915 6293
38941 66059 5724
35775 67225 5414
46410 58590 6179
60715 39285 4747
46432 63568 5689
39098 65902 5769
44476 62524 6062
56883 50117 5409
60146 41854 4975
36415 66585 5639
47675 57325 6155
48999 61001 5854
52763 58237 5480
51883 58117 5769
57071 50929 5146
57928 49072 4936
51036 51964 6076
44765 55235 6273
55697 53303 5395
55557 53443 5428
56842 51158 5248
45946 58054 6208
60073 40927 5040
40845 66155 5436
43667 55333 6293
50822 52178 6085
57149 47851 5526
59233 43767 5207
48300 54700 6173
49976 56024 6073
47898 62102 5846
43676 64324 5881
44449 61551 6133
44036 64964 5409
47476 53524 6213
41067 63933 6063
55210 54790 5209
