63500 62805 64617
57351 66494 63465
65089 59519 64867
66566 56752 62789
61150 62743 66302
57396 56764 68845
64438 62271 64034
61794 67576 58972
60746 64586 65009
57591 67253 62360
58117 64491 65453
59855 63134 66430
63476 59908 66509
64400 65082 60470
56937 68741 59469
64488 65629 58083
66322 61851 58421
67104 59672 57460
61719 64351 64618
62364 66364 61258
60232 67052 62152
62583 62180 65883
62237 59278 67444
60312 60582 67612
57911 68196 60728
66622 55393 62961
59382 63379 66313
66975 60533 56631
65901 61400 61241
59597 56643 68745
67045 56077 61273
65350 57349 65410
61295 67452 60215
66493 60137 60193
67061 59077 58643
66470 61834 57638
59418 57578 68635
56319 69133 55803
57834 65889 64126
59231 68529 59160
59348 68655 57778
58264 55882 68898
60565 66222 63198
68595 51128 52504
67786 57251 55889
65770 63199 58804
62590 67329 57451
67824 56630 56485
67414 57034 58944
58639 68686 58852
63707 61755 65342
65475 59546 64087
64890 56960 66000
65578 63848 58343
60052 67343 61749
58187 67128 62550
68128 55529 55053
59990 58745 68283
59608 65674 64201
63059 66858 58653
67629 56390 58262
64219 65839 59274
64179 65990 58569
61629 67805 58284
58846 64166 65712
59087 65100 64805
64188 65797 59443
64398 59786 65717
65360 64085 58974
58187 68869 57415
66752 60321 58594
67245 59479 56776
66341 56500 63575
66968 60628 55746
68537 52674 52881
63832 60254 66091
67923 56931 54081
57369 65240 64799
58264 68679 59102
64517 60389 65274
60602 64839 64807
61817 60904 67035
56573 60154 68096
65368 57748 65325
62430 61466 66475
66888 60782 56874
65364 59768 64181
63912 59353 66335
65238 63167 61196
66445 56685 63200
64600 63511 62407
66052 62596 58543
63299 65787 60972
57458 68298 60623
63877 65862 59909
65626 63982 56971
57513 54753 68946
65817 56335 64785
65685 63813 57520
63507 59141 66716
68220 52177 56483
67034 60451 53983
62766 65263 62502
64417 63535 62786
67080 60274 54439
65217 64117 59675
65961 58556 63607
63290 64572 62846
64369 65040 60639
60928 65569 63941
56262 69138 55860
57319 68791 59112
63142 66902 57971
65903 63453 56561
63782 64592 62237
61713 63856 65064
64460 65243 59946
64899 60263 64757
67842 52178 58558
68331 53736 54802
65052 64817 58505
66872 54633 62208
66202 59724 61956
66741 59334 59995
64993 64986 57956
59705 68502 58914
66399 62334 56449
68399 53925 53766
57195 68835 58933
60164 62362 66876
58587 57377 68758
66797 61118 56799
58971 65843 64089
68354 53514 54754
58128 60806 67858
67366 56176 59892
67431 57687 58251
66960 60693 54739
60872 66128 63163
67111 55617 61223
66054 55828 64427
61904 67782 57225
56961 68364 60467
61423 55843 68204
60208 68245 59301
62801 63374 64739
65725 61087 62313
64815 58813 65699
67607 56153 58548
65290 63599 60365
67677 58140 54115
58446 66915 62811
67457 56286 59325
66890 59191 59444
61102 66920 61855
57872 61815 67417
57852 62093 67261
59003 55624 68835
58878 68046 60786
64853 64591 60176
67109 57572 60061
65725 62919 59642
66334 55163 63748
68087 55479 55555
67959 53771 57683
60894 59180 67961
59686 66244 63439
58167 68789 58425
64286 64708 61414
63065 58418 67121
63090 55504 67407
64804 59652 65256
66175 60448 61258
68347 54435 52288
63847 62513 64523
62990 61396 66171
67314 59303 56563
67993 55385 56539
64359 64190 62104
65490 58336 64789
60600 62868 66405
65873 57153 64569
57455 62987 66682
65250 59022 64849
60503 56473 68504
65937 63209 57683
62247 67353 58746
60558 63124 66245
60058 63866 65835
57085 65538 64498
58540 66423 63462
67697 52696 59219
66922 60805 55290
59527 67885 60880
57686 59960 68156
66825 58143 60833
62629 64073 64118
64660 65057 59752
66735 58464 60915
57087 69023 57382
66160 57945 63421
62693 65781 61812
65420 63694 59634
53950 69189 56265
60838 63043 66204
65995 56505 64459
59434 68243 60102
67325 58716 57611
65984 61732 60466
57822 67485 62007
68457 51180 54752
63275 58767 66935
67495 55320 59687
61013 61617 67012
63459 61009 65998
64233 59445 66020
66189 62858 55922
59596 61683 67351
65315 61973 62483
63571 65190 61608
64560 65124 59915
66747 56748 62134
66360 57936 62767
61948 67623 58269
68525 51994 53752
65420 61862 62305
56344 68947 58498
67812 53799 58545
63280 66844 57369
66418 57251 63046
59236 66286 63494
64899 57258 65951
64851 61579 63898
58322 63608 66191
63254 61978 65568
58912 67157 62412
59371 68484 59259
65269 60709 63711
64335 60631 65380
59073 62722 66802
63885 59331 66363
59970 65946 63740
61183 56529 68264
63245 63203 64481
67729 52574 59077
66633 57319 62271
61875 55362 68038
65444 63436 60032
57500 55883 68945
64128 66090 57725
57548 68611 59804
62882 62344 65567
63212 64571 62937
60459 55690 68525
55256 69181 56785
67973 54565 57155
58083 56757 68842
58799 67705 61487
57770 68643 59548
64426 61279 64927
58219 58904 68458
66348 61041 59754
67409 59078 55080
57581 68955 56256
67716 54822 58635
65120 62252 62698
57039 64464 65492
57296 67207 62430
66385 62404 56313
58395 60595 67916
59766 68103 60288
58967 60289 67962
67075 59057 58592
57649 63340 66441
55892 69118 57396
65919 63056 58253
59814 65320 64511
57113 67979 61197
66745 60095 59005
57956 66896 62903
62939 66650 59902
59101 58079 68606
64334 62822 63732
60810 64119 65356
64194 62064 64551
58048 66268 63706
61058 64286 65107
65517 55567 65270
61401 67072 61166
64832 64158 61059
64195 57664 66493
64759 62650 63104
60914 67737 59892
58659 68766 57842
58890 58850 68426
65115 56685 65757
63282 64126 63434
65267 56110 65595
58898 56704 68815
57529 68853 58588
67834 54461 58106
60644 68095 59151
58493 59656 68236
68135 55956 53360
66659 61633 55063
59016 64270 65599
58879 62369 67043
61495 67846 58495
66721 59108 60322
64606 63087 62921
64902 65022 58663
61744 65719 62990
63922 56211 66826
66013 56904 64374
60791 68229 57152
60767 56514 68424
68513 53100 52791
64804 61204 64287
57948 58112 68619
66081 56525 64293
61506 62149 66575
61728 63126 65705
60936 60914 67320
59448 67544 61581
66234 57555 63450
63794 65530 60684
64076 66081 58853
57716 61586 67525
66739 57693 61642
58450 65269 64693
68515 51145 53953
65321 63499 60421
65950 57904 64040
64890 63503 61741
56946 69019 57533
60941 67366 60973
63137 61946 65703
59320 66800 62815
63816 60418 66038
68131 55060 55591
65439 57048 65316
60073 68009 60253
66208 55342 64079
56651 55071 68977
58145 68650 59298
67718 56613 57390
59475 60584 67791
66251 55570 63956
67682 57089 57026
59566 68600 57593
67267 54763 60860
66775 61303 54556
58655 61888 67336
65843 62055 60559
57798 60546 67958
68234 53236 56071
66619 61110 58051
62657 66456 60687
62844 65264 62411
60601 68260 58442
64700 65057 59584
61504 61593 66845
64361 56910 66451
56449 68729 59550
66812 56180 62165
64631 65376 58841
57181 68912 58340
67149 58150 59374
67746 53563 59001
62223 67600 57210
67333 53363 60631
60598 67467 61122
66928 56246 61673
65307 64514 58013
67058 57161 60600
67074 55116 61571
59806 67657 61221
57699 60312 68038
67151 56451 60644
62257 55272 67875
66050 57405 64026
59701 58675 68364
63551 66623 57984
65251 56744 65592
66422 59499 61230
67914 55424 57050
65155 58714 65197
65624 63527 58867
66858 60507 57597
60632 57637 68365
62504 55859 67715
63902 57343 66765
62552 59785 67115
67451 58457 56926
56932 59683 68254
55838 68874 58943
65625 58977 64119
67902 52324 58279
60743 55787 68444
62757 67185 57746
61655 57114 68056
56031 69127 56799
63309 65560 61342
63246 60609 66399
66200 58041 63220
66486 56278 63224
67979 53075 57750
62421 67345 58222
58043 67714 61635
62974 57389 67337
67427 53700 60259
58353 61131 67713
59714 67287 61981
63554 62919 64454
58708 56485 68842
65380 60487 63617
64744 64979 59625
67557 56978 58183
