71761 87239 9109
65413 88587 9118
72582 94418 8500
90561 67439 8137
79876 90124 8310
90286 75714 7667
88616 72384 8399
67963 86037 9164
80489 85511 8804
80927 77073 8927
90328 68672 8172
90837 67163 8093
90677 71323 8070
86847 82153 7961
82495 84505 8681
77660 83340 9021
71115 84885 9164
80669 84331 8836
86371 75629 8590
94027 56973 7088
90751 69249 8101
66623 93377 8869
90546 70454 8117
86607 78393 8510
72368 83632 9160
89382 77618 7738
66098 93902 8836
65285 97715 8257
87419 80581 8178
51398 100602 7732
93519 61481 7509
89225 77775 7876
75750 92250 8617
65879 98121 7822
86300 82700 8155
67927 94073 8794
76252 86748 8993
73210 92790 8723
88235 79765 7818
69450 91550 8954
87593 73407 8511
65870 93130 8894
92302 67698 7765
78500 88500 8773
79024 82976 8968
69417 85583 9165
81057 77943 8918
83312 75688 8806
59851 98149 8379
71196 93804 8712
56606 100394 7517
59491 99509 7991
69904 96096 8302
74695 87305 9034
80560 81440 8912
87251 71749 8540
89447 76553 8030
86398 81602 8308
77412 81588 9050
54314 100686 7471
73057 93943 8572
93400 64600 7124
90291 75709 7626
89281 77719 7850
61677 94323 8835
80377 79623 8942
77168 86832 8949
65877 88123 9128
58857 98143 8403
83332 78668 8783
69006 89994 9047
51093 100907 7550
84543 81457 8623
87895 77105 8376
92173 64827 7853
85841 77159 8615
86728 78272 8499
82649 86351 8498
82843 85157 8594
88865 75135 8298
83542 77458 8781
89749 76251 7955
71604 94396 8606
57805 100195 7637
81714 77286 8886
87957 80043 8004
79043 77957 9006
90922 74078 7603
88090 79910 7951
76870 91130 8655
69862 95138 8583
73136 80864 9159
67670 97330 8077
93833 61167 7251
65834 95166 8728
67213 88787 9108
87261 76739 8486
67259 96741 8400
76093 92907 8237
70900 81100 9179
93938 60062 7216
57576 97424 8528
82919 78081 8815
69853 89147 9073
77038 85962 8990
87300 71700 8536
73645 94355 8213
92977 66023 7539
90134 75866 7814
69707 93293 8819
65526 92474 8937
83237 80763 8758
64664 88336 9124
86951 80049 8361
81735 85265 8716
66895 90105 9057
76491 91509 8643
57354 98646 8306
89053 69947 8353
55913 100087 7914
57785 100215 7549
66202 90798 9026
81703 76297 8889
91949 70051 7747
61715 99285 7864
64395 98605 7825
93572 61428 7480
72825 87175 9092
58167 98833 8261
72701 85299 9139
82003 77997 8867
87941 73059 8473
92262 69738 7488
82955 79045 8802
85528 76472 8649
70308 93692 8761
74282 82718 9131
56765 99235 8180
68137 86863 9152
70637 94363 8664
61441 98559 8224
85383 82617 8418
91162 68838 8030
72315 93685 8666
70321 86679 9142
91140 66860 8042
81835 82165 8822
55965 100035 7936
92729 67271 7571
75021 79979 9123
92152 68848 7761
92334 65666 7818
70784 87216 9122
49974 101026 7417
80603 76397 8942
86947 81053 8239
91077 69923 8026
75893 82107 9096
90666 70334 8097
91188 71812 7892
91680 71320 7743
69327 83673 9180
63221 98779 8000
90788 67212 8101
63082 95918 8684
89007 73993 8312
85232 74768 8685
90410 67590 8160
88674 72326 8392
73798 87202 9066
79423 78577 8990
58174 99826 7924
76127 90873 8736
88741 74259 8346
92896 65104 7675
88009 73991 8457
69397 88603 9098
62733 96267 8649
60395 99605 7814
79941 78059 8969
77949 87051 8899
79523 90477 8204
74495 92505 8677
93191 64809 7503
92471 64529 7793
82743 87257 8295
79825 85175 8863
63530 98470 8141
65600 91400 8998
64380 96620 8568
93774 62226 7153
62910 97090 8529
60453 99547 7857
77044 83956 9035
68576 94424 8742
59008 99992 7635
71763 91237 8912
60742 96258 8662
72461 88539 9051
75700 85300 9060
57170 99830 7980
73452 94548 8062
90264 75736 7719
87105 76895 8500
71962 94038 8639
71019 81981 9177
68433 91567 8969
74687 88313 8989
67635 84365 9181
60595 99405 7951
91276 71724 7868
74389 81611 9133
62456 98544 8178
69781 87219 9134
90044 74956 8015
67544 97456 7989
89117 70883 8340
75493 90507 8807
86691 82309 8039
89000 78000 7965
53848 100152 7925
74428 86572 9066
86844 82156 7977
51305 100695 7687
91923 69077 7834
84164 75836 8752
93770 59230 7394
75731 87269 8993
57874 98126 8406
69205 96795 8014
82215 75785 8863
63767 98233 8201
74793 93207 8530
90408 73592 8010
60301 99699 7718
68902 89098 9085
92340 66660 7802
74107 91893 8765
72914 90086 8949
79207 86793 8842
92488 67512 7705
88033 79967 7974
53220 100780 7590
75822 80178 9104
80584 89416 8353
73890 84110 9132
65164 96836 8504
54353 99647 8072
61988 98012 8352
94021 57979 7153
73839 92161 8754
82042 76958 8870
68700 94300 8752
75986 93014 8177
60693 99307 7997
62187 95813 8703
81436 87564 8539
57930 100070 7772
65999 97001 8417
60964 95036 8781
63321 91679 8986
67783 96217 8492
69172 95828 8480
90849 72151 7984
72177 94823 8417
68038 92962 8883
88728 73272 8370
85424 83576 8277
84951 78049 8673
67162 96838 8377
78942 90058 8572
64471 98529 7904
63448 94552 8808
77415 87585 8905
84878 80122 8638
64756 93244 8894
80058 78942 8960
78272 89728 8681
63136 97864 8341
59585 98415 8325
77751 85249 8982
77921 83079 9014
84146 85854 8056
92845 64155 7709
92793 66207 7653
87513 77487 8424
83758 79242 8746
65558 97442 8323
66732 87268 9146
59712 96288 8661
68992 95008 8654
54199 99801 8030
90687 73313 7940
64663 97337 8406
85524 80476 8559
70085 91915 8916
69137 92863 8869
77557 91443 8536
92976 63024 7680
88875 77125 8165
55677 100323 7806
80785 87215 8674
53372 100628 7718
66269 94731 8764
92162 69838 7643
77744 86256 8944
61642 99358 7746
63709 93291 8895
70900 95100 8509
73917 88083 9027
65422 95578 8689
92672 66328 7697
73592 94408 8178
73433 94567 7983
83226 76774 8805
83689 82311 8674
62972 99028 7750
66393 94607 8774
59232 99768 7860
48965 101035 7296
64776 95224 8743
49967 101033 7351
65434 86566 9159
81323 79677 8891
72108 91892 8851
93927 59073 7301
87911 80089 8022
55456 100544 7506
69390 89610 9060
66013 97987 8017
60618 97382 8519
65404 90596 9039
81659 80341 8863
67482 97518 7932
65964 86036 9166
93330 63670 7496
82469 83531 8733
69285 95715 8501
79681 88319 8689
54321 100679 7516
91451 72549 7621
93853 61147 7196
56677 100323 7690
87712 80288 8087
78781 88219 8774
60295 98705 8231
76560 90440 8748
59275 98725 8257
68854 96146 8415
73949 94051 8335
69988 94012 8739
71446 92554 8827
90397 72603 8079
61318 96682 8613
75128 82872 9110
76039 92961 8212
72034 92966 8766
85197 78803 8638
80295 83705 8882
83478 76522 8791
83462 86538 8208
55497 100503 7669
87517 74483 8502
91896 71104 7596
63322 96678 8583
85867 75133 8635
59039 99961 7711
63445 98555 8111
55885 100115 7902
91632 67368 7956
75240 91760 8708
64130 94870 8780
62697 97303 8493
88596 77404 8210
73663 93337 8631
89912 71088 8220
70007 94993 8602
77734 89266 8767
85067 82933 8448
57330 99670 8044
66307 97693 8137
86070 79930 8520
93237 64763 7470
89938 73062 8162
76561 81439 9081
61604 99396 7650
84402 85598 7944
76233 80767 9093
90862 74138 7701
74365 85635 9097
68150 94850 8704
93309 64691 7397
83457 86543 8209
68145 84855 9177
77530 84470 9007
87674 75326 8471
71794 95206 8313
82079 75921 8870
78586 85414 8931
88795 78205 8032
88907 70093 8370
80019 80981 8946
91530 66470 7976
56609 100391 7573
72377 89623 8997
77827 81173 9038
71058 89942 9020
70202 87798 9112
85890 79110 8564
73388 90612 8895
62769 98231 8255
59478 97522 8508
88051 74949 8431
88646 78354 8079
88038 77962 8295
93552 63448 7337
76171 88829 8892
53796 100204 7903
62969 99031 7667
67785 82215 9188
91591 70409 7869
82138 87862 8321
56642 100358 7656
63721 97279 8461
70492 93508 8773
54918 100082 7936
90737 70263 8085
89575 76425 7999
55476 100524 7588
60272 99728 7649
64281 97719 8327
61870 99130 7977
78085 87915 8845
71270 95730 8106
88531 78469 8106
92603 68397 7469
68421 96579 8320
71690 84310 9164
78185 90815 8554
91221 67779 8027
73888 91112 8839
64303 90697 9037
70465 85535 9159
59149 99851 7800
74176 93824 8416
82083 85917 8629
71512 95488 8216
92256 69744 7515
72615 92385 8791
73932 80068 9146
55213 99787 8033
80578 88422 8560
72807 93193 8701
91362 70638 7920
60536 99464 7912
89616 71384 8267
70695 84305 9173
61185 97815 8421
66480 95520 8674
77049 87951 8904
72553 84447 9150
82359 77641 8850
58091 98909 8245
92916 66084 7583
67624 97376 8047
90194 74806 7974
73169 88831 9015
74687 82313 9125
92574 67426 7664
69041 93959 8777
93195 62805 7618
67319 91681 8971
62296 96704 8597
58482 98518 8326
76570 92430 8415
63680 94320 8824
84383 84617 8377
90446 72554 8069
90881 74119 7678
71488 93512 8731
91931 66069 7899
93148 65852 7320
71224 95776 8063
64149 95851 8677
54370 100630 7641
89952 72048 8196
88139 77861 8281
84620 74380 8725
85797 79203 8571
89170 76830 8096
87877 72123 8486
87384 78616 8382
84862 83138 8467
90363 71637 8125
80678 89322 8356
89527 73473 8233
92241 69759 7560
92269 68731 7716
67101 90899 9015
75764 88236 8950
89248 74752 8239
93603 63397 7187
71247 90753 8963
74912 84088 9103
69310 96690 8080
64280 96720 8553
83924 76076 8766
93592 62408 7392
85331 78669 8629
65195 94805 8775
66228 91772 8973
56348 98652 8309
76355 85645 9028
78274 79726 9033
83624 85376 8435
66303 92697 8919
86900 77100 8518
88081 78919 8203
55863 99137 8204
63619 92381 8949
75690 90310 8812
81566 81434 8853
76191 90809 8738
79394 84606 8911
79149 88851 8686
71995 83005 9167
90057 71943 8178
66640 92360 8937
77146 79854 9068
73463 85537 9120
79794 89206 8574
70222 81778 9183
90642 74358 7823
90925 74075 7595
71078 92922 8809
88270 79730 7773
80031 89969 8323
84231 77769 8733
70969 89031 9062
72077 87923 9080
69086 82914 9184
71101 91899 8888
86906 79094 8442
54842 100158 7906
82758 75242 8835
88249 78751 8170
79644 79356 8976
83546 80454 8740
83345 81655 8732
88280 79720 7739
68437 90563 9023
75317 81683 9113
65852 94148 8820
80256 89744 8341
79630 87370 8766
72280 91720 8857
70408 91592 8930
91646 69354 7899
72978 83022 9155
68142 87858 9127
92524 68476 7552
66871 83129 9189
87313 77687 8445
91391 72609 7684
89395 72605 8286
69378 94622 8691
64996 90004 9068
60643 98357 8311
92263 69737 7416
84318 85682 7988
76402 92598 8377
93731 62269 7230
89046 77954 7947
93137 65863 7370
58659 99341 8115
67994 97006 8195
89070 75930 8209
59637 99363 8055
81575 78425 8887
53184 100816 7451
91245 72755 7784
86874 82126 7805
63766 96234 8636
77436 82564 9039
79524 80476 8975
65003 88997 9106
79059 78941 9004
80191 82809 8910
67788 93212 8867
61678 98322 8284
67285 94715 8744
74056 89944 8916
94005 58995 7147
55461 100539 7530
92527 67473 7687
91809 70191 7799
75815 84185 9075
61595 97405 8500
87670 79330 8274
67172 95828 8608
93232 63768 7556
75112 83888 9100
76626 92374 8424
70278 94722 8632
66718 97282 8269
80183 86817 8757
79460 83540 8933
76606 82394 9073
67018 93982 8816
73069 88931 9013
64134 89866 9075
81478 83522 8810
90108 69892 8203
86149 77851 8573
81301 76699 8909
91836 71164 7659
89445 77555 7619
93747 61253 7348
70005 92995 8835
93044 65956 7482
87811 76189 8435
66441 96559 8500
77234 88766 8839
61031 95969 8692
80891 86109 8743
67206 89794 9070
86748 76252 8552
59688 98312 8347
65964 96036 8616
63132 98868 7941
74092 92908 8655
79021 80979 8993
70370 92630 8854
71642 85358 9151
75347 92653 8595
57789 99211 8172
81074 82926 8854
68337 95663 8579
62849 93151 8906
61977 99023 8039
83853 84147 8538
75377 84623 9082
90183 68817 8194
58574 99426 8085
56512 99488 8109
72046 94954 8383
86406 80594 8424
83975 83025 8612
64879 98121 8141
88650 76350 8275
65956 98044 7976
84542 76458 8725
86675 73325 8585
65668 87332 9146
79234 81766 8975
91682 70318 7840
77968 89032 8770
76096 83904 9070
83950 74050 8767
71645 95355 8271
76759 84241 9041
81322 88678 8352
94015 57985 7182
57864 100136 7715
76590 89410 8829
72281 81719 9169
90803 74197 7747
90473 74527 7897
69505 96495 8163
87612 78388 8352
59992 97008 8577
84178 84822 8396
72111 85889 9135
68060 82940 9187
75738 86262 9031
92900 67100 7352
62280 95720 8712
79631 85369 8868
85885 82115 8367
68157 89843 9064
59368 99632 7934
69500 92500 8888
67580 85420 9172
93249 64751 7460
70000 90000 9035
77077 84923 9016
89659 74341 8168
76945 92055 8474
77719 88281 8844
61796 99204 7924
93151 62849 7635
82657 81343 8787
73440 94560 8041
55735 99265 8173
80895 80105 8911
92265 65735 7832
82858 80142 8795
81833 87167 8529
91638 68362 7940
84558 79442 8678
86482 74518 8592
83229 82771 8698
82451 79549 8826
63058 98942 7888
74965 90035 8871
86095 81905 8344
66415 97585 8177
90186 75814 7788
92319 68681 7690
93796 61204 7310
51002 100998 7474
90335 69665 8168
72241 90759 8928
67080 85920 9167
83038 76962 8815
78223 81777 9017
64836 94164 8829
81969 84031 8755
92450 68550 7609
85961 80039 8528
70210 95790 8375
79557 90443 8260
85700 81300 8489
