67835 57165 7114
72996 54004 6475
54628 66372 7491
73394 54606 6083
45819 80181 6355
55157 75843 6780
52048 76952 6829
39771 80229 6533
43925 80075 6497
68281 62719 6938
55255 69745 7386
55909 68091 7434
43110 80890 6196
49800 75200 7149
51207 71793 7372
54178 73822 7153
49960 73040 7319
49621 78379 6671
74622 48378 5762
51480 70520 7428
61572 63428 7369
70607 60393 6729
58398 65602 7432
73905 51095 6223
53623 65377 7516
61599 68401 7174
73210 53790 6397
52569 69431 7452
57390 62610 7483
56158 69842 7357
41178 79822 6617
50497 65503 7519
56397 73603 7040
48833 79167 6460
45694 78306 6857
66593 65407 6960
52094 65906 7516
51928 75072 7104
45456 76544 7073
69012 61988 6884
61720 66280 7278
42875 80125 6525
54842 67158 7474
73397 54603 6047
54706 72294 7270
50211 67789 7498
43195 78805 6793
64495 68505 6875
56540 65460 7474
58762 74238 6594
56100 74900 6864
64947 61053 7248
67873 64127 6897
50477 76523 6989
60913 60087 7413
38504 81496 6158
50754 71246 7404
41031 79969 6586
53961 73039 7235
71769 59231 6351
67664 64336 6910
54005 74995 7021
58132 73868 6827
48912 79088 6484
44262 78738 6797
59969 61031 7434
51737 62263 7531
74692 46308 5865
73687 53313 6153
65732 65268 7063
45116 79884 6496
64573 63427 7225
61325 60675 7401
58052 67948 7375
73470 51530 6378
62197 59803 7376
60598 72402 6758
50113 78887 6339
69898 61102 6803
59684 72316 6908
41860 81140 6097
67403 65597 6783
58873 70127 7223
54419 75581 6906
75062 43938 5567
63006 64994 7264
53151 64849 7521
74039 51961 5965
74333 49667 6013
70178 56822 6923
61086 61914 7400
45003 77997 6908
57492 69508 7324
57602 74398 6782
50097 73903 7262
69228 60772 6924
50663 78337 6555
44413 77587 6964
61011 64989 7357
58825 62175 7455
50971 73029 7308
41973 81027 6218
68182 58818 7079
58716 71284 7140
52993 77007 6729
70716 57284 6856
68145 56855 7093
58715 69285 7279
57542 70458 7268
47651 79349 6513
59712 71288 7053
49288 78712 6585
50511 77489 6825
52611 73389 7245
53353 73647 7199
48490 79510 6317
37373 81627 6067
55339 73661 7109
69037 62963 6796
65927 60073 7206
62031 68969 7107
57003 70997 7260
74997 45003 5518
64251 61749 7272
55539 72461 7222
37459 81541 6152
72930 53070 6506
64578 62422 7245
71419 57581 6738
53067 66933 7499
74193 48807 6138
54117 75883 6882
55995 76005 6508
62996 66004 7217
52470 72530 7316
48648 79352 6390
71683 56317 6716
43391 78609 6822
55501 70499 7345
67878 61122 7061
66191 65809 6975
53427 70573 7394
57262 66738 7439
50180 78820 6387
41458 80542 6439
59033 71967 7028
50454 70546 7439
53590 77410 6341
54636 70364 7375
67131 59869 7142
53343 69657 7432
49410 77590 6862
50369 78631 6459
37871 81129 6325
47020 79980 6311
57841 70159 7272
51375 76625 6933
73153 54847 6321
55984 67016 7457
72215 55785 6633
67566 62434 7041
40408 80592 6448
43475 79525 6652
62280 61720 7363
73358 53642 6343
59675 64325 7420
48301 78699 6678
54211 76789 6598
61329 62671 7385
39635 81365 6172
50947 78053 6631
74467 49533 5705
67737 61263 7070
55965 75035 6853
65250 62750 7202
54551 76449 6670
58441 74559 6404
71731 54269 6734
64365 65635 7146
42441 80559 6410
46867 79133 6634
74849 45151 5755
50061 78939 6286
49272 72728 7340
67186 56814 7160
41559 79441 6695
52131 77869 6536
53114 69886 7428
40932 81068 6270
66246 66754 6839
57822 73178 6971
70900 60100 6695
58478 67522 7376
72714 56286 6412
62126 66874 7228
44760 77240 7004
58392 67608 7376
54465 76535 6652
61306 69694 7099
73855 52145 6176
48033 72967 7331
53516 76484 6810
46388 79612 6507
66331 58669 7195
40594 80406 6490
69656 62344 6731
71990 58010 6580
55818 76182 6445
65789 59211 7220
51285 75715 7056
55623 63377 7507
57867 65133 7452
55661 76339 6252
39594 80406 6492
63903 70097 6453
70446 55554 6907
66172 57828 7208
49515 71485 7400
68228 64772 6719
69395 62605 6760
59554 67446 7334
57032 73968 6926
74686 45314 5872
52692 68308 7481
54384 71616 7319
64359 66641 7086
63515 61485 7312
60519 66481 7329
42143 80857 6305
48464 75536 7149
52314 74686 7132
62757 63243 7321
73756 52244 6239
63110 66890 7161
63527 65473 7209
61442 67558 7234
52565 75435 7041
55155 71845 7286
71759 59241 6375
57418 68582 7372
73091 54909 6362
60480 65520 7365
54391 74609 7049
37555 81445 6196
51684 78316 6308
61252 70748 6969
60496 71504 6948
58490 74510 6532
45084 78916 6756
52370 76630 6877
42662 79338 6704
60042 66958 7333
73064 54936 6377
69037 63963 6601
70757 59243 6780
74017 51983 6013
74599 48401 5849
51946 78054 6442
72116 57884 6525
49702 68298 7492
72889 56111 6121
64316 59684 7289
59196 65804 7402
53838 76162 6858
66076 62924 7150
54844 76156 6727
67098 63902 7009
73491 51509 6372
60675 67325 7288
53089 75911 6953
72648 54352 6557
56239 74761 6874
67754 58246 7115
72836 56164 6328
75121 41879 5358
38572 81428 6203
62116 70884 6821
55748 72252 7231
68713 61287 6964
44321 79679 6601
72531 55469 6566
68389 59611 7055
47323 76677 7056
64698 64302 7189
54548 75452 6916
72277 57723 6435
72530 56470 6489
72646 55354 6538
74411 47589 6026
53356 63644 7529
55325 68675 7430
73767 50233 6293
66070 61930 7172
51222 76778 6915
59486 70514 7157
44833 80167 6419
58960 71040 7146
44073 77927 6919
38474 80526 6465
52487 67513 7494
56237 64763 7487
63620 68380 7016
55553 69447 7391
43168 80832 6245
58471 74529 6498
57439 65561 7454
57973 71027 7206
66315 64685 7045
55033 70967 7336
66689 63311 7082
57825 69175 7326
69334 57666 6996
48737 74263 7249
60754 62246 7408
59576 68424 7285
59315 60685 7447
71694 59306 6452
43619 79381 6682
44273 80727 6147
67002 61998 7114
66670 60330 7164
43033 80967 6129
62503 65497 7270
58304 72696 6995
68366 61634 6988
64039 66961 7091
39814 81186 6264
46107 77893 6916
62580 66420 7223
65343 64657 7127
62260 60740 7371
65488 68512 6403
57688 67312 7414
64983 59017 7261
39545 81455 6106
68783 57217 7047
53867 72133 7304
73752 53248 6076
55373 69627 7388
56405 69595 7360
64889 68111 6873
60567 69433 7172
50175 69825 7460
66065 63935 7106
36273 81727 5943
45578 80422 6138
55142 74858 6956
58124 63876 7462
58009 68991 7327
68914 56086 7036
63255 62745 7306
56693 70307 7315
61870 68130 7173
45928 79072 6686
43069 78931 6774
73594 52406 6310
46931 80069 6211
64140 69860 6481
46560 75440 7163
57367 71633 7192
55724 76276 6337
58794 61206 7457
43020 80980 6109
59610 61390 7441
63136 69864 6861
70838 61162 6399
71298 59702 6624
45616 80384 6255
67032 65968 6802
64146 67854 7012
70150 57850 6909
63172 67828 7101
53761 73239 7225
64391 60609 7278
46983 75017 7194
53769 68231 7471
46899 78101 6866
74462 48538 5978
72643 54357 6558
72890 55110 6447
71697 58303 6653
69480 61520 6844
72375 57625 6331
54433 66567 7491
66380 66620 6834
72862 56138 6291
63291 59709 7336
48795 77205 6953
47591 73409 7305
64869 67131 7004
74905 46095 5688
54953 73047 7195
60927 72073 6772
70752 61248 6482
53294 72706 7283
45591 80409 6224
65217 68783 6457
59078 73922 6632
42968 79032 6757
49628 73372 7302
53151 67849 7485
59585 73415 6687
55822 69178 7395
69031 57969 7020
53574 77426 6315
48655 74345 7243
74660 47340 5879
53673 71327 7352
57438 73562 6950
45332 77668 6951
72201 54799 6644
71538 57462 6721
51053 77947 6657
74448 49552 5824
63562 67438 7098
51191 74809 7150
62908 67092 7163
74019 50981 6160
69785 60215 6875
58294 62706 7464
67386 63614 6995
48487 79513 6246
69867 62133 6702
71323 56677 6771
56444 75556 6623
51585 67415 7499
68947 63053 6805
70656 61344 6532
74247 50753 5889
56900 75100 6705
40066 79934 6594
45306 79694 6545
68368 63632 6862
59932 70068 7166
42391 78609 6824
58643 68357 7330
64953 58047 7267
74508 47492 5976
60670 68330 7235
42029 79971 6576
52176 69824 7445
59826 69174 7230
44890 80110 6436
52845 71155 7377
62230 64770 7311
41040 80960 6309
49220 75780 7105
57029 71971 7183
40000 81000 6334
54736 64264 7511
51984 65016 7522
61858 61142 7381
72882 54118 6505
49934 72066 7370
62660 62340 7340
59350 66650 7372
52094 66906 7505
62611 64389 7303
56661 75339 6671
67973 59027 7092
58867 72133 7021
61222 69778 7098
70767 58233 6827
72634 53366 6568
62012 63988 7341
56285 72715 7154
73071 51929 6483
60115 72885 6732
69525 63475 6494
72796 56204 6358
53707 66293 7502
48850 75150 7177
51780 71220 7393
68507 59493 7047
74803 47197 5633
73941 52059 6093
47517 79483 6475
72378 57622 6295
50734 72266 7354
72385 56615 6546
63023 68977 7018
49496 75504 7126
46016 77984 6905
62451 61549 7358
40781 81219 6189
49966 76034 7057
65758 67242 6852
44257 80743 6099
57456 72544 7100
68609 64391 6668
70367 61633 6629
44400 80600 6258
43303 80697 6317
74425 49575 5897
60022 61978 7428
56249 68751 7401
53947 77053 6506
71216 58784 6729
57289 74711 6752
44260 80740 6127
65471 65529 7068
74238 49762 6076
63558 63442 7277
71202 55798 6799
63889 70111 6412
56780 68220 7408
65748 61252 7202
55981 71019 7303
50478 74522 7196
67357 62643 7054
59224 69776 7226
58453 66547 7408
52035 75965 6996
67536 63464 6987
56439 71561 7249
75108 42892 5477
48513 73487 7298
51525 77475 6748
68536 58464 7055
69556 59444 6947
43387 80613 6343
74725 47275 5802
55217 68783 7429
