99058 68942 7686
88704 87296 8251
66368 101632 8358
86247 85753 9051
82580 90420 9010
72693 97307 8943
69347 90653 9430
96993 70007 8230
98162 66838 8069
68427 100573 8563
71458 81542 9504
81752 91248 9000
99237 69763 7331
99982 65018 7615
68764 98236 8999
66213 99787 8863
68186 99814 8772
95614 77386 8089
74703 89297 9398
74029 97971 8682
99682 67318 7544
56820 103180 8352
91971 83029 8356
84819 85181 9185
86890 81110 9157
100120 65880 7295
59132 101868 8672
96188 68812 8384
96201 74799 8179
70671 88329 9465
72099 90901 9396
94664 73336 8521
74813 91187 9338
57493 102507 8566
66109 100891 8647
60337 102663 8444
80988 91012 9081
77263 88737 9366
101734 55266 6989
72691 89309 9427
97396 70604 8113
64449 99551 8951
91932 75068 8820
99422 66578 7734
93781 78219 8482
62772 97228 9166
72946 88054 9449
66048 90952 9434
67712 91288 9421
60844 101156 8775
61841 99159 9019
80776 90224 9157
87566 78434 9143
98265 67735 8012
64869 99131 8989
85059 90941 8409
85636 86364 9070
95321 71679 8466
99808 65192 7674
65559 99441 8936
57663 103337 8221
73038 90962 9380
56742 102258 8620
80163 92837 8963
61752 101248 8745
80970 94030 8602
71314 94686 9234
80500 87500 9315
67098 99902 8805
92130 80870 8604
62877 102123 8489
81299 92701 8861
58232 101768 8705
89882 84118 8703
98542 70458 7753
78134 92866 9113
86110 89890 8432
84149 90851 8757
71741 83259 9502
67601 94399 9304
81983 92017 8881
68469 99531 8811
70548 93452 9321
94252 79748 8210
101731 55269 7023
81895 90105 9094
65206 99794 8893
87146 85854 8955
86778 78222 9186
70239 92761 9357
75873 90127 9352
75075 84925 9467
97202 72798 8033
89362 81638 8923
67726 98274 9020
62297 102703 8177
98140 65860 8086
79505 90495 9209
100175 61825 7663
58865 103135 8277
68205 85795 9504
74972 83028 9477
87022 83978 9063
97531 74469 7534
96678 70322 8283
95143 78857 7982
88837 86163 8648
90875 74125 8915
74959 96041 8972
71775 99225 8606
91618 77382 8811
97716 71284 7980
72826 83174 9495
85059 82941 9227
61000 99000 9033
73370 98630 8570
61361 100639 8848
80232 93768 8822
69063 98937 8891
62859 99141 9012
93379 72621 8701
69900 99100 8820
72795 98205 8771
96688 67312 8317
94705 74295 8486
98661 65339 7983
50126 103874 7954
100659 59341 7548
96131 71869 8334
62606 101394 8695
70575 86425 9492
78456 85544 9413
100768 61232 7470
59388 101612 8719
85695 89305 8766
94721 79279 8111
62681 102319 8424
101246 58754 7317
86468 89532 8433
101118 58882 7403
79862 91138 9148
74567 80433 9483
88513 86487 8670
68828 100172 8652
82092 92908 8695
72169 91831 9367
73028 98972 8492
77739 90261 9298
69977 84023 9507
95790 72210 8383
87158 88842 8421
89579 80421 8938
98715 71285 7539
70306 87694 9477
99131 67869 7749
95751 77249 8054
96344 73656 8211
80733 82267 9398
72708 99292 8411
69660 92340 9380
96483 69517 8331
74027 96973 8902
67320 99680 8836
99003 68997 7705
76271 94729 9040
96505 76495 7781
85817 84183 9149
99733 64267 7745
91528 79472 8761
74604 96396 8946
95245 78755 7855
79888 81112 9419
84262 85738 9197
90725 81275 8786
101893 50107 6779
100440 60560 7601
78933 96067 8214
70472 82528 9507
67175 86825 9499
76354 90646 9320
82221 87779 9220
72347 99653 8239
94054 75946 8532
74483 97517 8752
84285 83715 9250
93695 75305 8603
96155 73845 8242
100137 65863 7168
66698 94302 9318
69670 86330 9497
97638 73362 7802
101595 56405 7193
100266 60734 7646
66569 95431 9254
96461 72539 8239
65781 101219 8587
68087 87913 9482
67636 101364 8298
95837 71163 8399
63852 98148 9092
82354 86646 9261
93994 73006 8623
66153 101847 8183
101372 58628 7180
82108 83892 9340
95845 75155 8243
71667 86333 9486
99397 65603 7792
100905 61095 7401
69367 98633 8928
75193 93807 9177
86076 88924 8764
94209 74791 8545
72015 92985 9320
80877 85123 9361
65395 85605 9506
76625 89375 9360
94394 71606 8594
73135 98865 8519
97576 70424 8076
68119 98881 8937
92658 81342 8434
73108 94892 9168
85205 85795 9129
74365 91635 9328
75226 81774 9477
89895 75105 8988
90110 83890 8686
83933 87067 9154
55846 103154 8376
59976 103024 8265
68128 100872 8480
73291 89709 9410
76927 93073 9159
57347 102653 8527
78394 94606 8898
87778 84222 8979
75258 86742 9445
62224 100776 8814
58784 103216 8201
94603 77397 8360
77022 84978 9445
63708 100292 8856
88102 85898 8825
100583 63417 7224
71096 98904 8773
87319 82681 9082
63535 99465 8971
91195 81805 8692
79469 93531 8944
95301 74699 8369
73253 97747 8827
66398 96602 9183
97380 67620 8215
100964 61036 7337
101734 55266 7010
67575 90425 9442
98752 64248 7975
66715 101285 8477
93769 74231 8622
96458 76542 7822
86828 88172 8751
70254 98746 8862
80394 84606 9385
69724 100276 8509
74615 86385 9457
76624 82376 9463
80646 89354 9221
101337 58663 7237
74481 98519 8383
65101 101899 8376
92655 78345 8652
89578 77422 9001
88814 84186 8866
73924 96076 9026
67294 94706 9290
90393 84607 8531
84480 86520 9145
85195 90805 8412
93156 80844 8370
61452 101548 8700
56489 103511 8105
89249 76751 9033
56400 102600 8549
76401 83599 9461
82782 84218 9306
89594 76406 9009
80487 83513 9398
72486 95514 9139
74031 89969 9392
65725 95275 9270
86436 80564 9198
98589 66411 7979
92739 74261 8750
55386 103614 8101
86976 89024 8432
85395 88605 8917
70130 95870 9178
87056 86944 8875
66575 100425 8728
78531 88469 9345
58020 102980 8406
73269 96731 8984
67064 97936 9068
101631 56369 7019
60544 101456 8730
94815 72185 8528
81297 89703 9161
86920 86080 8966
100209 62791 7643
79531 89469 9268
75804 97196 8657
56974 103026 8412
84394 91606 8286
91242 79758 8785
81191 85809 9334
70960 98040 8934
73088 85912 9480
82046 85954 9297
81286 82714 9381
97185 74815 7788
86191 79809 9215
101313 58687 7264
81276 80724 9387
58941 101059 8810
76437 88563 9387
97830 72170 7863
93256 81744 7929
74345 94655 9142
87359 86641 8862
95707 71293 8416
100128 64872 7549
84808 89192 8917
86498 83502 9121
78073 91927 9190
66614 90386 9446
88410 82590 8986
93291 74709 8674
77937 91063 9250
71956 89044 9441
101619 56381 7166
77204 86796 9414
98829 71171 7450
79732 90268 9212
83699 87301 9156
101385 58615 7087
99481 67519 7640
68720 96280 9175
64809 102191 8150
93183 79817 8479
66361 91639 9416
99207 62793 7887
91231 78769 8816
69101 99899 8703
100363 62637 7595
101478 57522 7208
80704 88296 9273
99836 67164 7396
75395 97605 8593
96561 75439 7995
92613 82387 8235
79093 95907 8316
71368 84632 9500
65337 95663 9250
92425 76575 8741
72441 94559 9214
59912 103088 8076
92905 79095 8585
89707 81293 8899
57782 102218 8623
79539 95461 8413
62856 96144 9231
94753 71247 8555
67393 92607 9384
72445 83555 9497
92334 79666 8646
85916 82084 9198
69697 91303 9412
91080 75920 8888
76970 94030 9072
63957 101043 8717
91684 80316 8708
100933 59067 7462
71183 84817 9500
75247 94753 9093
83830 90170 8914
97343 69657 8164
66387 98613 9016
58244 102756 8488
56727 103273 8310
98790 68210 7844
66310 88690 9476
81417 83583 9370
64972 96028 9230
69177 87823 9480
76574 93426 9147
67494 100506 8662
99604 65396 7736
63361 95639 9260
86294 87706 8906
71264 90736 9411
61099 102901 8160
57178 101822 8700
86115 86885 8995
99130 69870 7506
64820 102180 8211
70511 89489 9446
74608 95392 9062
98091 69909 7956
73585 94415 9188
70292 85708 9499
69266 100734 8373
77209 93791 9082
55543 103457 8243
79959 95041 8484
61414 99586 8982
64440 98560 9049
81127 86873 9310
85937 80063 9228
96188 72812 8285
86134 87866 8909
100364 64636 7288
94134 78866 8351
91505 77495 8820
86733 80267 9182
85160 89840 8763
91896 77104 8788
88646 86354 8661
98717 71283 7538
76467 81533 9467
84918 91082 8392
96022 69978 8395
79169 87831 9351
100127 63873 7634
64984 102016 8327
95636 72364 8403
98059 72941 7651
76511 95489 8937
78006 93994 9006
89254 78746 9015
70797 96203 9132
82878 86122 9254
79666 87334 9352
68332 84668 9509
52180 103820 8028
73085 97915 8808
73186 90814 9382
65596 97404 9135
81433 81567 9383
65544 98456 9044
100372 61628 7613
89572 84428 8726
91362 73638 8877
77520 92480 9176
52170 103830 7971
68362 91638 9410
98383 71617 7677
92117 77883 8741
92390 73610 8793
98360 64640 8050
101690 55310 7164
89269 75731 9032
72551 99449 8365
80503 85497 9366
99521 68479 7471
54267 103733 8007
64558 100442 8811
72164 85836 9487
78490 84510 9429
91466 83534 8425
87149 84851 9013
90981 82019 8710
81065 85935 9336
69979 100021 8577
85060 81940 9249
65361 100639 8747
72521 84479 9493
97192 69808 8193
77403 96597 8544
65967 99033 8978
88592 82408 8975
92365 81635 8469
76742 93258 9153
72434 99566 8307
79065 91935 9137
81135 91865 8986
91742 82258 8541
96807 75193 7919
53290 103710 8100
68054 88946 9467
69516 100484 8449
63853 102147 8393
99429 64571 7819
74127 98873 8213
81487 87513 9269
97973 66027 8119
77250 92750 9169
73548 92452 9309
54331 103669 8099
93775 71225 8660
82905 92095 8724
69815 87185 9486
71309 87691 9471
56501 103499 8136
72305 98695 8696
75153 97847 8538
75697 87303 9427
98286 71714 7712
76990 90010 9329
88942 78058 9048
68141 95859 9213
101352 55648 7316
75203 90797 9344
82653 88347 9164
65218 100782 8721
88633 85367 8790
76518 92482 9220
96735 73265 8137
85957 88043 8912
79498 95502 8405
86599 79401 9194
100230 60770 7655
97228 74772 7768
95665 75335 8269
73881 98119 8657
88073 84927 8907
72992 81008 9495
81952 83048 9361
68261 97739 9064
66917 92083 9403
77457 95543 8836
96683 68317 8315
58729 103271 8110
62439 102561 8326
99788 67212 7460
92999 82001 8137
78931 90069 9262
73140 84860 9486
97771 70229 8031
91575 82425 8557
78342 95658 8675
74912 92088 9292
50116 103884 7917
85459 79541 9250
62805 102195 8471
92843 79157 8592
66823 91177 9427
101283 58717 7292
67289 84711 9510
87436 81564 9104
98301 72699 7427
98614 67386 7935
99233 69767 7454
68052 96948 9136
100434 61566 7593
70058 96942 9089
80489 94511 8553
59867 102133 8606
61690 102310 8491
87467 86533 8857
64156 95844 9246
66183 85817 9505
74690 90310 9369
100398 63602 7514
96424 75576 8036
67497 98503 9001
101509 57491 7132
92717 78283 8645
90067 82933 8780
66387 99613 8886
87915 88085 8368
85848 87152 9003
66196 93804 9340
90273 81727 8819
96337 70663 8332
81501 93499 8655
70395 84605 9504
73240 98760 8543
101129 59871 7332
77104 94896 8968
58940 103060 8330
88489 87511 8311
83754 89246 9018
61790 100210 8902
96836 70164 8257
61533 102467 8446
83616 88384 9099
98228 72772 7534
90328 80672 8855
99180 66820 7802
67992 95008 9266
60644 100356 8893
72495 90505 9401
73666 81334 9490
70640 100360 8188
91692 81308 8647
63522 102478 8176
101626 56374 7117
72779 92221 9338
78717 89283 9307
63846 100154 8874
82525 81475 9352
76869 96131 8780
88176 79824 9080
87669 85331 8929
96794 72206 8181
88108 86892 8696
90760 76240 8913
76490 82510 9464
77438 91562 9240
68845 92155 9395
66409 93591 9348
99815 61185 7758
66162 101838 8259
68400 93600 9339
88949 87051 8154
64769 94231 9325
71819 95181 9185
99374 68626 7553
76278 97722 8293
101514 57486 7082
69361 93639 9328
95074 77926 8196
77405 85595 9431
79170 94830 8748
99969 63031 7706
93943 74057 8603
69094 91906 9400
78701 82299 9438
75112 85888 9458
96554 71446 8267
85038 83962 9204
84489 91511 8338
70279 97721 9003
78895 86105 9395
83827 80173 9309
55676 102324 8609
97784 66216 8150
64891 102109 8285
73422 82578 9491
67366 86634 9500
77301 80699 9457
75815 93185 9200
68503 89497 9457
78346 89654 9304
62161 100839 8805
95997 73003 8313
67036 100964 8561
69451 97549 9050
94932 75068 8420
71717 98283 8852
59122 102878 8409
88182 83818 8957
82116 84884 9318
97374 73626 7895
83775 91225 8748
60657 102343 8526
71380 97620 8972
70637 94363 9269
101488 56512 7258
93578 79422 8426
72381 97619 8918
81792 89208 9163
71029 99971 8429
71552 99448 8562
85038 87962 9013
74150 92850 9271
68852 97148 9104
89125 83875 8845
72285 92715 9327
77171 83829 9452
96291 76709 7895
72286 98714 8693
94461 76539 8442
90632 77368 8912
87248 83752 9052
84839 86161 9139
83899 89101 9018
90367 79633 8883
98402 70598 7798
101000 61000 7211
101249 56751 7359
89014 82986 8908
77755 96245 8602
84936 84064 9207
91682 73318 8852
84781 87219 9087
75257 96743 8840
100064 65936 7431
75120 91880 9297
75715 95285 9014
68854 87146 9490
100589 59411 7567
96485 70515 8312
70698 100302 8311
66767 95233 9264
101502 57498 7181
59513 102487 8530
75840 89160 9382
95206 78794 7953
75385 95615 8997
77581 93419 9097
86104 84896 9102
73107 95893 9083
93436 76564 8602
99299 68701 7586
69088 100912 8222
100549 62451 7508
88282 81718 9025
67551 101449 8155
70658 98342 8905
62653 100347 8868
97579 68421 8154
97349 68651 8195
101152 59848 7289
66537 87463 9493
69392 88608 9468
70787 89213 9449
97463 74537 7642
95915 76085 8146
74483 84517 9476
98203 66797 8061
96550 76450 7682
74316 83684 9481
82986 86014 9252
92629 80371 8553
88023 82977 9009
74684 93316 9231
75891 94109 9121
71209 96791 9067
101812 54188 6954
69379 94621 9274
97666 69334 8101
63488 97512 9142
85967 83033 9173
100915 57085 7477
73315 97685 8834
72470 96530 9046
82980 85020 9279
87220 87780 8738
98781 70219 7671
65494 96506 9197
53647 103353 8299
61292 102708 8367
79037 82963 9430
71887 90113 9418
65776 92224 9399
55437 103563 8157
66340 90660 9441
100378 64622 7163
82527 82473 9347
77279 90721 9291
88493 77507 9085
62318 102682 8227
90648 74352 8932
97486 74514 7606
67270 98730 8982
92836 76164 8698
79340 92660 9053
77446 89554 9334
78251 86749 9394
65914 89086 9471
72946 87054 9465
95012 70988 8525
65321 101679 8466
92947 75053 8709
90776 75224 8921
57816 103184 8330
70882 95118 9214
84054 87946 9095
90859 83141 8624
80099 84901 9389
96977 71023 8198
60138 102862 8372
86441 84559 9088
100785 62215 7282
97089 67911 8258
101878 53122 6932
99857 67143 7322
69836 85164 9504
100790 62210 7251
99876 66124 7566
61891 98109 9106
70531 97469 9022
92296 78704 8691
98010 67990 8067
92311 82689 8295
91096 74904 8896
99600 68400 7316
94718 78282 8260
76735 97265 8411
74205 88795 9419
74608 97392 8769
70639 100361 8150
76169 97831 8231
78519 83481 9436
75599 82401 9473
55263 102737 8517
95163 77837 8179
85469 87531 9011
68344 98656 8961
67858 84142 9512
91185 80815 8752
74129 98871 8264
60024 100976 8812
80169 88831 9274
75922 91078 9313
100078 65922 7410
78415 93585 9022
71393 92607 9352
69757 90243 9436
99410 67590 7666
65243 96757 9182
85912 85088 9109
56908 103092 8390
89894 85106 8575
84013 90987 8754
80165 91835 9069
85755 81245 9226
77040 87960 9391
72044 93956 9264
76262 96738 8713
95548 76452 8210
63535 102465 8239
100570 63430 7319
64853 102147 8267
66324 83676 9512
78768 93232 9034
101863 52137 6999
73567 89433 9413
74222 98778 8306
61173 102827 8279
101082 57918 7428
59843 100157 8919
101182 59818 7222
69996 94004 9300
100760 62240 7394
98181 72819 7575
86923 85077 9024
66141 87859 9488
83339 85661 9245
73058 96942 8970
61114 102886 8211
82999 83001 9321
98266 68734 7974
97724 69276 8089
73702 91298 9356
79020 83980 9423
95124 70876 8512
63662 102338 8314
77863 83137 9447
66378 92622 9387
55420 102580 8562
78850 96150 8150
53454 103546 8209
72337 99663 8152
64182 98818 9029
67680 97320 9112
71935 86065 9487
66893 96107 9211
100183 64817 7519
99014 69986 7564
95838 74162 8292
81196 88804 9221
70612 99388 8704
77346 96654 8538
69451 83549 9510
96774 69226 8288
67856 101144 8404
63482 101518 8638
69872 89128 9457
95943 77057 8001
97107 71893 8123
95328 73672 8407
80008 89992 9215
84352 81648 9288
91343 76657 8855
70133 90867 9420
99973 64027 7682
91832 76168 8814
78953 95047 8730
87339 79661 9146
84172 80828 9297
71425 88575 9455
87327 83673 9048
97021 73979 7989
66459 98541 9022
66976 99024 8956
90952 77048 8887
98131 68869 8004
80138 90862 9151
75891 83109 9468
99665 63335 7780
59525 102475 8533
84474 82526 9266
99761 66239 7615
76631 91369 9279
97339 74661 7713
99214 67786 7725
70935 92065 9377
66664 97336 9128
98098 71902 7778
95335 76665 8247
70844 94156 9277
62938 101062 8751
69853 100147 8545
82677 91323 8900
62087 101913 8593
71122 96878 9062
93183 81817 8043
69697 95303 9227
85917 81083 9220
82807 88193 9163
96748 74252 8055
74575 88425 9421
62439 99561 8974
99865 67135 7279
101827 53173 7045
74571 92429 9283
77767 94233 8996
101282 57718 7341
97665 67335 8163
67650 101350 8305
