31324 42676 3513
41401 31599 3918
40696 32304 3955
33727 37273 4055
37107 33893 4076
40174 34826 3937
36010 37990 4009
32586 42414 3527
44216 27784 3353
34756 37244 4050
37007 34993 4063
31142 41858 3732
35137 40863 3774
42625 32375 3753
39525 33475 4001
33720 42280 3463
38309 35691 4012
31558 42442 3599
35035 39965 3894
37226 36774 4019
30378 42622 3572
33563 38437 4011
36344 39656 3881
43987 28013 3507
33519 39481 3956
43697 31303 3421
44097 26903 3454
40318 36682 3836
36266 40734 3710
34696 41304 3712
27981 43019 3455
40123 37877 3736
34186 39814 3925
33717 42283 3453
34748 34252 4105
29785 42215 3672
33979 41021 3809
44147 28853 3290
38334 38666 3863
30211 42789 3517
43222 31778 3643
32275 39725 3946
39227 37773 3870
33151 38849 3992
42243 33757 3753
36694 40306 3765
35194 37806 4025
31474 42526 3571
39185 35815 3972
35494 37506 4033
36963 39037 3915
27813 43187 3365
41225 34775 3845
42638 34362 3573
39697 37303 3858
42041 35959 3469
29515 42485 3614
31163 42837 3383
32132 40868 3861
35853 37147 4042
37215 39785 3820
32727 34273 4110
29286 42714 3564
33736 39264 3968
41273 32727 3911
35474 33526 4108
31915 42085 3673
43330 32670 3478
37920 34080 4055
38237 37763 3931
36871 38129 3975
43008 33992 3356
36672 36328 4046
37847 33153 4061
34673 38327 4006
41622 36378 3631
29906 42094 3695
31711 38289 4020
32712 36288 4083
31201 42799 3436
31508 39492 3961
33645 33355 4120
43852 30148 3490
42965 34035 3408
39458 31542 4013
34350 34650 4102
34211 37789 4035
41922 33078 3828
43734 28266 3597
44201 27799 3370
43216 30784 3684
35767 39233 3937
43500 28500 3656
30282 42718 3546
28873 43127 3368
30721 42279 3657
38159 39841 3684
29983 43017 3356
33276 36724 4073
37692 34308 4057
33253 39747 3938
43324 32676 3484
40514 33486 3949
43022 32978 3599
40868 34132 3907
43192 32808 3560
37750 39250 3850
41069 31931 3937
30017 42983 3390
41922 35078 3716
32492 39508 3958
28867 43133 3316
33825 42175 3525
32637 42363 3550
43055 29945 3743
43624 30376 3589
40546 30454 3966
33704 42296 3369
41628 35372 3747
36628 39372 3903
33210 41790 3683
42435 34565 3640
36101 40899 3687
39072 38928 3733
32161 36839 4071
32574 41426 3781
43373 32627 3412
35873 40127 3841
44132 27868 3431
30091 42909 3461
34227 41773 3638
37470 33530 4069
34302 32698 4121
32974 42026 3641
29049 42951 3481
34819 36181 4075
42619 31381 3794
32362 42638 3390
41755 34245 3804
33148 37852 4038
42883 34117 3478
43925 30075 3431
39409 36591 3926
34904 41096 3742
32490 37510 4054
35610 36390 4065
41034 36966 3683
44097 28903 3400
37980 37020 3989
29203 42797 3537
35577 35423 4083
32341 42659 3339
40953 36047 3804
39153 33847 4014
38482 33518 4042
38878 32122 4034
40893 35107 3864
43355 32645 3443
35231 41769 3494
43891 30109 3462
35796 33204 4109
31150 42850 3360
37983 32017 4060
41392 33608 3869
35133 41867 3380
39349 34651 3989
33896 42104 3554
36229 33771 4094
43646 29354 3620
43953 29047 3489
37106 40894 3413
31806 42194 3655
41004 30996 3941
35001 32999 4115
37554 40446 3566
32267 34733 4104
34481 39519 3943
39022 36978 3932
37024 31976 4085
40297 31703 3977
39058 37942 3871
33178 33822 4115
31611 41389 3806
35561 41439 3584
37946 35054 4037
44356 26644 3206
40163 35837 3899
28943 43057 3430
34074 35926 4085
44282 27718 3218
35248 36752 4060
43886 28114 3549
43398 29602 3678
40470 35530 3885
35283 38717 3980
37462 36538 4019
39981 33019 3984
44058 28942 3443
39860 34140 3975
44232 27768 3328
44267 26733 3359
43485 31515 3547
40828 37172 3699
38932 34068 4020
28012 42988 3467
32418 42582 3447
41420 32580 3901
32279 38721 4001
31307 42693 3503
37383 37617 3986
38864 33136 4032
30842 42158 3680
38577 37423 3935
26761 43239 3298
36150 34850 4081
31366 42634 3531
42104 33896 3772
