54404 45948 50382
51611 50083 51541
47784 46909 53951
53159 50706 49572
53140 51787 46269
55060 47049 49585
53852 51023 46806
54779 50153 46145
49323 49268 53088
44736 48101 53892
52899 51817 47080
48420 51042 52216
55460 49439 44874
51963 52512 46888
46122 54457 46734
52569 48879 51319
48083 53651 48994
46977 46779 54126
48926 49367 53157
54714 50300 45581
48480 48397 53519
51783 46642 52421
46113 49161 53475
48656 53834 48196
51708 52317 48156
49869 47829 53272
45025 47819 53998
56758 44362 45289
56743 46788 44458
53311 51780 44642
53776 46819 50856
47682 49708 53164
52737 52183 45525
49149 48116 53439
45775 46407 54269
52916 46774 51572
47396 54066 48239
47404 50759 52540
48615 53963 47368
54599 50177 46998
50382 48703 52891
46192 53042 50295
49131 47702 53517
50212 49099 52815
56463 46148 46248
44365 46196 54357
51832 48629 51984
49565 46057 53566
47199 52480 50982
54323 49673 49045
48019 54174 46878
45359 54440 47084
50046 53498 47444
50711 50273 51969
48277 50415 52692
48778 52419 50732
51127 50408 51627
48481 53738 48646
50582 52709 48947
51992 51347 50059
45861 51702 51728
55561 49107 45523
49761 45514 53498
51597 52931 45604
56979 45388 43731
52759 52202 44907
52499 52367 45673
55669 48832 45853
54880 50170 44703
46397 54458 45406
55925 48184 46609
48181 46810 53882
47586 47335 53934
54037 50661 47495
54298 50762 45728
50421 52227 50145
44964 53486 49664
56609 46568 45362
48464 54060 46928
55423 45428 48954
45998 54112 48336
48843 53990 46124
52429 51761 48388
49958 48046 53203
54590 48545 49522
55351 47018 49073
53116 48096 51138
51710 47258 52368
55936 47189 47520
56255 44766 46987
45994 53878 48925
45464 54580 45834
51737 49444 51766
53791 49445 49878
55113 49282 47529
50380 47787 53068
51894 52681 46227
46733 46461 54185
44710 43872 54534
49600 50316 52508
52588 48593 51415
50542 52669 49100
44708 54481 46765
47983 47236 53865
46468 47400 54043
55794 46264 48293
51157 52448 48730
56784 46330 44562
52826 45635 51726
51067 52897 47560
54508 47713 49989
48539 49783 53059
50909 48242 52713
57035 44620 43882
57070 44652 43525
56290 47376 46013
46768 48473 53742
56962 44756 44348
51126 53033 46878
53930 49219 49874
54682 49632 48120
53139 45983 51483
48093 50365 52759
50563 51585 50957
45786 49510 53323
49018 45598 53756
55835 48702 44975
53598 49467 50077
52430 52339 46213
50839 47431 52906
52067 49064 51650
50691 45407 53111
46134 53956 48768
54850 50106 45953
47533 45930 54120
50413 50352 52097
50294 52591 49538
52862 51188 49098
55016 49976 45075
56681 46369 45189
57120 44450 43115
47054 50043 53050
48933 52918 49968
47615 53740 48959
45704 52669 50795
48636 53061 49920
56874 46050 44091
49943 51103 51690
54587 48271 49719
45764 49423 53363
54786 48850 48940
46651 54381 46921
47409 50141 52964
51215 46562 52777
52169 52140 47768
51064 53165 46328
49997 50217 52439
49645 46085 53536
50231 48813 52911
52001 50166 51149
50032 47463 53270
54878 48240 49207
55587 47967 47913
56562 46046 45860
55462 49007 46714
47897 46290 54005
46101 47173 54116
45239 44747 54500
53113 51771 46518
54778 46024 49954
50457 45778 53238
46091 49074 53515
51753 51008 50768
47890 48519 53594
53665 51349 46253
55575 48619 47298
44587 45691 54449
53159 48376 51015
51461 47820 52448
48451 45505 53918
49959 46713 53365
51113 50236 51747
49941 53289 48351
49816 47036 53397
46344 53460 49606
44648 45233 54483
47687 51571 51851
50691 53310 46547
51904 52376 47570
54144 47407 50459
51284 51966 49819
51516 52926 46113
49249 50516 52445
49124 53369 49053
49329 47276 53534
55223 49616 45944
47659 44524 54127
48764 52086 51101
56000 47756 46755
45514 47712 54018
50713 53229 47139
46639 52870 50494
49569 53041 49322
45461 46601 54251
48115 49126 53371
56554 45412 46042
57207 43434 42463
45858 53118 50207
43859 47190 54138
53346 49584 50252
48758 47112 53705
50652 50691 51722
46593 50518 52754
48433 51570 51700
47489 54214 47206
54526 50611 44129
51718 49730 51670
52384 48207 51719
49908 53628 46673
47923 54216 46250
47946 47729 53791
49120 46772 53657
50753 53314 46223
52179 51565 49429
52926 47460 51436
47079 48278 53808
48718 45903 53846
48203 52336 50944
54121 48372 50201
55727 48977 44645
52879 50361 50230
56233 47402 46264
53574 50602 48929
56309 47759 44923
49453 51692 51320
43816 44376 54573
46630 49386 53362
48485 48122 53585
56251 47158 46421
48527 53850 48348
46042 46805 54197
52544 52133 46941
49134 45027 53718
43736 43158 54587
52472 52351 45922
47433 53901 48631
49064 48363 53403
47266 45532 54192
51442 52920 46442
47523 53994 48386
53407 51328 47401
53193 51198 48440
51994 51927 48740
51902 45566 52416
56411 46126 46463
51480 45796 52669
53952 51200 45238
49807 48156 53223
50639 53361 45694
