23900 19379 21996
20577 21993 21526
21629 22016 20096
23379 20111 22097
24785 18639 20171
24799 18616 19274
21726 21654 21310
20525 21407 22338
24846 18218 19340
19915 22513 20005
22308 21024 21937
23439 18658 22623
20427 22525 19332
20856 20882 22852
22717 21282 19471
20531 20783 22903
20272 22272 20744
24368 19231 21104
22048 21557 21073
23491 20642 19702
23803 20303 19895
23398 20562 21166
20069 17162 23708
24586 19273 20521
21594 18288 23504
24130 18263 21671
24092 19962 20193
21025 20094 23231
24099 19437 21711
19634 22578 19698
20827 21677 21971
23709 18295 22332
22410 21444 20438
22983 21032 20398
21414 21250 22458
20534 19428 23437
22425 19779 23043
24718 19146 19956
22806 19682 22957
21300 18391 23553
20941 21769 21790
20360 22483 19803
21093 21117 22606
24934 17099 18926
24567 18597 20754
24298 18803 21361
24428 18783 21079
23222 20848 20309
20073 22214 21029
23534 20509 20502
21139 22081 20823
22507 21082 21652
20231 22102 21321
19055 22738 18738
22358 20286 22828
22098 20678 22661
21350 20193 23180
21415 21899 20984
24138 19877 20392
22752 18322 23063
21605 19450 23423
20012 21700 21944
20996 22358 20007
20009 22602 19366
19118 22785 18296
22204 18650 23364
21613 21308 22173
21364 18841 23537
23354 19354 22656
