42027 25973 3586
30336 34664 4113
37087 31913 4030
22769 38231 3393
34040 32960 4158
31200 35800 3936
27855 37145 3632
34896 34104 3974
41620 26380 3767
29228 36772 3566
33853 31147 4249
38907 31093 3841
36496 33504 3878
32771 32229 4236
24113 37887 3545
25750 37250 3766
30672 36328 3594
32090 33910 4147
32429 35571 3823
39101 27899 4057
36899 29101 4166
28861 35139 4086
24228 37772 3600
27771 36229 3956
37089 29911 4141
28493 36507 3879
30843 36157 3763
41008 24992 3929
25636 37364 3724
30145 35855 3966
29648 35352 4052
33273 30727 4267
43179 19821 3148
42273 24727 3670
32996 34004 4118
41472 24528 3863
42182 24818 3700
41736 25264 3820
40162 28838 3853
36601 31399 4105
32873 30127 4273
34704 32296 4169
38266 29734 4066
39363 28637 4004
34785 33215 4096
42084 25916 3525
25083 37917 3466
28072 36928 3778
34421 33579 4083
42685 24315 3502
39639 30361 3783
32350 35650 3771
39776 28224 3973
30755 36245 3684
29593 36407 3853
26027 36973 3823
37169 30831 4096
39042 26958 4076
37682 32318 3902
34595 29405 4243
32432 33568 4170
35239 29761 4226
33369 31631 4245
34157 29843 4254
39772 26228 4027
40837 28163 3753
32468 32532 4230
33738 33262 4151
24332 37668 3639
28220 34780 4115
29231 36769 3632
32696 35304 3935
40910 28090 3740
34103 34897 3758
25359 37641 3610
34403 31597 4214
39963 30037 3711
35591 33409 4022
26407 37593 3448
35968 30032 4192
21851 38149 3442
36632 30368 4152
34171 31829 4215
40332 27668 3926
42037 23963 3754
37730 31270 4015
24017 37983 3499
35102 31898 4169
38660 27340 4093
26435 37565 3571
42931 23069 3429
43088 20912 3268
34118 33882 4069
41357 27643 3601
26901 37099 3778
30843 33157 4229
32415 34585 4078
39875 27125 4009
30878 35122 4052
34190 34810 3881
32328 35672 3705
35874 32126 4108
40238 29762 3621
31970 35030 4038
42972 22028 3388
36330 33670 3801
32735 33265 4184
26521 36479 3913
29382 36618 3750
29487 36513 3818
22729 38271 3292
41358 26642 3827
39061 29939 3961
37937 29063 4113
40577 28423 3795
25425 37575 3642
42101 25899 3487
33825 29175 4261
42738 24262 3458
37138 31862 4029
40653 27347 3898
27838 37162 3615
32504 32496 4231
32318 35682 3668
39703 29297 3902
30817 36183 3741
24548 37452 3708
27991 37009 3731
31575 35425 3997
31742 34258 4123
37827 28173 4128
41222 24778 3900
35608 31392 4167
30554 35446 4023
20561 38439 3261
38560 31440 3593
30041 33959 4175
32308 31692 4260
40868 26132 3945
42693 23307 3565
36922 33078 3924
29461 36539 3803
40611 25389 3966
32165 29835 4282
30871 34129 4154
40994 27006 3867
41948 26052 3653
41875 26125 3689
40291 29709 3577
40177 29823 3649
31728 31272 4278
31018 35982 3879
34578 30422 4241
21773 38227 3408
35868 29132 4209
30913 36087 3811
33071 34929 3996
41284 27716 3643
31824 32176 4256
34565 34435 3942
41008 27992 3717
33090 32910 4196
42939 23061 3369
32523 35477 3883
39586 26414 4040
26501 37499 3612
24701 37299 3756
42313 23687 3680
33553 33447 4145
30980 35020 4061
35947 33053 4027
27825 37175 3594
33105 33895 4125
31244 31756 4274
42092 24908 3728
35867 31133 4165
27795 37205 3447
41921 25079 3776
