73717 89386 67696
84082 74521 72044
83942 77899 72050
82930 82622 70950
73006 88373 72998
79980 86040 69252
82220 80729 74842
69300 89989 66663
76668 76897 81920
72093 74771 84345
69299 74421 84788
68087 74599 84828
82781 75876 75060
77372 81445 80186
84187 79579 68888
76132 80625 81354
76096 81327 81036
79088 84606 75453
73985 78695 83040
69052 80758 82971
80539 84343 73955
81180 81674 76031
79414 86481 70027
81671 77114 76825
72708 71119 84250
80224 82227 76980
74978 88130 72321
79562 83032 77035
78831 79451 79744
78562 80649 79652
75409 88684 68853
77906 84379 77118
79788 85575 72555
73300 72027 83972
78018 82511 78961
77608 82706 79105
72325 82336 81774
70006 89363 70757
69305 73305 84928
83143 80893 72687
71595 87406 75825
84520 77984 67350
70535 85625 78710
79900 84265 75016
71410 70099 84669
80569 77812 78185
72404 81480 82287
73456 89402 68154
74606 85912 77303
73621 80319 82557
79048 86592 71144
78031 76199 80955
71066 89413 70328
74131 88951 69789
81896 79533 75939
69620 76191 84485
72768 79508 83062
73243 87284 75605
71344 72894 84620
78254 84092 77134
71953 89350 70134
75335 76816 82733
72402 80135 82880
71469 85596 78710
66939 72900 85134
65476 75072 84771
80456 77337 78404
77034 78673 81392
70077 90014 65387
77904 87087 71716
76463 88362 66894
74700 78504 82803
75264 85337 77777
82378 83492 71305
71298 82156 82105
81280 79217 76915
72161 77830 83733
69649 89280 71101
76706 81220 80737
74364 87800 73783
76195 88210 70224
71635 82966 81439
68694 73781 84919
79182 86729 68598
78382 86228 73249
73563 84770 79288
84188 76825 71380
81247 75078 77564
70401 87109 76552
73632 86125 77482
74202 79687 82634
79664 82244 77629
82624 79946 74421
77964 84835 76409
82149 82254 74086
76651 85219 77018
76098 79184 81868
81334 82957 74743
69497 80907 82897
71418 83185 81298
80130 85497 72022
67174 90045 66421
83602 79439 72351
76348 87995 70973
75392 79080 82278
76359 82125 80346
67980 70482 85335
80892 85269 67753
72601 85540 78608
74094 77355 83262
77831 83239 78475
81333 84512 71910
79601 85032 74085
71801 89229 70691
84852 74521 66176
79769 85830 71851
68047 76145 84540
73629 78914 83079
72515 75599 84159
84017 80346 68139
79965 85548 72252
79540 79520 78976
77515 86744 73297
72954 89042 70754
72445 87035 76332
76216 87257 73575
80354 85723 69020
82884 74797 74897
79592 85857 72154
79408 85578 73225
69220 69328 85153
83769 79388 71911
71922 87716 75113
68909 79003 83684
68517 70824 85234
80962 84183 73467
77536 83875 78032
69361 88449 73775
80377 85332 71935
75290 88215 71591
68580 80208 83223
77471 87852 68410
84325 75011 71057
72137 88971 71536
81457 75031 77269
76442 84163 78545
72855 81712 82058
70064 89871 67442
69822 83329 81341
83566 73835 73525
79311 79356 79272
70871 87392 75954
71897 81935 82120
82244 74603 76022
73258 83959 80232
71200 83609 80989
68672 74669 84790
66999 68510 85504
71660 83820 80737
64295 67431 85718
73036 75208 83975
73972 73705 83623
80952 76080 77919
79671 82932 77023
78878 80781 79289
67323 71005 85353
82798 81314 73271
65995 72006 85281
69468 71129 85058
70220 70359 84952
80554 75454 78480
73853 80164 82550
75774 87162 74196
78598 86621 71936
73463 78052 83374
82090 79590 75565
84134 77276 71490
77766 74624 81301
67785 72096 85192
70191 69027 84973
80572 85271 71557
79379 86541 69437
79910 76034 79180
69399 89673 69200
80556 84817 72973
83627 81457 68358
69483 82181 82196
70455 88501 73418
72273 85834 78276
81118 85015 69391
76735 75345 82007
68068 71836 85203
74583 84555 79113
84119 79504 70029
74598 80316 82245
74376 89176 67088
82058 84077 69563
68631 81001 82860
82877 80708 73452
73507 86936 76163
69469 88708 73057
84264 79258 68729
76295 86360 75368
75089 78278 82659
73319 79429 82977
84291 78190 70401
72635 80082 82856
71617 71984 84595
73875 88293 72738
80025 83173 76394
77144 87957 69115
78870 74393 80367
69143 89463 70367
76003 88501 68420
76747 84362 78119
75918 80459 81540
72298 83065 81247
79515 82389 77677
66010 69145 85576
70001 78039 83919
75151 83895 79530
84775 75130 67600
79844 76593 79204
81669 82628 74546
80622 85442 70367
76473 88251 69015
69496 89719 68888
82278 83831 69567
80848 76663 78020
78762 82069 78696
84098 77268 71640
83305 81822 70694
71102 85330 79070
81813 80486 75673
74901 77828 82817
69716 83041 81566
71515 77656 83905
84072 74935 72069
66875 69149 85502
76719 81476 80580
74161 87024 75672
72916 85201 78973
77062 79831 81066
84137 75890 71705
83993 80246 69290
77718 86248 74100
71728 85013 79407
69259 89234 71298
73728 88581 71880
80475 80940 77389
76566 86757 74343
84884 73950 65473
76063 73738 82513
76562 87994 70554
84334 78660 69653
77425 87660 70150
77275 79643 80975
81964 78771 76059
77999 81184 79904
73354 82496 81403
72469 84012 80409
67254 77206 84308
84482 77581 69151
84720 73666 68242
82554 79121 74868
74176 86424 76744
75374 87762 73036
67630 73641 85001
70492 73053 84769
77934 78661 80697
77527 86059 74739
77218 74089 81702
80651 83423 75257
79401 77102 79581
80702 85252 71201
80676 85336 70889
69237 90026 66283
75529 78479 82360
77563 79744 80736
79671 86260 70328
81495 84507 70946
84008 78476 71646
73252 88637 72020
73085 86315 77403
72438 86473 77312
68575 89868 68001
77167 85262 76532
70342 89775 68138
80752 77166 78072
67472 70877 85357
74195 86223 77059
70882 88204 74116
81101 85059 68591
82995 79852 73678
72778 82060 81856
73491 85347 78605
77213 87654 70771
74618 72713 83324
74888 88877 68892
75653 88235 71047
81587 78482 76714
78373 82295 78840
78428 78034 80369
84653 76883 67828
72872 84733 79528
80680 76471 78237
84024 76573 72021
74991 88382 71290
67579 76212 84533
69244 81558 82588
70048 69997 84993
78514 75968 80567
69847 89474 70223
68017 89954 67415
77173 86041 75186
64333 72373 85231
84604 74127 69270
70663 84598 80001
77196 79113 81174
75650 84914 78155
82949 82845 70108
73537 85873 77896
84689 72900 68549
72323 70717 84418
70289 83971 80722
78591 77026 80394
83168 74155 74349
77393 83909 78107
79135 77231 79826
78253 79047 80336
70975 85010 79480
69358 75244 84659
65225 70785 85454
78355 87162 70248
68880 89762 68759
72635 73982 84243
78732 84195 76514
71038 76333 84322
66140 73153 85119
76147 76475 82296
77677 82324 79378
73997 89299 66893
76219 79562 81686
76938 80960 80716
80923 83451 74753
77901 75833 81104
75974 84403 78560
77010 73674 81851
83789 80092 71239
77365 81912 79899
68483 79276 83609
79504 79799 78934
77869 83851 77770
77901 75481 81141
82143 82771 73365
77038 87582 71458
73915 82630 81119
72818 71987 84196
71203 84477 80111
68930 88931 72350
67575 68249 85441
80776 85358 69162
82337 76129 75848
79677 80836 78430
76134 86061 76066
82573 82871 72069
82172 83897 70021
74869 85595 77636
79617 74974 79586
78859 83970 76656
83261 80037 72913
84156 78339 71041
79194 85887 72812
75686 85918 76616
65681 71121 85410
81224 79327 76959
83056 79033 73878
82579 82354 72790
70416 82797 81734
77769 76988 81088
83284 76162 74038
84294 77533 70645
79052 79985 79363
69936 82809 81743
68417 89929 67548
75640 81165 81340
81690 83889 72602
79516 86420 69659
69125 68794 85181
83060 82643 69534
81269 83836 73548
84315 75425 71082
77953 75684 81077
72253 80968 82557
84825 73311 67084
73297 86688 76710
70276 75881 84484
84073 78975 70879
79539 86107 71533
84708 76528 66707
71396 89700 68204
72555 72825 84302
76034 81079 81191
69927 75304 84610
70270 75451 84556
79195 82298 78089
71002 89923 65418
73514 81500 81992
73546 78595 83195
78723 78853 79950
73521 83693 80385
81105 83129 74922
68977 73521 84930
72947 78759 83292
80326 85215 72423
79665 74056 79546
73965 82111 81453
72431 80146 82870
70893 74245 84622
81125 76072 77691
76588 87611 72250
73006 72668 84110
73316 88328 72977
83877 76944 72414
77877 87581 69142
76597 78516 81730
68197 69689 85322
82574 79673 74635
71648 85085 79326
69851 72997 84877
83925 80171 70431
82168 77843 75947
83336 79254 73116
73090 78122 83453
84408 75494 70618
77468 75192 81508
75373 87596 73464
67990 67804 85396
68483 77673 84145
82480 78426 75249
70125 74304 84718
66528 70159 85482
84339 76220 70854
72476 89648 67350
84439 77111 69899
74723 88745 69982
69237 81881 82397
82341 82749 72896
83409 77259 73569
75595 86717 75302
76125 82943 79881
81536 80688 76021
80139 84672 73953
70587 83965 80721
71415 87915 74736
78378 74381 80812
71198 87702 75242
70015 85456 78931
73064 85626 78380
81924 81498 74929
73039 89403 68878
73389 89490 66719
67087 73871 84986
75326 88609 69812
82570 81089 73890
79515 85577 73044
67696 90019 66705
78354 87058 70924
77248 84630 77416
74693 88499 71183
70035 88061 74606
67927 80405 83138
75613 77836 82461
71287 86504 77462
82506 80802 74195
71089 86870 76859
84759 75936 66924
80673 79956 77499
73947 75743 83501
74895 85006 78455
68400 69860 85282
78857 80130 79520
69862 84629 79977
77805 80734 80245
81498 83394 73792
70125 86038 78144
80376 85553 71156
80932 77501 77805
82909 81812 72518
76989 87177 72982
81777 84403 68532
68957 79877 83368
84539 77782 67864
73071 87975 74090
80186 83493 75771
74274 85392 78266
77292 76610 81512
84170 79806 68210
71916 84536 79958
70172 81999 82318
74674 89033 68231
65347 69462 85593
82621 83049 71539
82490 82953 72163
75251 74079 82950
75651 88703 67331
83833 80603 70013
80181 85614 71534
75346 84408 78887
78998 81187 79031
75165 82268 80868
74306 88696 70791
79897 78707 78790
70229 81925 82358
74110 83968 79885
64678 70243 85522
76985 77171 81664
69950 79129 83582
70467 80572 82990
78311 80448 79949
77185 83692 78487
70028 81673 82501
76420 83323 79381
72228 84948 79437
69873 79636 83399
78840 82946 77857
73478 72545 83885
72482 83237 81067
79574 81499 78235
81935 82813 73781
81253 83572 74011
78576 75174 80593
71244 81687 82377
69625 89573 69759
70869 84028 80633
84819 75495 65498
74437 86576 76305
77319 87026 72896
79132 76092 79978
77170 85736 75728
70468 84276 80373
73833 84105 79864
74387 89003 69137
83797 80908 69032
74273 80274 82369
74788 79413 82480
67731 78529 83891
68932 78281 83920
78682 81055 79394
78716 87059 69590
73630 87940 73851
80241 78012 78531
79557 80430 78688
76082 85316 77313
79255 82227 78080
70020 88861 72554
80590 83072 75807
71667 76056 84262
69731 71918 84978
73196 83330 80807
78498 79900 79936
76815 79504 81328
84668 76905 66848
84639 77093 67617
83735 80967 69699
77138 72932 81761
83816 74336 72809
66630 71063 85390
74846 84289 79266
76407 88358 67711
78286 80062 80087
70409 83817 80885
76735 88073 69665
76884 74769 81925
75173 87689 73397
80057 74283 79082
68217 71708 85207
74490 75072 83301
75164 84259 79147
73147 80444 82600
76800 83607 78854
76134 85101 77593
71138 84059 80571
78931 78560 79805
71953 78913 83410
69799 89734 68676
65853 73864 85002
72560 86169 77745
75588 87056 74610
71058 78592 83650
79043 77914 79805
76512 80640 81129
70839 81242 82675
81619 79735 76287
77786 86962 72373
80402 85675 69394
84859 75118 65357
80213 82958 76413
70947 89524 69767
78748 86876 70585
74744 87320 74650
71375 88520 73160
84887 74083 63574
74638 81313 81675
70246 89945 66549
75281 85606 77369
72686 81978 81931
69995 87659 75451
84474 76071 70214
82149 80037 75276
77755 87509 70064
83659 77760 72853
74197 89151 68542
82681 77435 75063
68479 90038 66412
73956 80561 82346
73316 81195 82242
68456 69148 85290
70350 82378 82056
84919 72875 63843
71808 89477 69649
74770 88647 70398
83984 79653 70669
82969 74737 74745
77619 78021 81084
81977 83508 72530
81270 84840 69967
70354 76986 84201
82806 78532 74594
84413 78560 67891
80341 78942 78248
74826 88009 72878
72521 78736 83378
72546 79421 83134
79859 74837 79312
72745 82971 81220
71257 88996 71833
81573 81647 75457
77329 80401 80717
71929 83851 80675
84355 76920 70561
78536 84704 75950
73781 73391 83724
71439 80170 83031
73615 74448 83763
73142 76801 83733
83192 79542 73358
82240 75298 76026
74370 76689 83217
73205 87604 74905
77426 87764 69474
84618 75341 69007
83187 81954 71096
67482 73959 84959
80653 79354 77727
80079 81993 77303
66020 66467 85637
69283 76978 84296
73218 81711 81953
70759 88075 74477
75034 79713 82279
71083 79277 83406
73372 82177 81607
75967 79966 81703
79382 82766 77496
81983 77526 76304
78892 85464 74307
70855 89729 68277
66701 72074 85255
75713 77640 82431
79767 75535 79377
80350 81703 77116
77334 75676 81565
83825 80809 69134
78160 81636 79488
73011 83300 80886
75709 79410 82012
68419 89449 70496
83925 77945 72088
80857 78609 77677
82440 75050 75685
81089 80378 76794
79992 85270 72966
80474 82728 76264
77615 78770 80925
80861 83755 74376
79748 77948 79102
74638 78435 82851
77221 77281 81476
75281 80627 81775
72677 88070 74050
82677 76132 75253
72869 77528 83667
80077 79042 78523
76622 78742 81670
81313 84758 70480
78266 85214 75444
84913 72182 64239
78013 78285 80695
76883 84502 77851
82025 75717 76369
67372 89850 68439
67870 72836 85095
79975 86019 70250
81412 84154 72675
70805 70577 84816
73608 87412 75170
73937 82976 80824
68559 90137 65090
72984 82529 81488
83864 75987 72616
73089 88885 71271
73684 89023 70002
83664 81015 70257
81928 74886 76547
68536 77375 84232
73051 89567 66503
74959 88970 67182
77879 87618 67481
68603 74932 84754
64618 71039 85421
83165 82294 70276
82685 79127 74621
74448 79987 82433
78045 80384 80187
83597 79648 72232
67027 75536 84679
81153 82377 75663
78351 87323 69217
79274 84015 76153
82912 79321 74120
83880 80721 68399
72444 88098 74041
71312 89874 66347
74064 79225 82841
75623 76905 82559
81620 84457 70454
82277 79847 75120
80053 81773 77462
74424 81147 81861
72712 89572 68215
80989 84314 73163
82742 78095 74852
78474 81629 79229
74333 85224 78440
70687 83188 81390
77415 85238 76364
78061 80114 80263
79036 85133 74672
67810 79059 83692
84608 76328 68764
