21339 21148 22572
21824 24202 18393
22293 23212 20865
22481 21690 21858
21388 20647 22681
21994 20915 22421
22782 23207 19444
19899 24356 19611
22548 22155 21408
20445 22872 21464
21672 23901 20233
20593 19057 22938
22609 23588 19313
22607 23461 19952
22442 21317 21972
20651 23542 20819
21486 20775 22639
19211 24693 17728
20746 20796 22679
21892 22923 21355
22289 23691 19866
22176 22101 21798
22710 22573 20860
22141 20542 22488
21297 22150 21990
19869 18999 22945
22892 21707 21307
22172 23628 20238
21275 24104 19981
21922 22326 21761
22432 22231 21495
21045 21630 22321
21678 23682 20671
21811 23873 20081
22413 21590 21965
23066 22377 20029
22439 23732 18587
21578 19639 22721
21877 23995 19491
20674 19076 22927
20651 24531 18429
23112 21033 20614
22758 23261 19571
21717 20458 22617
20511 18850 22947
20704 24324 19527
23186 21321 20222
23252 21443 19632
19916 19441 22906
20825 22891 21449
20862 19131 22900
20250 20685 22713
20213 24605 18698
23042 22431 20156
19970 24645 18139
21114 20253 22796
