45798 52202 4157
47741 50259 4423
49348 48652 4495
41954 54046 3945
47721 51279 4158
48752 50248 4342
56180 40820 4159
38040 54960 3994
40142 51858 4451
36584 54416 4124
34687 56313 3546
31428 56572 3567
56559 37441 4252
49861 49139 4395
58286 35714 3890
35368 55632 3876
33667 56333 3657
36095 55905 3738
54433 44567 4027
43597 53403 3924
46042 50958 4430
40344 54656 3866
44021 51979 4376
49260 46740 4634
56926 37074 4203
52690 45310 4436
44487 46513 4690
50233 44767 4654
56506 39494 4215
56174 41826 3991
40224 54776 3737
42933 49067 4613
44218 49782 4569
41721 50279 4551
54088 43912 4311
50761 46239 4581
40427 54573 3919
52391 42609 4600
36284 55716 3821
48727 48273 4551
53367 45633 4223
55471 42529 4129
48280 48720 4538
53491 39509 4543
41784 54216 3851
34752 56248 3660
45479 52521 4034
54190 40810 4495
38267 54733 4053
37520 55480 3826
42186 52814 4314
44346 48654 4624
39457 54543 4045
42674 53326 4170
43081 49919 4567
57637 38363 3896
51602 43398 4629
42214 53786 4051
45139 51861 4336
56045 41955 4033
45195 50805 4474
44353 51647 4415
54797 42203 4341
35642 55358 3941
43500 47500 4669
36443 55557 3883
57147 37853 4157
39234 53766 4226
51100 43900 4640
56301 41699 3947
40481 52519 4391
45112 51888 4332
38847 54153 4164
55491 41509 4257
52482 44518 4526
40632 54368 4022
46188 49812 4528
55910 39090 4322
31326 56674 3507
42731 51269 4487
44886 49114 4595
52209 41791 4610
55329 40671 4363
46276 49724 4532
46359 51641 4277
57558 38442 4002
48178 43822 4690
48374 49626 4457
40861 51139 4502
48320 50680 4310
43733 53267 4042
42285 53715 4076
43659 52341 4332
42445 53555 4126
34124 55876 3817
43591 50409 4536
46595 47405 4656
38827 55173 3818
57195 39805 3979
54135 44865 4116
53091 41909 4565
52909 41091 4575
57997 37003 3848
45012 51988 4317
45019 50981 4463
47741 43259 4694
33526 56474 3566
42545 49455 4594
32739 56261 3708
45307 48693 4611
33563 56437 3590
51375 47625 4383
38552 53448 4275
45373 47627 4659
36464 55536 3890
35452 55548 3898
56624 37376 4244
39142 53858 4212
50593 48407 4403
55847 37153 4342
51158 46842 4500
44098 52902 4149
58391 34609 3893
52679 46321 4302
53534 41466 4539
51834 46166 4476
45431 52569 3958
51390 45610 4566
31271 56729 3440
50830 43170 4656
55409 38591 4389
36899 55101 3991
57344 38656 4051
41889 52111 4428
40901 52099 4433
55717 38283 4354
46967 45033 4698
40276 53724 4212
58292 35708 3817
57620 38380 3929
57996 37004 3875
53632 42368 4505
38744 55256 3732
54238 39762 4494
46572 43428 4703
39261 54739 3991
43354 52646 4289
44953 52047 4308
45585 49415 4568
30267 56733 3400
44593 50407 4519
52017 43983 4587
39311 54689 4005
40771 53229 4294
42919 52081 4415
45789 51211 4407
39794 53206 4307
56418 41582 3878
50116 47884 4515
48965 43035 4684
43545 52455 4317
53237 40763 4558
49168 43832 4678
48091 46909 4654
47311 50689 4398
47389 46611 4672
46395 48605 4602
50570 46430 4583
47556 51444 4081
47512 49488 4513
32510 56490 3595
54276 43724 4292
48618 49382 4467
53343 44657 4386
52116 45884 4463
46988 47012 4664
57612 36388 4099
45873 52127 4179
45901 49099 4582
37935 53065 4328
45755 50245 4506
38058 53942 4206
46797 50203 4476
48820 45180 4678
57687 36313 4087
49477 45523 4664
57848 37152 4017
53802 43198 4443
51158 42842 4649
53315 42685 4525
58654 33346 3734
37771 55229 3915
57750 37250 4042
45713 45287 4703
58226 35774 3940
48024 46976 4653
45720 47280 4669
44984 47016 4679
34675 56325 3438
58362 34638 3912
55460 39540 4377
44595 52405 4252
47823 51177 4192
56675 38325 4225
38209 54791 4041
41469 52531 4386
37966 53034 4332
51560 42440 4635
56977 38023 4184
54291 42709 4396
38165 53835 4221
44037 47963 4656
46604 46396 4685
43662 53338 3986
50435 45565 4631
56754 40246 4063
35896 56104 3592
54267 41733 4461
46029 47971 4637
43910 53090 4099
52024 46976 4358
45597 52403 4092
57050 35950 4185
46436 50564 4456
52163 46837 4352
55101 41899 4306
31570 56430 3650
56422 36578 4275
32342 56658 3436
46649 51351 4321
55919 38081 4330
39815 52185 4426
57041 38959 4118
47648 51352 4133
56470 40530 4111
40436 53564 4239
48604 47396 4616
44682 47318 4674
37357 55643 3720
36203 54797 4056
45599 46401 4689
53850 45150 4161
57979 37021 3966
57587 38413 3983
47187 45813 4695
48987 50013 4357
56105 40895 4171
32369 56631 3499
42454 50546 4534
54667 40333 4459
49620 49380 4391
34922 56078 3754
54478 41522 4443
51239 44761 4616
33457 56543 3457
46090 51910 4228
54722 39278 4458
48073 45927 4681
57743 35257 4083
40272 54728 3819
46872 51128 4350
49455 47545 4571
47748 48252 4589
58188 34812 3975
41511 53489 4211
39977 54023 4156
44439 52561 4226
47342 48658 4575
38988 55012 3888
38696 55304 3650
51833 45167 4551
37276 55724 3658
51275 47725 4386
54578 43422 4251
