75976 84944 102189
91922 96537 86056
89376 87113 97770
92069 94435 91246
95798 87667 87276
82797 99301 93714
80015 86463 101731
85422 95505 96835
92149 92625 93188
85561 86572 100184
79750 99832 93708
88543 85508 98475
79528 103185 83890
94519 92120 87988
80699 99306 94343
96432 84577 85426
86756 90714 98946
95991 87779 86219
83381 94705 98316
93628 87882 92738
88561 94789 95144
91237 89305 95767
92363 93697 91642
96721 86356 82410
76958 85297 102114
82326 94114 99017
82002 97823 96056
95976 88758 85354
78619 102059 89610
94997 91212 87309
77793 96198 97842
87734 95603 95106
87063 93986 97034
89714 98410 86536
93448 92000 91371
80365 103046 84111
78028 88443 101571
84560 95123 97593
87701 94984 95734
92169 94806 90539
92693 88237 94129
89231 84887 97960
76846 103261 84590
88558 95068 94874
97012 84861 80639
80952 101597 90057
92411 91555 93509
77305 91722 100503
95101 83788 89949
79049 90614 100896
93018 87051 93772
87402 99565 88724
80916 103000 83061
79678 103176 83525
86001 89587 99636
88807 99138 86125
93432 88359 93013
80667 99784 93624
92412 96116 85418
81319 87735 101390
83766 88892 100668
93883 92282 90245
94083 85635 92109
78548 99108 94901
93063 94827 87565
94357 91190 90029
89187 98803 86712
84966 85368 100482
87729 91517 98118
80602 94958 98673
83844 97776 95349
95647 89427 86472
97131 83468 81273
97067 84376 80795
80119 97975 96253
87302 89738 98863
87629 98145 91728
88508 97808 91253
87816 95873 94764
96950 85188 81895
89540 98422 87545
84833 89130 100235
83402 101821 87560
86249 99989 89365
91040 91056 95529
90910 96545 90112
92291 92589 92968
79247 87907 101624
82331 91274 100278
81800 98489 95210
77826 90169 101094
82350 90623 100507
93068 95022 86749
89238 89259 97635
85638 91150 99369
93315 89484 93041
91901 90408 94740
77764 87182 101838
85612 98317 93438
83504 93812 98830
90007 94808 93708
77158 85436 102090
81155 96892 97172
83597 85138 101041
78384 94530 99021
87839 93883 96537
96576 81941 85179
86052 93333 98165
93964 93296 87870
87884 88779 98659
82749 93043 99438
78169 100413 92917
81318 88973 101170
80025 102192 88960
96059 85686 86846
83322 90638 100297
94350 92079 88848
96030 88839 84341
80971 90081 100911
86173 100999 84357
85648 101270 84691
93836 93931 85923
81350 84787 101643
87821 99806 86513
95657 86786 88129
96194 84803 86468
85442 98131 93866
96139 87076 85908
83293 86864 101015
94200 93267 85755
80830 98349 95639
72851 78710 102584
81528 101839 89152
78221 101216 91440
76712 90142 101118
82008 90952 100447
95334 88138 88736
84607 85838 100647
80782 89373 101141
79196 81606 102059
78819 84324 102061
87406 95207 95759
94873 85477 90446
90837 94039 93585
94259 90626 90625
93354 93639 89505
96585 84150 84799
78081 102960 86509
87789 97732 92245
91117 96785 88857
90668 89664 96271
94488 88470 90910
91963 86091 95157
81712 99692 93475
92351 87593 94635
82843 84969 101266
89281 91304 97094
89726 98260 87656
89347 92793 96085
95093 89340 88919
94478 87539 91120
91797 95465 90285
92772 95141 87998
78024 88718 101505
86342 97300 94334
96969 82639 83098
79987 101416 90766
90185 94963 93341
84553 101634 86423
87795 97125 93149
87911 97511 92446
84125 92589 99277
86838 92187 98337
89512 85994 97707
84923 93648 98449
79578 96646 97471
94604 88516 90624
87258 97615 92998
88005 90554 98235
88816 99195 84940
89896 96373 91799
83595 100306 91328
96987 85075 81270
85906 85574 100024
90763 87222 96499
80061 91102 100635
85110 99257 92203
85475 94745 97465
91175 91984 94912
90959 85568 96359
79425 101430 90896
78049 83832 102170
79478 102527 88089
82328 93120 99469
85950 92548 98631
79838 102569 87821
82913 86904 101111
90109 89512 96867
86593 95197 96422
85585 91791 99129
93324 93954 89061
91995 87956 95027
94929 87356 90085
97038 81212 82782
78586 88327 101585
88058 89181 98476
79973 100892 91843
91086 97224 87148
86294 98762 91980
79292 103184 84328
92247 93592 91963
80206 102620 87419
80247 84449 101856
94550 86829 91053
95207 85909 89593
94240 87275 91644
91214 91474 95157
82741 100825 90855
80220 93243 99684
82709 101423 89545
92256 90035 94407
93844 85663 92583
93901 85238 92483
94052 93549 85715
90454 96146 91367
87425 96882 93855
81180 86364 101553
83319 99111 93724
75675 103441 82548
78090 103101 85703
92265 90649 94253
75109 103484 80753
96535 87131 82178
96537 86499 84090
87410 91745 98203
84992 101607 84997
90861 97564 84379
84884 92974 98839
86721 96839 94599
93902 91326 91007
79267 89003 101410
94569 84410 91169
78280 94968 98740
79459 102998 86252
84877 88068 100373
84133 91327 99834
97291 80180 80216
77652 103409 81353
93999 92230 90003
96687 86155 83260
92673 94678 89610
82417 97117 96659
96761 86237 82073
80912 102891 85302
96253 87957 84503
84789 101710 85005
91926 88340 95073
80255 101796 89827
94976 88962 89585
88487 93877 96012
85658 100259 89460
83155 93008 99383
88672 94319 95489
94340 92947 86166
90482 91420 95970
84956 101627 84245
75496 103382 83347
87864 99436 88207
80297 99445 94231
75085 83333 102352
94040 87450 92033
84248 90245 100175
91934 96218 88235
85338 99668 91122
82641 101128 90270
80413 102931 85624
93986 87373 92148
84520 100360 90373
84081 102027 84143
79396 90612 100881
82050 101924 88629
89060 89044 97804
80400 91275 100531
85679 97141 95031
93040 91720 92361
92184 92201 93422
96676 82757 84662
79558 85781 101858
87088 95965 95285
93176 87455 93512
83189 84621 101170
93415 92496 91006
79629 100612 92410
92526 94249 90621
97142 83617 80772
79859 101576 90440
83543 89674 100547
87295 92560 97838
89798 90356 96972
88920 97191 91806
81769 100679 91705
96922 81251 83513
81235 101323 90562
83277 89376 100711
77719 103171 85272
85720 87194 100079
87523 90451 98572
96924 85031 82414
95719 85094 88122
80496 84241 101823
81952 101897 88759
81322 100203 92764
75687 103402 83114
83504 102285 83847
89352 97589 90524
84586 101706 85821
81897 96995 96955
93848 92885 89284
88813 84349 98310
93140 93959 89564
94709 89198 90205
86248 100901 85130
92668 90305 93796
92086 91000 94346
77817 103380 82724
97019 84124 82100
86554 97572 93742
92724 94758 89290
94701 90168 89665
92396 96070 86174
81509 102876 83751
79195 100532 92615
79885 101176 91302
95267 89948 87803
93623 94121 86861
90850 91368 95638
81702 102502 86792
77849 93103 99917
97091 84055 81148
92781 90292 93626
91432 85386 95806
93237 94228 88661
79878 99931 93520
89829 98405 84178
96201 85455 86271
79239 102334 88761
74349 82162 102462
96953 84565 82503
78578 97503 96708
90380 97922 85610
83572 100665 90578
85328 101208 86778
90129 97583 89106
85325 93504 98374
83053 101909 87759
90680 97443 88022
92642 92894 92036
88513 96240 93617
92877 94167 89925
92144 89347 94659
86271 93053 98240
95307 87289 89089
78727 99697 94075
92455 95464 88535
80559 83426 101849
83025 102346 85524
80130 102932 85954
87833 92702 97390
96972 83907 82764
88817 85000 98301
74757 103477 81176
80526 102360 88169
90971 97408 86135
93101 85544 93696
90167 89693 96770
86481 100682 86078
85840 86593 100036
88563 98992 88241
76830 82424 102374
95549 90205 85943
82008 101171 90525
93428 94665 85080
93913 87559 92264
90706 93329 94376
73288 80951 102538
81459 99975 93097
82167 87059 101291
85071 89562 100058
73459 80321 102564
92950 94839 88174
78081 103370 81001
86402 90122 99295
91741 92066 94160
82053 100255 92429
94550 90348 89999
85842 99683 90547
94558 86039 91101
96252 87455 85035
84815 91424 99610
88669 93375 96250
97184 82973 81025
82418 102668 83403
80780 96201 97829
83727 95441 97698
91924 96365 87678
91049 88463 96077
92467 95931 86466
82389 100624 91519
84025 96922 96184
91882 88622 95090
86021 100945 86073
83456 85668 101057
95882 83368 87698
80881 98188 95833
81011 102719 86473
89668 98108 88588
90165 92560 95508
79685 90304 100966
83369 84443 101120
83227 88483 100887
82018 102608 85741
88607 99190 86973
95754 88887 86532
97246 82215 80591
86181 89409 99586
96330 86874 85061
93805 94037 85164
97292 81706 80112
91543 86434 95652
90983 97089 88314
84051 102005 84953
95305 89028 88377
75478 103408 83071
88206 88575 98469
93983 92487 89569
91047 95404 91621
85623 92682 98725
91553 89575 95368
96870 83151 83557
86131 88516 99762
90560 97035 89647
93404 94478 86917
87479 88878 98895
74306 80349 102524
77512 88514 101556
87631 86961 99008
92690 85150 94238
86052 100700 87366
86665 91868 98597
79683 95403 98459
94636 89384 90321
83405 102308 84248
89358 95777 93303
84461 88468 100489
89802 85254 97474
82130 101768 88994
85153 96095 96431
94242 93213 84051
96755 86191 82325
83435 100128 91838
95459 88563 88103
89690 92550 95942
78478 96624 97494
87770 94179 96364
83316 91869 99815
88787 95208 94519
92875 95276 86832
96126 88547 84098
80724 100254 92811
96990 84590 82011
85314 98332 93663
86719 100210 87962
94652 91131 89008
86772 100624 83925
80883 96981 97127
93495 94451 86367
86565 96224 95409
96599 86767 83199
86455 100765 85320
93032 86800 93769
76953 86393 101995
90896 92597 94814
82369 98995 94327
79632 100329 92889
79132 85349 101954
78757 99007 95039
88482 91015 97784
77894 99446 94427
80120 88426 101445
86273 93983 97612
93605 92184 90897
91699 94480 91865
82628 102398 86281
81980 98977 94480
79339 99144 94810
81811 100322 92419
91464 92300 94371
96633 82072 84903
89815 90032 97025
81765 102802 84445
79015 103278 82338
78443 93858 99439
83145 98542 94630
83302 97502 95964
82442 84304 101384
82200 102637 85143
87102 85255 99412
90050 95789 92455
94074 83923 92168
78522 89960 101150
92944 95453 84985
95584 90223 85270
87712 96370 94270
87239 94835 96243
94812 87971 90267
96221 85796 86064
92037 96353 87069
94145 93220 86922
96345 85710 85517
91366 97097 85405
78552 103189 85115
96771 83878 83939
87810 92530 97505
93692 90563 91925
84432 99966 91311
77914 91085 100754
77368 92121 100343
84515 95723 97142
91896 91312 94455
96461 83594 85490
78796 103212 84749
81014 91624 100312
95040 89728 88830
95159 86375 89678
83792 96303 96922
83950 84777 100924
84920 97300 95333
84632 97912 94731
91187 95201 91710
80571 100841 91796
93556 94473 84348
93289 87442 93342
94819 86259 90495
89423 98601 86919
79482 81831 102019
89610 97960 89278
95505 85161 88800
95943 88946 85176
91725 96814 84510
85736 95624 96541
81648 102876 82921
95015 91584 85092
79556 98858 95200
94007 90302 91344
93478 94555 85689
93911 87076 92331
90534 91098 96037
95413 90504 86314
89674 97383 90420
94851 90656 88798
78687 102048 89639
82826 101785 88420
93638 91688 91262
95843 88365 86511
80486 93541 99520
78384 91442 100607
80430 101188 91144
85120 97948 94344
96472 86992 84088
95204 90969 86587
79206 96047 97960
96974 82098 83173
78811 89652 101235
94793 91882 86842
79622 83330 101991
94910 91536 87057
80252 101317 90909
93248 94435 87970
80317 87414 101592
91968 85073 95158
78510 100976 91871
94593 91848 88195
95634 88674 87267
91304 93156 93842
81995 102786 83036
82306 86014 101330
91960 95642 89668
85276 101466 83853
80691 92615 99925
83797 86633 100893
92290 88581 94586
93942 90036 91592
87924 84688 98918
78950 102398 88587
96643 85356 84081
90240 86061 97056
89926 98282 85821
89272 96990 91695
87225 100062 87388
79801 99731 93862
80545 103070 82630
79137 82908 102067
86744 100650 83066
93965 92917 88806
94054 90235 91270
85006 87813 100353
87595 97068 93427
82360 101372 89861
89607 98470 86806
81315 98836 94856
79007 103234 84003
79352 92078 100284
78723 98743 95380
85246 100377 89595
96303 86583 85347
77461 90214 101084
95956 88353 85902
82717 98236 95243
95300 84770 89445
82324 89807 100774
80065 102637 87430
85120 85323 100408
90903 90435 95835
95049 86278 89954
90793 97431 87413
80976 102072 88790
94208 92686 88153
91091 92915 94334
90652 87906 96569
91259 95459 91229
96897 84144 83153
91682 93371 93088
83942 91098 99969
96868 84610 83064
89734 87353 97465
78156 91563 100566
93516 88419 92859
89318 90588 97305
84834 101118 88215
85905 101133 84712
82504 100591 91530
90056 93367 95044
86384 98349 92723
87088 97429 93426
94506 91804 88695
85946 94117 97706
88961 89702 97779
80653 101991 89185
94312 86565 91577
76127 83164 102367
94144 90693 90843
85973 98186 93353
77050 103440 82370
78201 101332 91205
84805 89264 100222
93084 89885 93284
89300 95372 93868
96974 85185 81321
84883 90023 100059
87642 98391 91274
92868 95575 84688
96416 86571 84738
93917 88644 92068
94593 87487 90870
96818 85956 81491
86227 87653 99774
91657 94993 91267
88192 99586 86094
94772 92106 85048
86724 91252 98812
78334 83295 102173
92854 91019 93188
86936 90536 98896
96052 85034 87043
77204 103443 81528
84950 96198 96439
91740 95168 90904
93076 92552 91574
81988 88670 101104
83055 99653 93029
80101 99357 94390
87500 100140 85529
96861 82110 83782
96189 82809 86673
85723 101172 85464
97169 82429 81807
87949 86092 98863
80373 100429 92578
84200 94298 98347
79283 102651 87712
80304 89426 101177
94041 85121 92230
82454 97956 95731
85882 97038 95023
89314 98538 87790
80585 85981 101705
96323 87522 84544
86289 85366 99835
85247 99794 90943
96115 83480 86920
80238 96475 97606
84507 86712 100677
96972 84298 82500
84118 99483 92600
92504 89747 94144
79325 86607 101800
80859 91999 100179
84685 93431 98675
80653 87631 101517
89391 88105 97682
95448 90522 85641
89603 96377 92192
80957 92913 99761
89331 98779 85379
90416 97434 88827
89049 99027 84577
89862 88044 97296
85258 94464 97768
93959 89289 91847
87360 88638 99006
80803 103027 81574
86512 97486 93906
92751 95574 86247
81479 102294 87854
89281 89757 97513
94293 93114 84864
84263 99677 92067
92502 95143 89169
77872 85159 102080
82604 102574 84815
82247 94750 98616
86452 99886 89357
78267 103239 84790
90203 92735 95356
88754 87567 98216
92684 86351 94233
88101 98722 89910
87733 100002 84148
77679 89502 101309
83708 84893 101011
87754 99758 87252
93694 86209 92835
92923 95482 85302
90299 89200 96758
86893 99223 90406
85037 92874 98837
85320 101442 84414
90345 97573 88535
82790 95760 97776
81637 96120 97740
78167 102940 86615
85334 87634 100244
91219 90705 95436
83725 99305 93226
81062 88143 101360
89378 93949 95209
75314 103482 80935
89804 83402 97488
93599 91132 91798
82294 88078 101142
95457 85627 88885
91291 91175 95218
90110 98076 86651
86859 88000 99377
81926 102263 87682
94647 89163 90361
89017 98120 89888
92678 93653 91126
85445 97902 94174
83355 102082 86495
83798 96369 96854
78312 102255 89085
90563 95178 92587
96252 88142 83753
94417 85196 91454
94932 91111 87792
95830 83555 87866
80179 99484 94190
76782 86829 101913
91470 90824 95125
89327 97593 90557
85801 99796 90340
82318 96539 97288
93358 90131 92778
79174 101041 91682
79504 96881 97274
90600 85794 96728
85567 100772 88130
94476 85549 91317
80604 94300 99103
90231 84777 97117
89712 98089 88531
78375 89293 101365
92994 95343 85594
91064 95961 90768
88234 90005 98205
91132 92196 94833
94622 92347 86401
92405 96127 84989
97256 81421 80964
93381 93181 90146
92127 89637 94637
88740 98502 89430
97306 80257 79219
78686 102698 87650
