21633 16367 2036
20663 19337 2054
20670 16330 2180
16054 21946 2295
20652 19348 2056
21569 15431 2066
16138 23862 2095
18277 21723 1979
18132 21868 2233
21352 16648 2082
21380 17620 2003
20139 15861 2235
18542 21458 2229
15701 21299 2306
12892 25108 1960
18555 20445 2273
14770 24230 2132
22103 14897 1946
11564 25436 1799
14144 24856 2016
19005 16995 2285
18232 16768 2306
19797 17203 2254
17491 17509 2312
18120 20880 2278
21029 17971 2099
21909 14091 2011
20852 19148 2009
19939 19061 2227
17186 20814 2305
16075 19925 2316
16686 21314 2305
19831 20169 2162
11729 25271 1923
17642 22358 2218
18541 18459 2296
22065 13935 1971
21627 14373 2062
18919 21081 2214
21940 14060 2004
18603 19397 2289
14207 24793 2049
15384 23616 2206
21929 15071 1988
19020 18980 2275
19602 20398 2180
21310 17690 2053
19094 15906 2284
16680 19320 2315
17690 19310 2308
22254 12746 1916
17291 20709 2304
12773 25227 1888
21998 13002 2000
21277 14723 2108
19289 20711 2196
16268 22732 2264
15698 24302 1980
10440 25560 1766
15513 20487 2312
17752 21248 2282
21898 15102 1995
20670 18330 2148
13024 24976 2018
21833 16167 1989
16932 19068 2314
21427 17573 1959
