24545 20602 28738
31156 21128 25377
30862 22947 25086
27439 26278 24924
29528 24550 26054
26575 26122 25599
31786 19828 23162
27541 23226 27943
27763 25651 26040
27072 22853 28146
28618 25958 23632
27780 21058 28270
27365 21309 28456
29013 25735 24335
25073 21809 28568
30370 24056 24817
25005 26229 25566
29752 24316 26036
29058 23556 27074
29465 25195 24997
28152 23238 27797
27069 23668 27894
31624 21177 23442
30741 22806 25571
30223 23856 25918
27168 24093 27675
27659 26193 24972
26945 25374 26605
25752 26326 25157
31613 20405 24236
26239 24272 27669
31678 20522 23959
26887 24623 27423
31763 20248 23620
30896 22757 25220
25735 25697 26435
24096 26011 25954
26360 26526 24163
30049 23640 26257
29961 23285 26560
28891 25826 24363
30010 24524 25172
27701 23788 27710
27283 22938 28087
25733 21252 28640
27544 22411 28195
30188 22711 26435
27057 26438 24078
26325 22899 28221
26635 24681 27433
25241 25079 27128
31088 21826 25402
25292 22183 28488
28568 22889 27688
28510 25748 25631
29215 23206 27136
25522 22505 28415
28110 21694 28117
28642 23905 27183
27990 24190 27470
28150 22039 28065
26087 20913 28639
30812 22834 25379
26729 26515 22953
25067 26680 23511
30307 23779 25759
26309 25066 27069
31660 20972 23940
26503 26446 24611
29976 24685 24755
31415 21958 24438
29704 23015 26871
26020 23090 28195
29506 24061 26508
31163 22688 23979
27420 24035 27665
29218 22391 27388
25963 21574 28567
26561 23599 27970
28834 21888 27724
27905 26302 23871
30263 23936 25653
25962 26598 22975
31058 22906 23537
26539 22169 28414
29698 22044 27049
25612 23399 28078
29556 24981 25531
30445 22981 26124
30851 23271 23904
28994 25655 25115
25150 26571 24263
30519 22194 26184
29650 24963 25244
28208 24918 26722
26272 23950 27854
28201 22945 27866
25677 24946 27253
28236 25996 24964
25001 26186 25663
30214 24337 24711
28854 24346 26795
31596 21265 23742
25431 21254 28666
29072 25074 26047
28953 25791 24374
