55266 101734 7975
73055 82945 9181
65491 99509 8178
66334 99666 8039
59645 99355 8391
79585 88415 8699
70531 96469 8395
55157 102843 7446
83044 82956 8830
63865 96135 8703
75860 83140 9127
93709 74291 8292
96184 72816 7977
62869 101131 7821
92291 69709 8463
56273 102727 7376
62488 97512 8584
88058 72942 8709
98368 69632 7564
58076 101924 7872
92579 79421 8021
100619 62381 7238
96939 70061 7999
75523 85477 9087
74453 88547 9002
66133 95867 8699
102001 50999 6853
63431 100569 8034
78548 85452 8966
80270 89730 8505
71360 88640 9089
69936 98064 8083
83747 89253 8103
66902 93098 8907
73011 93989 8570
98284 69716 7602
66651 94349 8822
66673 98327 8346
80460 83540 8950
91428 77572 8423
81044 85956 8800
99241 67759 7337
97315 68685 7977
72765 86235 9146
84960 83040 8703
72149 94851 8524
86639 83361 8542
62913 99087 8378
55107 102893 7214
90170 82830 7979
69859 89141 9088
68976 88024 9134
72448 84552 9175
75438 89562 8872
76388 81612 9121
76512 90488 8715
84705 81295 8792
64006 100994 7577
79292 85708 8921
64033 93967 8862
55143 102857 7413
78123 83877 9040
97652 70348 7781
72082 90918 8935
98207 69793 7632
65642 97358 8543
95706 73294 8056
73696 84304 9160
74677 96323 7655
80313 92687 7728
76387 89613 8808
71330 95670 8477
84865 84135 8644
74859 90141 8855
63630 99370 8313
66611 96389 8632
82055 87945 8545
100582 62418 7280
58870 102130 7712
74163 93837 8503
97157 70843 7896
94370 70630 8301
101206 56794 7223
83495 81505 8852
78029 88971 8757
75684 94316 8280
93326 77674 8147
54279 102721 7654
53237 102763 7667
90763 81237 8187
74327 89673 8932
80165 90835 8370
78005 81995 9076
78977 90023 8582
80663 92337 7807
57543 102457 7572
70884 90116 9025
90645 82355 7926
95482 73518 8084
68157 94843 8747
74700 92300 8649
84765 76235 8855
82618 86382 8652
83409 88591 8298
88575 75425 8675
77505 92495 8399
60210 101790 7781
93932 70068 8342
90236 79764 8442
81361 80639 8970
53550 102450 7795
89140 73860 8652
102069 51931 6650
82705 87295 8556
81656 87344 8640
90027 73973 8598
86256 81744 8673
88675 80325 8564
56271 102729 7358
71072 87928 9123
85521 86479 8329
84763 87237 8323
72525 82475 9189
78659 80341 9070
81948 89052 8427
86270 84730 8455
59160 101840 7841
69361 97639 8264
102030 51970 6772
64623 99377 8273
67159 99841 7762
56328 102672 7535
60673 98327 8508
55205 102795 7525
70131 87869 9134
48563 103437 7189
96930 72070 7823
75858 93142 8458
50705 103295 7271
88006 82994 8432
99152 66848 7602
79596 81404 9031
77809 92191 8414
65789 99211 8228
52957 103043 7463
53350 102650 7726
72559 90441 8953
101287 58713 7018
98028 65972 7918
91559 73441 8501
89608 82392 8258
60041 101959 7645
56596 102404 7729
82140 89860 8262
64389 98611 8411
60151 101849 7740
60149 97851 8559
91834 78166 8351
75970 95030 8016
50777 103223 7380
71760 83240 9196
65472 100528 7629
70842 95158 8578
66008 94992 8779
82844 84156 8788
100515 61485 7401
93767 78233 7793
67051 99949 7699
63049 94951 8797
73747 93253 8606
89286 80714 8479
95428 67572 8216
54054 102946 7476
58702 102298 7494
84053 84947 8652
57649 101351 8045
59648 101352 7991
98671 66329 7784
76117 94883 8037
84464 88536 8121
80592 79408 9011
101118 59882 7004
60246 99754 8326
73400 82600 9177
92073 76927 8382
100263 63737 7381
100794 61206 7266
91194 79806 8318
71438 91562 8910
90892 75108 8530
101829 54171 6954
72994 97006 7891
74644 84356 9137
75908 82092 9131
98276 67724 7823
95295 71705 8182
80711 88289 8623
71841 89159 9056
69969 91031 8991
75121 82879 9146
67708 99292 7985
63909 97091 8614
65382 98618 8371
64423 100577 7905
73552 94448 8470
59966 102034 7470
69120 98880 7896
69242 86758 9166
67037 99963 7688
79003 83997 9000
88335 83665 8307
100372 57628 7481
82439 90561 8030
101634 56366 6956
69375 85625 9185
55132 102868 7384
77781 84219 9044
68172 97828 8336
68741 96259 8557
97521 68479 7947
78110 85890 8967
70598 98402 7635
91005 76995 8482
64265 100735 7819
69132 98868 7899
72675 97325 7752
95523 70477 8186
52018 102982 7567
91055 73945 8532
89498 76502 8608
91495 74505 8494
73316 96684 7957
87699 78301 8695
68320 89680 9076
82832 90168 8055
67111 93889 8851
68304 88696 9115
71679 96321 8310
57248 101752 7946
98507 69493 7402
58793 102207 7626
90757 79243 8413
101839 52161 6974
95009 69991 8246
93983 78017 7608
72767 88233 9081
78730 81270 9062
68962 87038 9160
100262 58738 7510
94250 76750 8031
82016 82984 8887
92251 75749 8404
93704 78296 7818
75679 88321 8958
74404 87596 9054
71380 93620 8719
87147 79853 8687
99534 66466 7445
99707 66293 7348
96933 69067 8029
96650 71350 7988
64577 98423 8432
87140 82860 8533
94900 73100 8183
68638 90362 9047
95191 70809 8219
91353 81647 7805
72502 88498 9075
67290 95710 8684
93377 74623 8321
99544 62456 7673
74771 91229 8757
62130 100870 8022
62106 99894 8274
92506 74494 8412
96192 70808 8086
90153 76847 8555
77172 90828 8633
61551 99449 8357
101630 55370 7067
81203 90797 8227
91582 81418 7617
71571 82429 9197
89047 83953 8064
86276 86724 8143
70965 82035 9199
96642 66358 8100
97990 70010 7701
77430 89570 8742
68487 96513 8537
101313 58687 6858
83300 86700 8560
75258 94742 8241
67140 97860 8401
91636 80364 8113
97155 65845 8039
100882 61118 7140
64495 97505 8554
100257 59743 7507
71493 84507 9186
92524 79476 8027
65499 96501 8647
101058 59942 7181
67290 99710 7836
74254 87746 9053
66958 90042 9063
65137 99863 8108
72159 91841 8852
73380 86620 9120
98727 64273 7816
75527 95473 7944
68602 98398 8166
87717 74283 8723
72628 96372 8180
82707 85293 8729
59005 100995 8112
62511 99489 8330
67128 96872 8560
73766 87234 9088
75486 84514 9112
78246 86754 8919
74655 96345 7617
93935 76065 8187
61828 101172 7929
52875 103125 7309
77845 83155 9063
80596 87404 8716
60013 101987 7609
50869 103131 7458
88888 82112 8413
83717 78283 8892
67701 91299 9007
62786 101214 7756
69579 98421 8006
65582 100418 7724
91365 78635 8378
82816 89184 8282
66122 93878 8861
101612 56388 7047
67890 97110 8480
77164 94836 7691
83727 77273 8897
75680 91320 8688
81944 81056 8937
100054 64946 7198
70798 86202 9170
85567 73433 8823
94920 68080 8263
101800 55200 6784
72844 92156 8784
83272 80728 8882
87348 81652 8597
72396 87604 9112
72247 95753 8376
70616 98384 7677
80452 85548 8862
75093 85907 9089
58725 100275 8262
98443 69557 7530
78222 91778 8432
60343 101657 7836
58063 100937 8141
75669 92331 8575
92125 79875 8068
81573 83427 8895
85557 81443 8739
90012 80988 8376
75283 92717 8558
97716 71284 7538
71659 86341 9158
79251 91749 8328
62506 95494 8758
78360 93640 7983
71205 97795 7963
81270 88730 8528
65444 100556 7583
83813 83187 8775
83982 82018 8812
76602 93398 8348
79284 89716 8590
72535 97465 7580
65797 100203 7851
56663 102337 7765
57978 102022 7841
83531 85469 8654
65579 92421 8950
81966 91034 7980
99966 64034 7516
80604 84396 8907
63675 100325 8094
54430 102570 7750
58103 99897 8318
81577 84423 8854
100851 56149 7343
72291 92709 8761
56584 101416 8042
90365 78635 8481
73470 85530 9143
101237 55763 7213
88833 78167 8622
98028 67972 7867
83039 75961 8926
50683 103317 7219
91624 79376 8292
98743 68257 7609
73836 95164 8324
59276 101724 7885
99054 63946 7760
69548 83452 9201
80441 92559 7758
71293 90707 8981
67385 97615 8427
59324 98676 8469
90552 75448 8550
98935 66065 7731
100868 61132 7167
70247 84753 9190
50712 103288 7283
70732 93268 8789
93987 74013 8267
80311 91689 8173
69137 90863 9014
65617 99383 8202
88135 78865 8653
102147 49853 6614
89648 80352 8465
65969 100031 7919
89611 81389 8393
89604 72396 8627
76767 92233 8501
60766 101234 7985
69839 86161 9177
63669 98331 8465
71739 90261 8998
65687 94313 8833
70233 91767 8940
66161 91839 8981
86971 85029 8326
68639 97361 8391
73504 92496 8709
74780 96220 7727
73071 96929 7907
59393 100607 8189
96703 73297 7682
101467 57533 6972
92944 71056 8414
62909 100091 8212
69737 94263 8740
70180 88820 9098
62617 101383 7421
98814 65186 7788
81738 86262 8732
73699 81301 9173
74594 94406 8386
101254 56746 7205
74538 95462 8150
53986 102014 7912
94116 72884 8288
52231 102769 7677
84283 78717 8862
69756 87244 9152
80707 78293 9009
68787 93213 8872
79191 84809 8962
88641 82359 8419
101096 59904 7099
101909 54091 6770
81937 82063 8916
77138 86862 8968
72766 91234 8876
71869 97131 8082
85746 78254 8798
59440 101560 7936
68217 98783 8095
68750 95250 8683
65030 94970 8790
69343 93657 8814
58330 101670 7939
70900 86100 9171
88103 76897 8692
57463 102537 7390
89300 79700 8534
56522 102478 7687
89365 77635 8595
51864 103136 7425
86165 86835 8144
82737 82263 8872
93665 75335 8259
85568 79432 8790
76312 85688 9056
99967 65033 7413
71815 94185 8630
65579 95421 8749
89955 76045 8583
64133 100867 7737
92872 78128 8194
61629 101371 7857
56994 102006 7879
99586 63414 7643
93007 75993 8312
80112 92888 7621
90931 76069 8512
99078 64922 7735
77942 93058 8248
79782 82218 9008
76482 87518 8967
89571 75429 8620
70056 95944 8524
90232 72768 8590
70341 93659 8770
102221 46779 6431
98171 66829 7871
97531 64469 7994
100883 60117 7281
101774 55226 6926
73038 90962 8886
102004 52996 6744
94392 67608 8308
68722 99278 7687
85290 84710 8560
87847 80153 8636
79535 79465 9044
84097 79903 8855
54088 102912 7508
61400 100600 8140
75916 90084 8794
75360 81640 9146
79349 88651 8695
89173 82827 8280
58689 102311 7370
82828 79172 8924
70527 94473 8674
59989 102011 7554
100776 61224 7280
93438 73562 8345
71580 85420 9176
92627 72373 8432
101969 53031 6817
61452 101548 7765
99916 60084 7601
72102 81898 9195
87651 76349 8720
97768 71232 7439
79600 87400 8787
96111 71889 8057
62600 100400 8153
75155 90845 8770
82511 82489 8877
63240 98760 8417
56280 102720 7428
75232 95768 7878
72244 82756 9192
74930 96070 7794
77083 94917 7585
84007 85993 8562
70852 88148 9117
86322 79678 8742
79251 86749 8865
83302 84698 8727
86170 79830 8747
85885 84115 8553
99840 65160 7478
76276 93724 8325
102121 50879 6596
71520 92480 8826
74057 94943 8347
95011 74989 8060
84305 87695 8315
80913 81087 8984
92588 73412 8427
67699 92301 8952
101648 56352 6833
97780 69220 7851
74849 96151 7760
96821 73179 7417
90049 77951 8536
72635 83365 9184
68002 92998 8901
55667 101333 8063
93794 68206 8357
60640 101360 7949
79397 86603 8865
74283 93717 8509
102188 48812 6516
74319 85681 9121
74129 86871 9090
87929 85071 8119
73505 96495 7995
100375 63625 7230
101448 56552 7132
79904 89096 8605
67201 94799 8776
84921 75079 8851
69489 96511 8477
98972 63028 7778
72831 96169 8206
92908 79092 7972
86725 85275 8328
91714 71286 8499
61295 101705 7599
62265 98735 8441
80728 82272 8968
84559 86441 8458
88370 81630 8510
102110 50890 6680
79790 83210 8986
61953 97047 8631
77914 91086 8548
69203 94797 8710
79618 90382 8484
81432 79568 8980
96540 69460 8076
66971 100029 7556
56211 101789 7957
86105 84895 8456
61328 101672 7653
74373 83627 9155
61110 96890 8649
95695 75305 7606
61680 98320 8499
55892 102108 7879
90464 80536 8355
62017 95983 8722
54839 102161 7876
87803 82197 8521
83000 88000 8447
83634 78366 8895
71151 88849 9084
84644 87356 8321
70759 97241 8200
94794 73206 8193
92009 71991 8477
63301 96699 8655
54474 102526 7771
70108 97892 8109
64344 95656 8742
77187 94813 7716
84760 88240 8128
94230 71770 8301
67413 98587 8238
74873 94127 8404
102122 50878 6570
95069 68931 8249
100174 61826 7519
57491 102509 7493
68188 95812 8642
88412 73588 8690
81367 91633 7912
56871 102129 7841
101716 52284 7030
88444 74556 8686
62636 101364 7521
96785 68215 8071
69100 86900 9163
65337 95663 8730
72385 86615 9142
86265 82735 8622
67009 99991 7642
64804 100196 8032
80435 89565 8509
66037 97963 8447
102005 52995 6664
70341 92659 8865
90621 75379 8546
48554 103446 7119
98566 65434 7832
71190 91810 8900
72571 89429 9025
87260 83740 8446
80137 79863 9024
74379 95621 8128
56903 102097 7851
101926 52074 6908
99235 66765 7578
61410 101590 7729
94779 69221 8274
63152 100848 7936
53989 103011 7341
100677 59323 7390
70332 85668 9181
65528 100472 7686
97498 66502 7991
98363 63637 7876
61169 100831 8085
101280 58720 7047
95352 75648 7784
68807 99193 7779
85653 80347 8763
72766 95234 8421
73259 88741 9044
70689 98311 7757
61274 101726 7491
93320 78680 7909
75393 94607 8257
99345 66655 7539
97664 67336 7951
92552 71448 8441
58878 102122 7719
71449 97551 8007
74972 88028 9013
96237 73763 7853
73664 91336 8818
65733 100267 7817
77710 88290 8840
90706 74294 8553
94280 74720 8202
59085 101915 7810
77505 87495 8915
99545 65455 7588
72407 91593 8862
97982 64018 7933
84770 83230 8707
57472 102528 7460
74325 92675 8633
70139 81861 9201
98503 67497 7775
63884 95116 8784
78383 84617 9008
66762 99238 8147
67230 90770 9031
66244 99756 8014
83699 79301 8883
62155 96845 8649
67859 94141 8819
64417 96583 8656
96787 73213 7628
69456 89544 9075
98503 69497 7425
98562 63438 7846
77039 82961 9094
97652 71348 7619
101981 53019 6793
77090 87910 8911
53049 102951 7563
65673 93327 8900
70891 87109 9151
57624 102376 7662
62630 96370 8688
64016 99984 8169
68721 99279 7599
95927 69073 8163
78753 88247 8774
65292 93708 8877
72557 97443 7618
62878 101122 7825
99114 67886 7458
76901 94099 8146
91517 75483 8475
81713 89287 8420
90167 70833 8595
79372 92628 8106
77556 94444 7843
91275 80725 8144
90938 72062 8549
74391 81609 9162
96302 66698 8135
60090 101910 7695
92862 77138 8273
97459 69541 7910
66798 90202 9056
65849 98151 8426
61234 97766 8566
80084 92916 7575
66223 98777 8291
70016 91984 8931
102151 48849 6674
83238 88762 8294
78335 92665 8273
102055 50945 6797
86215 83785 8549
69631 95369 8626
90158 81842 8225
63883 100117 8142
61761 96239 8703
97519 71481 7677
51763 103237 7255
100983 60017 7234
64342 97658 8538
93406 70594 8382
95682 74318 7959
74237 94763 8362
70589 98411 7565
98423 66577 7828
100810 60190 7315
73131 95869 8243
60867 100133 8262
52007 102993 7560
99900 61100 7598
81672 78328 8975
66024 92976 8919
83915 80085 8861
91571 81429 7745
64714 100286 8007
101798 55202 6831
84739 85261 8564
93067 68933 8413
71819 87181 9134
77105 94895 7623
70733 98267 7799
55286 102714 7588
75127 80873 9150
72311 83689 9185
70349 83651 9199
88006 78994 8658
101324 54676 7183
86228 76772 8791
64353 99647 8232
51878 103122 7445
94957 76043 7930
100348 63652 7271
57118 100882 8159
99690 64310 7596
96708 72292 7877
75328 95672 7900
81607 85393 8801
98838 68162 7578
93871 75129 8240
81924 87076 8644
100914 61086 6982
77729 94271 7875
78750 89250 8680
93923 72077 8325
98319 68681 7742
52877 103123 7360
70401 89599 9059
82378 76622 8951
64032 100968 7633
63179 99821 8253
93917 78083 7704
93236 71764 8389
78746 90254 8575
72593 97407 7678
99378 61622 7706
77190 81810 9100
84479 80521 8825
79258 87742 8782
82357 80643 8925
57705 102295 7723
88716 79284 8600
