49787 31213 3747
48244 32756 4187
38560 43440 4771
34008 45992 4421
44183 39817 4666
40401 42599 4779
33949 46051 4401
37961 44039 4730
45882 38118 4506
34824 46176 4241
39908 42092 4802
31550 46450 4119
47602 35398 4275
37500 45500 4481
33765 46235 4297
46711 37289 4395
45403 37597 4588
35274 45726 4504
42695 43305 4503
50113 26887 3630
49514 32486 3822
42458 42542 4666
44325 40675 4615
37352 45648 4404
42157 43843 4430
49153 32847 3983
35215 45785 4484
40193 44807 4464
47897 36103 4138
35042 45958 4423
49912 29088 3798
37375 45625 4430
40566 42434 4781
48472 34528 4094
40914 41086 4806
34852 46148 4287
41655 43345 4663
38866 45134 4524
46987 36013 4379
37614 45386 4527
37075 44925 4653
37760 45240 4581
43232 39768 4731
49669 31331 3859
47266 36734 4284
46267 34733 4492
48962 32038 4051
46515 36485 4449
45184 37816 4607
30494 46506 4005
46172 36828 4494
33903 46097 4380
42209 40791 4765
40430 44570 4568
47067 37933 4200
44950 41050 4397
36024 45976 4283
42161 41839 4748
36279 45721 4485
48046 35954 4098
49767 31233 3794
48987 34013 3897
45898 36102 4535
48516 32484 4137
43406 41594 4657
37280 45720 4251
45160 40840 4348
43491 40509 4699
45069 39931 4548
45517 36483 4577
44196 41804 4461
49092 32908 3999
39026 44974 4592
38960 44040 4725
38341 44659 4664
37943 45057 4610
47100 37900 4145
49972 30028 3746
47721 33279 4279
45749 36251 4552
45365 38635 4563
46658 38342 4321
45967 39033 4445
41508 42492 4755
49421 30579 3948
50065 28935 3598
48287 35713 3984
33694 46306 4181
39810 40190 4830
31687 46313 4251
48664 34336 4050
42237 43763 4447
41106 43894 4656
49580 30420 3906
49001 31999 4042
46927 36073 4388
39153 41847 4813
41008 39992 4820
41335 40665 4799
46077 37923 4483
50031 28969 3695
46515 35485 4460
47148 37852 4058
39288 43712 4748
43580 38420 4726
38548 44452 4688
49544 32456 3793
48297 35703 3973
46488 38512 4361
39493 42507 4797
34064 45936 4439
38817 45183 4496
45422 39578 4511
49859 30141 3801
40440 40560 4823
38694 45306 4345
48191 33809 4190
44414 41586 4444
44568 39432 4637
42874 42126 4667
48120 34880 4172
32609 46391 4131
32748 46252 4288
38382 43618 4761
44619 37381 4655
36033 45967 4324
37491 42509 4807
34900 46100 4359
44660 38340 4648
49983 29017 3763
42092 39908 4785
46218 38782 4410
41077 41923 4783
36174 45826 4444
48930 34070 3949
39328 42672 4795
32657 46343 4225
46093 35907 4512
49464 31536 3933
42306 39694 4781
44336 37664 4677
38716 45284 4430
49419 32581 3879
47320 34680 4349
37293 44707 4675
36493 45507 4564
44980 39020 4602
38988 42012 4811
44747 37253 4645
39242 40758 4833
40457 43543 4719
39730 44270 4688
40300 44700 4539
