22314 19634 20802
22937 18202 18656
22643 18897 20372
21270 21887 20442
21121 22363 19482
20220 18068 24351
23066 17675 18536
20823 20237 23350
20097 22545 21677
18363 23798 21653
19929 21576 23024
23247 15298 19033
19271 22734 22404
18368 20817 24554
22335 19112 21436
23134 17054 19132
19534 23463 19543
22483 19745 19509
17293 19549 25323
17401 20976 24761
18537 22608 23122
19081 23775 19985
20466 21583 22433
23319 14555 18183
20810 21877 21392
20795 20812 22940
22730 18938 19532
18894 21262 24039
19945 18655 24465
17243 22766 23353
17973 22825 23087
18926 23019 22289
23149 16584 20102
19490 20664 24050
22805 17222 21132
19879 19091 24454
19049 23639 21217
20148 21044 23294
18153 18479 25302
22471 19616 19890
17477 22490 23654
18739 21989 23628
20367 20000 23760
20001 22364 22089
22163 18898 22212
18242 23476 22182
21602 21253 20529
20158 21513 22861
21504 21781 19251
23178 16542 19681
19041 19963 24648
22413 17685 21875
18725 23950 20240
16272 18936 25476
17944 18832 25309
17172 18217 25445
16117 22994 23142
18117 24171 20748
16847 23346 22640
21692 18017 22904
17284 19804 25248
19215 21501 23686
21252 21184 21644
16772 18384 25486
22175 19151 21944
19415 22964 21971
22890 18090 20395
21584 20550 21731
20653 22363 20875
16924 20850 24949
17196 24362 21016
20635 21660 22077
19943 23109 20907
23068 17396 19940
17111 21757 24352
23216 15147 19403
22843 18558 19281
21475 21823 19672
18304 20022 25045
18639 21347 24104
19014 19861 24708
19620 22398 22461
21708 18405 22861
20397 18964 24137
21563 18544 23024
21447 17361 23229
16655 22831 23355
17021 22156 24109
19243 20926 24096
18513 19669 25038
21933 20001 21516
21412 20336 22507
21164 19260 23331
20560 22633 20474
21936 20813 20236
17826 23568 22253
20884 19559 23516
18753 20723 24447
19748 22881 21620
16380 24124 21587
22715 17873 21080
20748 18606 23840
17717 18982 25328
21832 21110 19810
22452 20100 18766
