18364 19636 2277
15535 23465 1826
20295 16705 2261
24400 13600 1720
24360 12640 1833
22626 17374 2089
18176 20824 2235
16880 23120 1932
24556 12444 1693
23063 16937 2003
18145 21855 2164
17817 21183 2219
22222 18778 2000
23536 14464 2011
22303 15697 2159
13441 23559 1704
22968 15032 2106
18793 18207 2287
17233 21767 2176
24395 11605 1826
18867 18133 2287
21499 19501 2121
23340 13660 2055
23349 16651 1892
19846 19154 2245
18960 21040 2206
20814 16186 2247
20117 20883 2150
22463 18537 1934
19601 20399 2214
15697 23303 1953
19358 20642 2211
16865 23135 1883
19537 17463 2280
19801 20199 2215
22288 17712 2119
23884 14116 1945
23201 16799 1974
18731 19269 2279
23348 15652 2028
19515 18485 2270
19084 19916 2254
18819 21181 2199
17557 22443 2103
19960 19040 2243
24075 12925 1918
22518 16482 2138
22136 15864 2172
23944 15056 1816
20816 19184 2201
19651 17349 2278
20787 20213 2143
20632 18368 2231
18627 22373 1989
21740 17260 2187
23389 16611 1785
20905 17095 2241
22518 14482 2142
23635 15365 1940
21456 18544 2185
20901 20099 2141
18927 22073 2101
20187 17813 2258
21762 16238 2197
24167 13833 1867
18524 21476 2184
17133 22867 2035
17191 22809 2053
16777 22223 2132
19432 21568 1919
23589 15411 1956
15990 23010 2048
24682 11318 1738
24576 12424 1642
24006 14994 1681
21871 19129 2079
