54175 55825 6883
72457 47543 6050
73312 46688 5882
70101 48899 6337
70032 50968 6299
52173 68827 5744
75599 38401 5065
75422 39578 5190
44081 70919 5635
71572 47428 6190
54400 67600 6106
71759 48241 6152
44942 69058 6320
63009 54991 6707
72293 51707 5672
43317 69683 6224
48026 62974 6785
47723 58277 6889
36266 71734 5352
58519 59481 6749
54308 65692 6466
71474 53526 5663
51292 64708 6661
57848 55152 6838
59201 64799 6243
73391 46609 5861
55054 56946 6868
75337 40663 5044
51872 60128 6850
47124 69876 6039
70962 53038 6052
72807 46193 5993
48310 68690 6286
58398 62602 6580
75673 37327 5009
62549 63451 5994
55563 67437 5979
55558 64442 6550
74141 45859 5560
50043 67957 6344
73579 47421 5758
42958 70042 6154
58954 65046 6227
62942 61058 6389
58440 55560 6824
75100 41900 5229
53526 64474 6621
46704 69296 6224
56395 66605 6155
50116 65884 6600
54644 60356 6813
75187 40813 5292
39510 71490 5622
74835 43165 5169
72471 48529 6027
58523 58477 6781
66305 55695 6492
67750 55250 6371
44453 68547 6401
55346 66654 6252
63222 62778 6043
75102 41898 5148
72367 50633 5922
56214 54786 6864
75554 38446 5128
72865 47135 5973
74919 41081 5434
54591 62409 6722
56411 57589 6840
48590 64410 6721
65681 61319 5772
74546 44454 5337
62356 56644 6699
54464 57536 6870
74403 44597 5528
55441 67559 5781
44471 70529 5975
69925 56075 5844
41357 70643 6016
59216 65784 5853
56449 59551 6801
60964 58036 6716
60601 63399 6322
59733 64267 6275
51826 58174 6880
45013 65987 6638
58603 65397 6191
47883 68117 6411
69076 53924 6284
70524 49476 6285
49977 57023 6896
51136 68864 6053
65520 61480 5724
48058 65942 6629
60328 63672 6310
64680 54320 6640
41770 71230 5725
66104 54896 6544
43016 70984 5828
54669 67331 6161
67295 50705 6540
42078 70922 5902
71740 49260 6134
71341 50659 6139
62424 55576 6724
54424 64576 6581
53235 61765 6785
57436 62564 6622
75113 39887 5346
59032 61968 6595
65880 60120 6107
49032 60968 6847
68926 57074 5984
51420 61580 6816
71717 50283 6101
72607 49393 5961
74626 41374 5539
39427 71573 5487
48422 66578 6575
59158 62842 6512
74490 44510 5483
67755 58245 6051
50090 61910 6818
61545 54455 6760
52163 56837 6890
55468 67532 5887
61820 64180 5862
59826 58174 6752
71079 48921 6232
59645 61355 6605
52001 66999 6401
72856 50144 5626
75542 39458 5019
75343 39657 5239
56757 62243 6668
69421 52579 6310
62919 59081 6563
53738 68262 5790
72844 50156 5712
74928 42072 5393
56198 65802 6345
47412 65588 6660
51569 62431 6784
58754 55246 6821
61753 55247 6749
60248 57752 6750
74813 40187 5476
60672 55328 6779
52829 66171 6475
69722 53278 6236
49632 69368 6020
73666 45334 5806
46929 70071 5979
64876 59124 6393
52454 58546 6872
68171 56829 6172
57358 60642 6738
54048 58952 6855
66721 51279 6572
62261 61739 6381
60234 62766 6440
59752 65248 6013
52380 65620 6558
48517 69483 6066
38648 71352 5746
63020 61980 6252
62633 54367 6730
66260 54740 6537
63064 59936 6482
59139 65861 5729
59858 65142 6037
57187 66813 5852
46676 70324 5875
71322 49678 6182
55827 58173 6841
55423 67577 5694
50544 67456 6402
48820 63180 6776
73309 48691 5718
72577 50423 5856
72350 47650 6068
55075 66925 6217
46567 65433 6676
51450 66550 6483
58271 57729 6802
51856 68144 6202
58011 59989 6745
66232 52768 6587
74223 45777 5430
63020 62980 6030
51024 66976 6448
57971 66029 6110
50580 68420 6222
66538 57462 6359
65420 58580 6383
57767 57233 6819
68544 55456 6254
60763 54237 6781
72611 45389 6036
59428 62572 6520
58215 60785 6701
74806 43194 5371
53161 59839 6847
53817 68183 5908
38343 71657 5460
72187 48813 6080
50801 69199 5936
57912 55088 6837
74716 43284 5439
66716 53284 6549
56905 65095 6401
49981 67019 6481
53878 65122 6555
62012 63988 5924
66887 58113 6236
55154 65846 6400
52179 55821 6892
47838 59162 6884
50514 66486 6525
44873 70127 6107
68813 53187 6356
37436 71564 5616
64850 57150 6530
63571 58429 6552
40923 71077 5864
73730 45270 5786
55962 67038 6071
49272 69728 5800
56915 63085 6606
46617 62383 6808
49262 69738 5747
70517 52483 6170
50754 60246 6855
45476 69524 6222
47117 65883 6642
51315 59685 6862
69534 56466 5905
63799 62201 6073
52534 67466 6297
63177 60823 6391
62300 58700 6624
61165 63835 6178
62312 63688 5967
67826 59174 5720
56201 62799 6652
69457 49543 6391
37573 71427 5705
59806 55194 6799
69740 54260 6168
45737 70263 5995
53406 63594 6682
67402 52598 6518
59154 63846 6398
70009 54991 6044
53775 67225 6261
69863 50137 6342
43577 69423 6274
65745 56255 6512
51092 61908 6808
50701 65299 6634
45421 66579 6593
57598 66402 6028
75071 41929 5292
60704 61296 6546
44934 67066 6554
72000 48000 6118
57707 66293 6052
64212 60788 6281
71888 52112 5882
71922 47078 6140
54656 61344 6775
58101 58899 6783
59471 55529 6804
54406 66594 6334
44450 67550 6511
75643 38357 4978
62909 57091 6661
55245 63755 6620
53127 67873 6164
56983 62017 6674
52536 60464 6838
44430 69570 6232
74239 43761 5654
47640 63360 6771
48884 67116 6507
75326 40674 5185
60194 55806 6784
50781 58219 6885
52238 68762 5877
61566 57434 6711
48798 69202 6136
64000 54000 6676
56924 66076 6229
73694 47306 5702
46564 66436 6603
75706 37294 4871
70039 51961 6262
41849 70151 6143
53609 66391 6409
43574 70426 6048
49442 66558 6555
49504 68496 6268
45338 70662 5739
57564 63436 6550
57849 58151 6804
50728 69272 5869
55329 62671 6686
55347 65653 6416
40853 71147 5821
49871 59129 6879
48940 69060 6167
68403 49597 6476
48982 64018 6738
55647 63353 6634
66659 59341 6100
57586 56414 6832
50659 69341 5792
64223 59777 6395
68995 52005 6380
45405 67595 6507
49946 61054 6842
53000 61000 6816
73807 47193 5617
47699 69301 6172
52111 63889 6695
64691 61309 6105
73407 47593 5825
57403 66597 5978
57361 56639 6834
54300 58700 6857
45179 68821 6356
62156 60844 6477
46619 67381 6519
73746 43254 5796
42913 71087 5753
64912 55088 6614
71428 53572 5721
73546 43454 5841
60462 60538 6617
71270 51730 6093
70584 50416 6254
46984 69016 6278
47477 69523 6126
68849 50151 6437
56941 56059 6848
55464 59536 6821
67588 51412 6519
60958 60042 6622
46629 64371 6730
53074 66926 6360
72987 48013 5926
55707 57293 6857
66720 58280 6242
71194 53806 5854
61009 61991 6466
67499 59501 5769
49129 64871 6692
53976 60024 6831
49184 66816 6533
42535 69465 6272
36289 71711 5488
59297 65703 5885
65243 57757 6465
61608 64392 5726
38766 71234 5809
75524 39476 5068
65697 61303 5776
49742 67258 6460
59489 65511 5947
60330 64670 6112
57597 65403 6303
73964 44036 5734
61937 57063 6707
57401 64599 6437
67147 54853 6454
56721 61279 6726
56566 63434 6595
65458 60542 6109
66223 51777 6593
60339 59661 6683
60542 58458 6718
51694 67306 6372
57855 62145 6633
60017 58983 6720
54752 56248 6877
51481 63519 6728
66296 56704 6439
54845 59155 6841
47829 67171 6522
75723 36277 4885
65294 55706 6573
61711 59289 6624
68457 52543 6416
50897 69103 5971
47549 62451 6805
56652 60348 6767
59371 65629 5913
56528 58472 6823
43342 70658 5969
53507 65493 6530
61910 54090 6750
48853 60147 6866
51719 65281 6607
40160 70840 5956
44672 68328 6429
74418 43582 5592
45701 70299 5982
53690 58310 6867
49256 69744 5687
38402 71598 5538
68685 51315 6432
56042 64958 6469
46601 70399 5673
60932 63068 6336
41030 70970 5912
73083 44917 5943
61275 60725 6551
73578 44422 5831
40703 71297 5726
46036 67964 6469
72221 49779 6036
66875 52125 6556
65340 59660 6283
73816 47184 5572
62615 58385 6620
41666 71334 5568
48269 61731 6826
47929 70071 5883
50221 64779 6679
49262 67738 6412
71460 53540 5693
70508 54492 5983
61809 63191 6204
50042 68958 6112
48421 69579 6042
47888 70112 5745
51030 67970 6290
72062 51938 5831
66800 60200 5839
57341 66659 5948
66461 55539 6485
72548 46452 6042
53236 56764 6884
54769 65231 6503
59892 54108 6804
74056 42944 5717
71403 52597 5978
51959 57041 6890
65673 59327 6278
69416 55584 6100
54544 65456 6485
64117 56883 6600
56236 63764 6581
51138 56862 6895
66095 60905 5838
52305 64695 6638
72996 49004 5885
70049 55951 5747
50883 68117 6269
44217 70783 5879
75738 34262 4728
70311 48689 6318
72156 51844 5787
67969 56031 6287
48668 62332 6807
46971 68029 6442
71918 51082 6001
64186 52814 6677
73385 48615 5622
49681 65319 6654
68463 53537 6377
52610 62390 6767
69664 48336 6385
53589 57411 6878
51620 68380 6162
47560 64440 6727
72285 46715 6084
55174 55826 6875
74896 42104 5415
65722 54278 6585
42933 69067 6336
51596 60404 6846
50046 63954 6730
55199 64801 6530
40520 71480 5551
62014 57986 6671
59893 62107 6531
45364 70636 5786
73758 44242 5789
71084 52916 6034
64170 55830 6638
43089 70911 5874
55293 60707 6787
64732 53268 6650
60814 56186 6764
73825 44175 5773
59569 57431 6776
73884 46116 5697
51671 61329 6822
49297 69703 5903
58551 61449 6650
45903 66097 6630
75703 37297 4909
52409 68591 5995
45875 67125 6546
59154 65846 5823
56123 66877 6108
57271 65729 6276
64783 58217 6473
52589 61411 6809
41929 71071 5832
54632 57368 6870
67113 53887 6498
42667 70333 6093
42071 69929 6189
49630 68370 6288
37406 71594 5592
58799 57201 6798
71062 47938 6245
68029 54971 6353
46209 68791 6347
52278 58722 6871
56427 66573 6160
58432 63568 6490
56087 61913 6711
36273 71727 5416
74199 45801 5489
74447 41553 5601
56883 55117 6853
56564 64436 6506
62577 60423 6480
45095 69905 6153
51841 66159 6515
70017 55983 5775
72671 50329 5812
52611 68389 6045
70585 53415 6089
52644 67356 6310
61072 56928 6744
60093 64907 6085
59157 55843 6807
70961 54039 5915
38825 71175 5837
65422 53578 6616
