50502 44496 50859
53812 42059 49982
42295 39213 52787
49169 46175 50314
56362 43179 45099
55441 45351 46613
54107 46639 47627
50078 50767 43560
43155 38056 52879
55915 45238 45503
53670 41464 50089
47373 47965 49327
53722 43026 49942
44883 36858 52763
55571 42976 47416
44135 46793 50357
49510 41330 52032
51648 49795 45140
54183 48199 43591
55068 47043 45503
55803 46020 44456
52922 47649 47654
49443 50737 44852
52315 46253 49277
56158 42371 45939
53064 48911 45246
49957 50376 45467
50570 49653 46330
54752 47437 45451
51567 46129 49646
53161 42431 50441
51404 40277 51457
47027 50721 45543
48523 45561 50785
47384 38795 52469
47281 51558 42909
56075 44758 45356
44140 41529 52475
42567 37202 52901
51539 45230 50206
52892 49224 44096
54960 46844 46229
56231 42620 45732
54129 46281 47934
56862 41059 43245
47903 46124 50604
47283 49595 47486
46372 37907 52600
44339 51876 41531
52091 49726 44077
48273 51397 43059
45871 47822 49530
57195 40950 41129
54132 43018 49514
54525 44576 48493
43146 39561 52744
55393 42245 47843
56026 43531 46178
50236 43551 51310
54210 47365 46678
51764 49809 44745
44854 51892 40726
53090 45869 49125
53041 46329 48813
49727 40856 52015
45928 43031 52112
49149 41978 51966
54233 44943 48755
50762 50486 42823
50474 44336 50936
55585 46519 43597
54714 44899 48060
46815 51649 42268
46476 44169 51675
50512 50155 45478
52519 49375 44610
54465 46116 47722
45503 46500 50581
46242 51412 44024
50213 47970 48655
52170 48879 46533
53411 43894 49938
55902 45903 43799
53614 47541 47189
45088 40857 52545
56492 44619 41984
53839 42097 49952
56165 45445 43109
49848 48891 47773
51407 43021 51139
54332 47252 46677
48060 48392 48762
51654 47651 48423
46936 49591 47529
51403 50109 44035
54708 46193 47292
43783 39060 52770
55617 42315 47338
46086 38069 52632
48860 47385 49580
46717 49270 47998
55303 46384 46126
54827 41602 48836
50642 50312 44896
45583 51826 41046
56933 42796 42107
51154 43987 50900
54234 43884 49167
55239 46977 43653
54866 47444 43909
54568 43146 48966
54260 46797 47323
54117 45452 48597
52686 42516 50771
54006 43703 49512
46789 49725 47352
52605 48995 45812
55092 42275 48390
52920 40758 50645
55048 45850 47011
57105 42276 40788
53038 44820 49746
56116 44660 45291
51772 49974 43568
53998 45290 48845
55315 46243 46236
54100 47603 46471
51041 49442 46380
51096 50274 43905
54412 47953 43559
47885 45674 50852
46642 45928 50912
54274 48084 44026
50695 50467 43893
56170 44414 45294
54736 42823 48841
52850 43299 50437
55757 43938 46732
56610 43648 43804
54680 47335 46027
52994 48104 47008
51050 50332 43532
49492 50903 44071
51071 41271 51602
43319 40037 52695
47764 41202 52325
52279 42401 50984
49439 49759 46754
51457 50185 42559
48491 45853 50635
49867 50677 44532
49434 51005 43436
49552 49423 47169
47402 46587 50409
48511 40296 52307
55859 45827 44718
48027 50717 45546
56406 42265 45214
55140 45486 47066
48521 50587 45680
53217 49014 43179
43531 40888 52581
55943 45020 45623
53866 42721 49847
50572 48836 47544
56317 45033 43185
47220 44346 51514
46834 40517 52509
44992 45641 51075
54276 43513 49228
56981 42271 42148
48353 50249 46335
56118 45428 43983
55704 42120 47143
56374 44737 43684
43809 37446 52866
52133 49674 44278
54077 48280 43900
56717 43934 41645
45278 51643 42952
47952 49983 46819
53557 48698 44352
55996 44181 45956
50465 41092 51819
48057 41810 52177
53039 48584 46093
45129 51626 43065
45068 51810 41851
52670 48587 46533
54515 47857 42915
53636 45183 49225
54070 44776 49005
48318 50864 45171
52836 48428 46626
56592 43347 44105
52079 49192 46081
55555 44183 47006
49264 50510 45544
44677 42206 52352
55576 46106 45730
52573 43928 50358
50277 47262 49318
46693 47331 49899
47224 45574 51036
55588 44136 46972
47706 42334 52105
54424 45748 48015
48471 43366 51710
50166 49945 46106
53668 43620 49830
51986 49351 45830
54111 48204 44295
53892 48011 46079
51354 41671 51453
47643 47378 49774
47853 51391 43775
45883 46626 50479
44009 51911 40393
56276 44820 44432
48973 50466 45735
54961 42647 48568
55874 43009 46742
52040 47052 48770
49781 50593 45005
49463 48266 48596
53364 42180 50305
55841 45919 44560
56664 41852 44193
49702 40241 52066
44768 43497 52009
49720 47758 49022
54946 46072 47027
49584 44060 51269
46412 46546 50524
55194 44525 47459
53411 46426 48488
55585 43533 47228
54697 45746 47650
47975 51450 42436
47110 51391 44108
55232 43989 47626
54471 42150 49287
51770 48118 47812
43154 40902 52583
56487 44576 42779
45954 45040 51376
56902 40958 43053
49335 51000 43818
47251 49244 47970
56514 44562 42040
50310 50123 45738
44275 43593 51982
47957 51164 44461
54156 45757 48327
48536 40911 52256
47014 43429 51868
48451 51034 44595
54535 42973 49062
52399 45603 49648
54836 45397 47649
48812 50734 45305
50029 48591 48084
46307 51621 42881
49198 41672 52027
49166 50871 44616
54430 47849 44676
43914 42765 52256
50159 41864 51784
55148 47071 44048
43141 41255 52536
50942 42323 51489
50915 50214 44784
50669 46883 49487
45534 51719 42492
54145 41381 49736
53656 42673 50051
46548 39490 52565
45939 42746 52200
54125 47930 45624
53538 46035 48766
49308 46677 49991
47630 44286 51477
49842 50460 45327
54329 47369 46499
47323 41806 52275
47583 49229 47916
48347 51261 43909
54709 47639 43229
56737 41601 43841
49596 50150 46078
46142 47133 50077
56229 44545 44899
56534 44257 43537
52092 42982 50939
48218 49835 46974
55270 43006 47963
55560 45433 46265
53893 44909 49117
49324 48593 48285
54841 46828 46577
46661 42142 52297
53201 44910 49627
54975 43204 48380
50355 50633 43796
47458 50113 46685
45613 47213 50032
54627 47659 44557
50851 49974 45554
52347 49653 43397
47817 49569 47458
48925 51134 43889
50406 44793 50746
56968 42696 41912
45421 39178 52703
51454 47086 48996
56742 43752 42570
51986 41663 51182
50958 40478 51663
43418 42133 52378
