58454 68546 7253
63261 62739 7207
74770 50230 5837
57061 72939 6676
53051 74949 6627
61657 66343 7224
54496 64504 7375
61718 65282 7248
60149 66851 7273
74670 51330 5643
57144 68856 7271
53077 67923 7341
50657 76343 6267
53022 73978 6875
67247 64753 6713
70460 55540 6646
51214 72786 7076
75425 45575 5539
74351 52649 5712
73330 52670 6216
55642 66358 7361
70907 60093 6415
58510 71490 6846
58277 72723 6369
71836 56164 6443
62204 66796 7164
61184 66816 7229
69648 58352 6725
64923 65077 7036
62139 67861 7073
71771 59229 6146
68703 60297 6803
70583 61417 6264
56874 73126 6643
70114 60886 6570
74130 51870 6022
68872 59128 6809
68014 57986 6903
73271 55729 6052
55460 73540 6753
45947 77053 6386
74890 47110 5856
59195 70805 6909
75614 43386 5416
53701 73299 6952
58493 67507 7298
56127 73873 6415
70168 55832 6679
71640 58360 6379
64658 62342 7133
68403 64597 6314
62167 63833 7252
52644 70356 7251
55803 73197 6805
61740 70260 6563
53123 70877 7216
69479 59521 6719
71287 58713 6451
44769 77231 6292
53387 67613 7348
48106 75894 6682
48810 74190 6930
61176 63824 7287
64558 66442 6944
59348 66652 7305
58263 66737 7324
61472 63528 7278
61890 66110 7220
57459 64541 7360
71345 58655 6441
45767 77233 6276
73523 50477 6183
67738 63262 6792
54221 68779 7318
72380 54620 6378
60382 65618 7298
53754 70246 7251
71500 56500 6493
57796 70204 7150
46730 76270 6624
54277 72723 7006
50083 73917 6962
73715 53285 6099
68085 63915 6654
55121 70879 7182
66154 65846 6765
75207 46793 5754
58154 72846 6169
53172 66828 7360
67902 65098 6363
65633 64367 7001
75520 44480 5553
48736 76264 6563
57284 67716 7315
49429 74571 6881
49513 75487 6730
49993 76007 6571
70670 55330 6621
63623 65377 7132
43456 77544 6017
73118 55882 6128
61016 69984 6812
56764 70236 7188
63906 61094 7177
63700 68300 6733
67132 61868 6942
57138 65862 7352
55764 69236 7282
51585 72415 7107
63052 63948 7208
50696 76304 6378
57953 69047 7239
59694 71306 6694
62593 67407 7077
74621 51379 5794
66398 64602 6880
59000 68000 7265
62046 69954 6595
66678 59322 7011
70579 56421 6630
70065 59935 6623
54071 73929 6825
59099 64901 7338
64693 61307 7138
71925 59075 6013
56703 69297 7257
66590 63410 6944
60101 70899 6734
74883 50117 5623
59388 71612 6662
68713 64287 6154
52851 72149 7111
48280 76720 6436
54081 70919 7199
57492 69508 7223
61624 64376 7269
72461 56539 6289
69885 62115 6443
75469 43531 5629
70657 61343 6230
74346 52654 5771
59160 68840 7202
64193 61807 7163
58266 67734 7296
73704 54296 6024
50520 74480 6874
75032 48968 5737
74662 51338 5732
68498 61502 6785
68683 58317 6839
74444 49556 5966
56248 63752 7367
49769 76231 6511
52002 73998 6909
73907 54093 5813
47830 76170 6633
72145 54855 6415
73879 50121 6106
52876 74124 6856
54412 71588 7131
69440 56560 6760
54272 73728 6857
65098 63902 7067
62836 67164 7076
74217 52783 5914
53768 74232 6771
59513 66487 7306
61920 70080 6582
50726 74274 6899
73194 53806 6226
44673 77327 6239
53459 65541 7372
53630 70370 7245
46885 77115 6316
56030 63970 7368
75312 46688 5616
58924 65076 7339
47071 76929 6405
59946 69054 7139
72346 57654 6187
67945 60055 6897
48091 76909 6353
75178 47822 5651
68001 63999 6660
65732 66268 6772
51219 74781 6810
73627 51373 6158
49382 75618 6707
51019 75981 6493
54866 68134 7332
72048 56952 6370
65493 60507 7088
68963 62037 6689
49146 74854 6845
59987 68013 7227
74808 50192 5790
66013 61987 7043
47990 77010 6289
66212 65788 6764
70207 58793 6638
56305 71695 7056
72720 57280 5939
44521 77479 6113
54898 72102 7063
52654 75346 6523
57668 65332 7352
56141 66859 7348
46520 76480 6583
64541 68459 6254
71231 55769 6544
58693 72307 6530
72168 57832 6255
64833 68167 6340
52156 73844 6927
59612 67388 7273
58697 64303 7344
66051 63949 6978
67868 59132 6915
64211 62789 7154
55936 74064 6195
74228 51772 5989
47975 76025 6659
67430 63570 6815
74504 51496 5873
53962 75038 6258
55485 66515 7360
57334 72666 6716
58659 63341 7345
54248 66752 7360
63809 65191 7126
67218 65782 6418
60106 65894 7303
51735 75265 6662
50597 72403 7111
55121 67879 7337
62453 69547 6635
66878 63122 6924
46004 76996 6416
59846 66154 7305
55752 70248 7217
58165 72835 6244
65037 66963 6773
59059 71941 6606
42478 77522 6059
52246 75754 6230
61188 65812 7263
75671 42329 5437
74676 46324 5916
75414 44586 5653
46218 76782 6505
69624 62376 6485
57940 66060 7342
49446 76554 6396
70260 61740 6374
65489 66511 6773
72544 55456 6327
68300 63700 6635
57299 69701 7215
50103 74897 6817
49350 76650 6343
48832 75168 6799
59769 67231 7274
52247 75753 6283
68433 61567 6791
50668 76332 6360
54808 73192 6914
49971 73029 7055
68589 64411 6243
64002 67998 6744
66459 62541 6989
67524 65476 6396
66595 60405 7016
71632 54368 6492
60707 71293 6284
67100 60900 6966
52634 74366 6822
60886 71114 6404
73842 54158 5940
67646 60354 6922
73190 55810 6098
65762 67238 6440
62312 68688 6900
56491 72509 6880
51818 74182 6887
74655 51345 5752
71652 55348 6486
72415 57585 6160
75319 46681 5514
59515 65485 7325
49316 76684 6299
63958 66042 7061
65036 62964 7096
42400 77600 5930
74205 52795 5921
72947 55053 6245
75379 45621 5654
48766 76234 6571
73632 54368 6049
53642 67358 7353
49322 76678 6325
73890 54110 5881
60157 64843 7313
55323 64677 7371
53719 72281 7076
49312 76688 6265
53288 71712 7146
52415 75585 6415
56576 73424 6582
69556 60444 6680
73054 50946 6272
67685 65315 6382
60707 69293 7023
56312 73688 6512
74357 47643 5998
74858 50142 5711
51489 71511 7181
50803 74197 6908
62849 69151 6670
72645 57355 6059
72360 53640 6384
57884 71116 7009
74771 48229 5888
47541 76459 6566
70376 57624 6644
56179 73821 6449
64802 66198 6940
75676 40324 5312
58149 71851 6812
65834 67166 6442
63430 64570 7171
66581 65419 6753
54720 65280 7373
74298 52702 5839
75041 48959 5656
55108 73892 6686
62263 65737 7211
49612 74388 6904
55806 65194 7368
75428 45572 5474
65062 65938 6933
69085 59915 6762
58825 72175 6558
53179 69821 7278
70702 61298 6180
61502 70498 6536
60977 65023 7286
75584 43416 5548
75532 44468 5454
57577 72423 6749
56840 68160 7306
68418 64582 6312
45676 76324 6616
72981 54019 6277
69337 60663 6704
54701 67299 7352
62972 66028 7151
69386 61614 6651
58593 70407 7060
59055 65945 7328
65190 67810 6412
75675 40325 5349
60870 68130 7164
62898 68102 6926
61354 70646 6511
72803 52197 6313
52480 72520 7080
56007 73993 6319
51243 75757 6553
54129 74871 6363
47356 75644 6741
52320 74680 6776
47194 76806 6462
55350 73650 6735
63743 67257 6948
54427 74573 6536
54246 74754 6434
49795 76205 6520
65714 63286 7036
53968 66032 7367
71061 56939 6556
60482 66518 7272
75042 48958 5625
73396 55604 5871
49870 75130 6784
55582 64418 7370
58319 72681 6391
61436 67564 7166
46045 76955 6434
73091 52909 6261
51829 73171 7022
64804 67196 6771
72370 52630 6383
63549 66451 7071
64139 66861 6948
72702 57298 6018
75164 47836 5714
60475 64525 7307
69258 57742 6778
71211 54789 6550
70778 58222 6567
72914 53086 6293
74546 50454 5920
56933 67067 7336
59532 69468 7118
56776 67224 7335
68552 60448 6817
44600 77400 6180
70259 60741 6549
50345 75655 6661
60374 67626 7236
65158 61842 7106
68917 58083 6815
62566 62434 7238
73588 49412 6171
66337 58663 7036
47225 75775 6718
61660 69340 6862
66359 66641 6443
72199 53801 6409
64063 64937 7117
68584 61416 6777
69044 62956 6568
58443 72557 6446
65995 61005 7054
50915 74085 6921
65456 61544 7088
54805 74195 6624
61669 68331 7063
63680 67320 6947
55335 71665 7098
54705 69295 7291
56114 70886 7148
58524 69476 7182
57958 70042 7158
70810 57190 6590
51024 71976 7145
68730 62270 6709
74154 49846 6040
73910 54090 5797
53171 72829 7027
72349 56651 6311
64063 63937 7144
69142 58858 6781
55684 72316 6999
52550 73450 6970
65471 65529 6920
43527 77473 6125
63256 67744 6937
67646 57354 6933
46814 77186 6238
47995 77005 6300
75603 43397 5468
71296 57704 6494
52022 71978 7142
45755 77245 6267
73247 50753 6238
71312 59688 6315
