26707 25293 3118
27163 23837 3129
28943 25057 3080
24352 29648 2726
21069 29931 2754
22341 29659 2790
31010 19990 3006
28122 22878 3122
31637 21363 2944
31873 19127 2927
31281 23719 2777
30325 22675 3049
27234 26766 3034
23479 29521 2801
23878 30122 2551
19981 31019 2367
31082 22918 2992
21153 30847 2366
32143 21857 2877
25069 25931 3105
22115 29885 2757
33394 17606 2570
32596 19404 2842
30099 24901 2952
29152 25848 2989
24334 29666 2722
27077 25923 3099
22979 30021 2715
21295 29705 2787
30962 24038 2873
28349 26651 2966
26098 28902 2762
26286 27714 2964
20521 30479 2620
24803 29197 2798
25461 29539 2607
28538 26462 2740
22447 30553 2414
24831 29169 2802
33445 16555 2535
22509 30491 2537
20038 30962 2434
29953 25047 2961
29636 22364 3085
25872 29128 2729
26272 26728 3076
27096 26904 3026
20573 30427 2635
21224 30776 2507
28827 23173 3110
26355 24645 3131
22637 30363 2632
20304 30696 2554
32283 19717 2887
25005 26995 3060
22521 30479 2548
21405 30595 2575
28402 24598 3112
29929 24071 3054
25458 28542 2881
31984 20016 2916
27575 27425 2915
28546 23454 3114
33029 19971 2667
21974 30026 2735
28418 25582 3090
25566 28434 2892
21166 30834 2427
24117 28883 2890
25345 28655 2867
23828 30172 2477
25186 27814 2999
27218 27782 2889
31121 20879 2995
32316 21684 2833
19302 30698 2555
18867 31133 2287
22463 30537 2483
33138 17862 2679
21697 30303 2660
30379 20621 3051
21933 29067 2876
24006 29994 2646
22895 30105 2698
33293 16707 2614
