84720 77515 71538
80532 75401 79148
84181 78587 70769
75602 85863 71161
81204 82107 72703
75662 81372 79100
81385 82057 71967
71039 86961 70974
75497 85762 71876
80304 78603 78448
84140 74553 75677
75522 85992 70498
75484 73074 81625
82273 74705 77911
86409 71890 70301
80270 79081 78214
72121 74344 82320
78802 76745 79966
80168 80822 76858
78011 83338 75691
74589 83549 77425
85871 74226 71583
78051 84377 73186
76939 83752 76022
73910 79496 80429
71804 77136 81623
70470 73632 82586
74901 81541 79181
78225 76548 80246
77346 78916 79894
84291 78143 72064
80283 74602 79376
76878 85427 70425
75422 79576 80192
85277 76366 70688
81202 82436 69616
83605 77212 75344
84417 77837 72152
81423 77949 77866
83087 74237 77155
78069 84812 69630
76249 85780 69434
74959 82037 78805
72937 79609 80493
79222 78526 79233
75872 81382 79025
74012 76247 81596
78273 76717 80188
78936 83337 74443
76966 76709 80641
73171 74717 82084
80049 81076 76641
74951 86211 70390
86649 70982 67924
73466 80876 79799
75697 83673 77014
79969 78093 78877
84695 76962 72691
78195 73339 80548
86291 72875 69597
80274 82215 74472
82961 77629 76198
82513 78482 76114
73518 86685 70244
79647 76455 79527
76337 85444 71806
81902 81026 73663
71522 80275 80211
76927 85035 72525
86112 73630 69834
84355 74480 75318
70436 87199 68213
75151 81423 79212
85076 75568 73024
76587 75565 80998
73650 85795 73684
84994 74758 73852
81203 75519 78685
71636 74321 82385
86316 72810 69114
74755 86303 69985
73537 85242 75187
74045 86539 69077
73571 80480 80008
85008 74156 74094
74731 83989 76873
71237 86878 71338
74692 73982 81817
80708 80208 76884
76859 83638 76262
71810 79866 80427
85574 73738 72877
85896 74614 69084
86567 70884 69183
68939 73208 82709
80835 74660 79004
76013 79933 79838
71430 75602 82119
76609 85526 70603
84460 74605 75088
71345 71252 82703
80088 79519 78115
74469 85582 73748
85136 76696 70889
85486 73867 73064
82830 76137 77277
84824 76418 72900
80475 83059 71059
78204 84071 73931
71961 87000 68458
77340 83588 75961
75259 85157 74429
77314 84065 75164
80155 83402 68848
67506 67783 83005
82191 79220 75853
73095 74013 82219
80379 81334 75765
74986 75684 81466
86661 70109 68467
76226 83946 76262
78702 77914 79691
85668 75315 70412
81225 73070 78778
75688 75305 81338
79298 83582 73192
70226 74653 82455
85283 76297 71322
85528 74512 72632
86865 69368 66093
82973 80355 71181
82108 78424 76846
81921 79123 76443
78313 79636 79132
79889 83129 73168
77137 84477 74271
77586 78049 80083
82826 78198 75879
79383 83172 74122
72097 77246 81558
85387 72850 73421
73209 83183 77928
79792 73429 79714
69611 72858 82742
72789 75584 81974
72316 73046 82476
80596 75954 79043
81786 78488 77232
70831 73092 82637
70720 78850 80949
76904 81428 78597
71754 71720 82651
74123 77525 81225
80986 76327 78727
69866 70311 82862
74167 81931 79017
70516 71354 82782
78529 78701 79487
79080 80545 78209
76021 85205 73447
85069 76606 71821
82755 80553 71660
79904 78457 78791
73870 85278 74951
77713 84055 74712
86575 70073 69128
73580 78539 80887
76093 80954 79250
69890 69812 82866
74687 73688 81845
77074 83405 76460
86849 69103 66749
74981 78937 80535
70783 86605 72262
73777 81558 79333
79100 81577 77125
75725 85950 70072
72516 73350 82412
84267 75389 75102
78443 82546 76577
77524 85056 70970
75782 72412 81531
81991 75656 78026
82341 81135 70331
74838 85680 73160
78066 81661 77853
72688 77589 81377
75381 83697 77099
75679 77000 80966
80366 80880 76487
75853 79003 80302
72922 84804 75891
71519 73112 82573
86806 69468 67284
74930 83537 77377
79672 79496 78433
68884 87215 69221
80551 74400 79205
72178 86175 73360
67592 70043 82996
70659 70703 82782
78928 81482 77443
77782 75575 80594
83280 77730 75501
77346 76105 80639
85140 75999 72409
78566 84487 70822
79203 83886 72279
70378 72690 82704
84509 78029 70791
77076 73367 81035
72701 82934 78192
76843 85487 69642
79353 84013 70225
71530 72163 82654
78111 79493 79310
71147 87107 68696
76582 84112 75700
77772 84843 71528
74858 72616 81841
83065 80245 69990
79511 81791 76310
82422 75345 77711
69944 71870 82800
74889 78482 80741
82488 80549 72997
72589 79760 80438
71581 75217 82207
75330 79121 80398
77237 84559 73859
75706 79836 79991
74095 83205 77868
83809 76098 75655
78873 84355 70301
68735 68466 82948
77430 83571 75898
74838 84555 76003
69406 87248 68571
72339 75959 81949
77088 82166 77858
76002 74698 81365
73718 82783 78297
83601 76663 75705
84880 77302 70628
85105 76798 70154
75629 83076 77663
86484 71976 68389
82871 79187 74547
72066 79336 80669
80088 82846 73536
76182 82609 77880
75277 80253 79892
76438 77848 80509
83657 79218 71880
74254 75214 81748
78150 79106 79484
80223 83346 68863
76384 84861 74084
86945 68361 64422
76675 85469 70851
72694 86234 73008
78644 77936 79710
84351 78240 71462
84941 76838 71921
79025 79174 79033
77585 81200 78444
75245 86134 69276
72323 78068 81232
75100 81644 79077
70519 78930 80911
68635 70945 82922
80814 82822 69314
84838 72749 74507
79183 77830 79497
72622 76710 81704
74743 86309 69694
86085 73705 70069
71640 86973 70819
82682 78921 75342
83645 77960 74389
81372 79221 77145
82025 76983 77701
81598 74122 78481
82644 80766 70655
81072 75138 78822
81014 82482 71628
70675 75996 82059
83782 75893 75812
85971 74072 70592
72700 75007 82127
72175 72440 82533
83833 74363 76176
84084 78414 72252
71987 81627 79293
80041 83442 70436
71910 86001 73713
79553 79131 78711
77016 82878 77161
68955 70931 82912
86451 72222 67854
77175 79477 79675
76586 72405 81226
76241 73471 81354
84621 75304 74390
84294 75594 74945
82461 79521 74974
78407 84081 73508
84859 76579 72628
81920 81643 70880
78210 75328 80431
86251 72101 70972
79622 78672 78890
76029 84350 75754
74732 83065 77918
84030 77519 73934
84805 74146 74517
76703 84860 73648
72988 78901 80801
70947 86990 70846
72076 73447 82485
76673 82824 77398
82965 79810 73393
74297 83348 77690
77895 81413 78136
82000 80447 74464
86639 70717 68472
80376 77308 78873
73112 75328 81981
70427 76963 81753
77220 85231 70895
74287 82971 78078
74306 72938 81995
85074 76346 72188
75107 84205 76447
82421 74041 77788
81613 79890 75978
74511 81168 79497
78647 76228 80120
70558 87153 69372
74949 73406 81790
79794 83682 69357
73688 86571 70801
80198 82815 73348
82626 77251 76966
73041 85393 74900
85994 72327 71895
69507 71275 82860
86879 68335 66220
74352 84500 76241
74293 85956 72756
76672 80200 79474
82180 80089 74711
73551 84656 76085
76126 83612 76811
74075 85743 73560
79307 76779 79674
81281 80942 74974
81343 79793 76568
85169 74855 73396
80368 79896 77634
73159 84035 76959
75309 75146 81476
73730 77841 81149
75418 84914 74907
79339 83860 71777
77341 85176 70655
78407 74306 80425
74980 85902 72160
72281 80815 79852
78928 78196 79509
79700 83670 71364
83312 75361 76885
75078 83275 77611
81966 73464 78204
85412 75569 72056
77842 74029 80701
80456 82886 72441
78992 82839 75285
74990 82566 78346
83348 74867 76886
75271 74636 81575
85794 74853 70191
80853 77956 78307
78063 78160 79884
86025 73282 71561
79756 73923 79713
71271 72802 82625
74261 74062 81921
81617 77896 77719
75637 73908 81537
77425 80870 78746
74965 79600 80253
84868 75228 73880
76007 84639 75134
70075 75038 82367
79520 83690 72125
82527 79696 74556
84858 73520 74458
73797 73634 82091
82760 76665 77107
73203 72035 82326
73879 81122 79616
74358 77870 81058
85782 73275 72379
81084 82093 73095
78016 83686 75036
67657 68444 83004
85956 73487 71752
84091 75584 75368
81714 81646 72493
74936 83858 77007
78254 84387 72763
71687 86778 71517
73266 85596 74493
76806 74691 81060
77131 80868 78874
73572 83461 77636
75334 85259 74043
84406 76199 74293
83394 79834 70516
86183 73071 70890
83709 79286 71357
79356 73805 79941
74599 84903 75465
81386 76473 78384
72083 75049 82198
75280 77505 80944
86324 72629 70132
79392 82045 76093
78858 75919 80081
72995 86823 70125
74719 80845 79665
72514 78903 80845
85714 73788 72446
77779 82815 76761
86349 72564 69649
71454 77991 81341
76538 85065 73163
72311 86939 70291
85590 73426 72970
83850 77973 73847
83082 79145 74123
74094 84129 76823
81634 73628 78482
86137 73565 69351
73359 86319 72156
77924 84856 70785
69114 69911 82921
79144 72838 80064
80657 82963 69486
85483 75713 71360
74635 78643 80711
75244 84702 75534
74743 76309 81386
77068 84754 73433
83131 76131 76778
82398 79281 75417
74598 84486 76210
85505 74856 72428
81219 78580 77730
77479 83897 75294
79552 82249 75510
71548 87002 70691
82504 79172 75364
84954 76651 72194
82475 77869 76726
80037 76828 79211
69740 71453 82837
72845 77377 81438
83410 78392 74387
80723 82283 73508
83552 79623 69845
78466 81807 77510
81030 77712 78256
76057 82029 78492
84804 75998 73377
79709 81849 75939
71533 76137 81969
73300 85908 73579
83405 78095 74795
73890 82204 78851
81036 80365 76313
75761 78548 80508
76810 79343 79868
82270 77599 77196
80178 73355 79463
78640 77880 79728
75837 85304 73337
80799 75154 79003
83496 75716 76391
77661 82696 77005
85262 76390 70977
70445 87165 69296
79514 82484 75157
78653 73720 80310
77429 72677 80882
74865 85318 74241
84090 76708 74634
82243 77394 77353
70116 70949 82825
73192 76268 81739
81180 79962 76581
73064 86410 72027
77309 77456 80349
78717 78918 79326
72813 78576 80963
