36191 31809 3681
26077 38923 3462
30065 36935 3773
32681 35319 3720
31922 33078 3991
38811 27189 3406
39778 24222 3390
38045 26955 3693
32598 35402 3715
40126 21874 3308
40006 22994 3334
38762 27238 3487
39350 25650 3463
36429 31571 3623
26556 38444 3671
26321 38679 3577
31043 33957 3987
24730 39270 3345
37412 27588 3767
30586 36414 3809
34221 31779 3936
36661 30339 3786
28863 36137 3921
31597 35403 3857
36408 29592 3854
39846 24154 3338
30303 32697 4008
36234 30766 3831
40312 21688 3200
29908 36092 3901
29627 37373 3740
25236 38764 3584
30594 32406 4009
30927 32073 4008
31481 34519 3936
35117 32883 3754
39458 25542 3423
39729 23271 3427
27779 36221 3923
24957 39043 3482
31834 36166 3607
35219 32781 3750
32255 32745 3990
38050 27950 3678
34859 31141 3919
31842 36158 3643
38781 27219 3460
27433 38567 3450
22595 39405 3267
29486 34514 3990
32320 35680 3697
36928 30072 3746
32665 33335 3959
34597 30403 3930
37491 28509 3752
31464 32536 4006
33104 34896 3743
29153 36847 3852
30456 33544 4001
29715 33285 4005
35866 32134 3722
38370 26630 3652
37816 28184 3711
38655 27345 3548
30081 33919 3998
38014 28986 3490
34970 32030 3869
30585 33415 4002
27856 38144 3695
26795 38205 3717
29174 37826 3623
27642 38358 3626
35427 30573 3898
34260 33740 3775
39038 24962 3561
26484 38516 3652
39670 24330 3430
33991 31009 3947
27460 38540 3536
34239 33761 3593
39375 24625 3515
28241 37759 3755
39101 25899 3529
29513 35487 3946
26010 38990 3411
40175 22825 3271
37771 29229 3618
30325 34675 3970
32435 31565 3988
37356 27644 3773
28616 37384 3803
30947 36053 3832
23764 39236 3423
33411 32589 3948
38707 26293 3606
35352 29648 3907
29788 35212 3955
39378 25622 3453
36074 29926 3870
29214 37786 3644
27241 37759 3786
39439 24561 3499
29108 34892 3976
40326 20674 3171
36509 31491 3519
31959 36041 3669
33522 33478 3884
40114 22886 3294
27487 38513 3555
27778 37222 3835
39876 23124 3381
23688 39312 3358
33435 31565 3961
36244 31756 3670
