74535 84137 69050
79832 78102 73744
73816 75116 80814
68255 83226 76498
82937 70164 63146
82338 73770 64674
66294 83418 76525
67427 79445 80982
79525 78924 73462
68345 85200 72241
73606 73931 81249
67128 80382 80290
74341 78356 79087
75403 72726 80533
68255 84151 74774
67050 69013 83911
68545 78231 81562
69648 75403 82483
78041 78039 76551
70516 85302 70138
80755 71397 75183
72145 78504 80099
76168 82777 71180
76523 83088 68890
71765 83326 74769
73866 84543 68506
68708 85941 68828
81977 75312 66561
77101 82024 71897
75529 82184 73877
78092 80831 73225
79073 73733 77382
80686 77174 72515
60728 66130 84573
81313 76771 70116
71647 85347 68310
74116 70880 81314
76707 82848 69560
81322 73633 73632
72451 70785 82191
68695 79835 80500
72517 74238 81712
79006 81168 68508
78554 81625 68202
80738 78535 69142
72382 83667 73585
83240 66302 65884
74142 71988 81267
63572 68068 84402
80799 73890 74687
67422 80016 80545
75640 76075 79488
74274 80054 77784
69839 85239 71109
77603 82091 70386
72574 84500 70921
80632 78027 71579
76509 80366 75830
64535 86616 65058
77620 80704 74193
70598 81129 78811
69585 84814 72614
65843 86039 70114
79718 74791 76221
73568 82034 75972
78868 73946 77609
82636 71500 68283
75378 83808 68538
78515 78274 75836
72385 84725 70334
71019 77825 80934
72077 78934 79904
65149 73606 83706
83418 64673 63156
70321 81477 78515
61235 66624 84572
78336 81271 71789
75150 79993 77251
78721 78761 75192
64837 86280 68967
73034 83482 73416
77060 82600 69656
69440 85697 69426
66893 85306 72466
82539 72329 67810
82084 74404 69026
67234 78236 81777
81159 71401 74415
70249 84460 73134
72963 79003 79393
78150 74483 78295
65190 76017 82933
67997 86038 68995
83265 67445 62465
61731 66802 84547
81546 71628 73441
83159 65961 66679
68806 84626 73509
73672 83497 72737
63026 67213 84465
77816 80884 73602
70141 71565 83056
74206 82700 74169
67358 82098 78477
82800 68975 68708
69083 85770 69410
81046 75654 72965
81336 76232 71085
80314 79344 69101
82164 73742 69661
69223 83065 76488
68499 86164 67492
73077 85104 65288
69468 71859 83247
77239 78823 76708
75152 76354 79650
76986 82401 70749
82013 75079 67728
65721 86210 69290
62303 67120 84517
82221 71738 71205
75278 77634 79024
66477 79729 80847
82953 69329 67156
82055 74488 69141
68459 84366 74238
79913 80009 69122
69705 70237 83236
79468 72762 77029
80378 75538 74735
83412 65242 61230
81713 75986 69001
79860 80140 67802
68889 86325 65484
78961 79432 74018
72828 85191 65715
80940 73036 74650
77044 79659 76148
72100 84889 70070
69645 75885 82297
81824 74627 70768
70265 84860 71987
68389 78174 81640
64908 72778 83905
66236 68019 84078
65277 86363 68323
74965 74461 80391
66129 73968 83580
78688 81196 70673
70425 83388 75405
83158 67071 66471
81144 77743 67799
79896 78658 72870
79426 78520 74166
69370 82394 77523
73391 84146 71081
78407 81725 68809
68728 82735 77155
69640 72714 83127
66166 86599 65122
82324 70510 71139
65671 76524 82746
77362 82141 70852
65630 67900 84185
77390 82757 66884
80482 78984 69429
71614 84142 73035
63691 67371 84399
71460 82752 76130
71653 75753 81584
73590 73434 81373
76948 81097 74373
79891 76277 75235
81734 71074 72994
81013 75115 73498
70911 77105 81323
73010 82314 75912
71650 76235 81398
75160 83507 70395
72867 78550 79761
70675 82696 76621
81943 71111 72387
71582 77425 80886
76137 79844 76669
74308 79921 77891
67607 77123 82340
81061 76612 71762
78053 73570 78531
81110 74554 73642
76470 73533 79708
74854 74187 80529
74929 74643 80358
66456 84865 73680
65795 85177 72919
82225 74012 68001
73951 72691 81321
72264 82491 76112
79203 79004 74045
71511 84728 71324
71105 82030 77458
71400 85657 66412
79794 77295 74690
79099 71265 77543
72113 81423 77668
66047 69273 84107
62082 70142 84330
73833 84696 67557
66621 80662 80101
70280 74234 82621
72908 82576 75520
82061 71846 71813
71938 85068 69485
63188 70911 84246
80150 70316 76180
65722 86603 65377
76467 72397 79888
80919 75557 73422
73636 81558 76584
75862 81249 75229
69576 73347 83035
70142 83686 74934
74659 76603 79811
76628 80859 75028
65916 85583 71767
77248 73449 79199
68113 79644 80733
76556 83156 68359
79400 74324 76820
80681 78479 70302
66849 86094 69441
73429 83543 72901
68711 85028 72530
81138 76697 71291
80632 75381 74271
81237 76781 70652
72886 70647 81968
81954 71945 72170
79911 79612 70952
81624 75025 71330
69520 79102 80759
71576 80764 78651
82753 71409 65303
78911 76668 76514
83358 64643 64479
66343 82097 78549
77342 77305 77727
68012 84773 73492
71854 74423 81948
80270 78815 71444
75342 84113 66431
67486 81475 79307
77757 82426 67462
76993 74001 79280
68008 74227 83285
66510 86213 68963
82357 72413 69980
65785 78456 81744
68001 83900 75376
74848 72703 80861
64672 86512 67177
80130 79727 67948
68799 86161 67136
76490 81496 74172
65866 69064 84140
77391 82625 68241
82028 70591 72139
68225 69005 83653
72814 76873 80623
67946 84590 73917
79386 73543 77007
82524 72055 68732
73479 79764 78545
70482 85580 68832
81949 73369 71588
79211 80902 68794
82910 70295 65139
66392 86432 67482
67308 79201 81156
71514 80234 79149
79210 75376 76763
83213 67899 64544
77948 80317 74410
67108 86429 66898
69940 77479 81505
67141 72741 83719
66378 86272 68689
81316 71578 74084
82318 73469 68464
76357 83366 67779
82165 70609 71686
80389 74033 75384
66021 71276 84007
67827 78535 81532
82774 70997 67101
69680 84412 73593
72835 84826 69211
75475 75811 79674
80687 76291 73413
68258 79086 81109
76869 76422 78609
70718 78404 80762
80501 76080 74091
72112 79818 79194
68020 86082 68718
83006 67065 67592
80115 79346 70700
72198 70622 82322
69229 85456 70783
78100 82095 67676
79210 80278 71899
78060 81324 72166
80592 76946 73086
80669 75787 73908
79937 79877 69918
79800 71598 76661
66701 73874 83555
73707 72126 81490
71386 71835 82565
65872 69962 84136
83097 67219 66943
66383 76857 82561
80507 71304 75624
78909 81152 69443
83439 63995 61008
82125 74685 66554
64871 67761 84281
82038 74877 68287
66920 86360 67664
71424 81237 78265
79518 79862 72059
71125 82777 76288
69875 85504 69954
71096 80506 79113
72375 75799 81246
71298 70111 82694
67606 84119 75050
68430 85512 71277
79130 75285 76923
81755 76078 67761
68910 84849 72888
70354 85851 67056
64695 73888 83644
79830 79188 72346
79182 80117 72410
81335 73133 73756
82961 69828 65935
82440 71804 69894
68387 86205 67312
65883 80434 80333
71632 82052 77141
69223 76617 82126
73229 84910 67725
69076 85560 70448
70649 83626 74801
65195 86629 63932
72544 84962 68983
73853 75736 80570
79700 80196 69884
76273 78014 78226
81847 75146 69776
70778 82809 76389
81285 75112 72670
73859 84133 70468
82077 74258 69458
69046 86118 67113
72780 85161 67050
76308 83543 66436
68330 71824 83575
78215 79645 74911
77377 81971 71520
76546 76965 78585
80071 75619 75264
68017 79975 80505
68628 81057 79559
74814 82722 73392
72240 80775 78295
69118 84432 73825
73362 72441 81649
79155 77445 75757
70681 76392 81711
67316 71902 83772
68046 86310 66893
82503 71443 69709
67541 72586 83683
64781 71071 84144
74176 82151 75333
67148 74910 83235
72866 85052 67688
80773 77453 71806
82044 73442 71169
72749 84684 70024
65712 80490 80288
77677 77519 77273
79631 74113 76558
67796 86195 68128
79155 72952 77404
82940 69731 66666
77953 72635 78671
67363 70311 83829
83281 66500 65275
76597 80037 76106
68678 85663 70324
65335 85887 70817
72050 82830 75610
68443 72703 83481
67644 75738 82890
78667 79614 74256
65376 86572 66001
71925 84437 71821
69966 76895 81775
71297 83335 75032
80594 77740 72094
67179 86305 67857
82677 68893 69461
73049 81663 76819
73784 71228 81485
76161 77137 78749
80175 76943 74215
74274 75539 80416
66027 80979 79866
81246 72513 74126
81476 73967 72955
64541 86635 63163
72106 71100 82350
67699 86439 66082
65515 74061 83583
76784 83132 67360
67197 76523 82642
65572 86627 64000
67174 74660 83312
67167 79709 80809
67952 79086 81161
70957 81936 77668
77954 79380 75553
80076 77136 74244
76202 78899 77500
70135 76470 81890
72393 74766 81608
67168 83271 76641
65001 78093 81956
68356 72247 83548
81110 76210 72091
71909 73816 82061
77727 76205 78028
72042 70553 82389
76727 82426 71274
77161 82419 70206
74389 82322 74892
74039 80568 77403
80613 72485 75415
79635 72268 76849
73239 84592 69591
80511 75380 74563
83356 65312 64442
82807 71074 65265
72984 85110 66883
70626 85591 68597
79389 71439 77183
71298 82397 76846
75273 82793 72600
77003 79127 76674
81531 75550 71106
68192 75204 82985
81656 70935 73236
73600 74230 81178
79130 79905 73107
81665 74060 72243
65344 75271 83206
62722 68773 84444
64910 79301 81195
73605 84683 68256
72539 72965 81977
80695 78706 67383
76072 76157 79212
66485 77178 82421
67302 86540 64988
66614 86554 66086
83174 68134 65458
72892 80590 78126
73490 81397 76876
67624 71436 83732
74954 84065 68272
67306 75351 83065
82130 71285 71693
70898 82479 76878
82590 71669 68650
67454 73608 83555
69345 83420 75783
80522 77047 73183
80245 70942 76039
70253 82455 77155
66433 80046 80607
73995 83689 71764
69495 81424 78837
82939 67952 67960
79905 76440 75109
73653 80057 78168
82637 70866 69005
77086 82769 68612
70294 85751 67994
82680 71884 64205
73737 82507 75061
67376 85934 69975
66358 86607 63162
72114 83096 75038
66956 85813 70792
66577 83120 76996
76969 78237 77448
80212 76142 74705
82876 70035 67299
72605 81667 77074
79174 74433 77098
73419 81690 76549
66953 84188 75067
79798 74882 76061
81971 71384 72240
79901 79369 71646
81978 72455 71899
81875 72969 72080
75155 73408 80558
82912 69131 67765
82602 70315 69789
76919 81887 72617
70985 71187 82772
77502 81281 73259
75587 83913 67273
70928 72776 82636
81045 76012 72565
76615 72649 79767
68346 74614 83110
65772 84958 73494
79046 76617 76366
82498 72690 67400
70633 72230 82814
69052 85685 69886
79203 80804 69833
81721 72635 72757
73735 77817 79738
80183 78635 72091
62147 68648 84468
66932 85938 70230
77273 80159 75327
70896 74055 82426
82084 72438 71489
71482 83624 74298
71437 85235 69413
75758 83417 69439
72259 82781 75566
78285 79944 74414
65119 86142 69797
72334 82053 76731
71572 71540 82523
76729 83009 68579
79364 80383 70957
74818 74369 80496
69936 83504 75396
75946 81718 74368
77900 80233 74617
76334 75070 79454
68976 86028 67947
71412 84944 70695
80441 79167 67833
72399 71596 82200
66448 85661 71495
77125 75447 78880
80172 79339 70386
66256 75567 83085
78737 79913 73759
74299 83443 72133
80755 70622 75188
75832 71549 80317
65379 84545 74350
66803 81912 78782
81564 76347 69250
82228 72005 71056
81541 70911 73559
67022 85944 70147
81684 74992 71073
72342 83919 72950
79354 79764 72767
65269 86397 68064
64961 86618 64992
74739 74858 80397
80901 71203 74922
68258 82123 78247
82566 69822 69995
80417 72363 75739
83432 64590 62598
69069 85854 68965
83273 67231 64718
83378 66335 63170
79778 78955 72808
67674 85304 72268
69933 80544 79632
83016 69562 64198
78097 76432 77548
81031 73763 74304
79733 76049 75674
80440 74400 75165
69350 80873 79531
81480 74430 72691
66488 86063 69837
73159 82824 74853
78580 73044 78087
64830 86540 66677
70075 74813 82561
74356 82914 73452
74679 71427 80991
78580 80639 72749
81214 77466 68552
78860 81323 67664
65897 82576 77842
75554 78969 77905
72111 85090 69121
67111 84916 73433
82726 71618 63272
81797 72866 72400
69129 83937 74858
69125 84999 72381
83199 67269 65862
66031 86401 67878
81607 75943 69843
66236 86611 63548
71681 69342 82541
69304 85298 71361
83110 68777 63464
76393 83178 68846
83397 65510 63833
68373 80974 79679
73571 72841 81497
69609 83915 74692
68966 74139 83055
82177 73927 69156
78909 72829 77725
82360 72711 69509
71029 73350 82522
76908 83141 65161
74184 73409 81080
75715 83896 65312
64835 68962 84264
70202 71827 83010
74808 83659 70478
69845 84625 72974
82226 71305 71335
82931 69833 66606
66222 81449 79370
70287 79013 80538
82167 71829 71403
69777 76845 81862
82362 73434 67463
81412 77001 68346
77565 82347 69253
79690 77203 74991
80997 77852 69658
75147 81925 74876
68819 73472 83262
72862 81965 76541
73616 71801 81553
74846 83837 69681
75853 82227 73405
71220 83810 74046
69476 71339 83273
82404 73333 66190
82664 69057 69525
82778 71101 66438
73389 83795 72266
75869 83525 68721
78220 81640 70545
79277 78096 74903
69566 81773 78361
78454 80417 73503
63654 72035 84077
69129 77993 81512
66704 77323 82330
71816 84586 71473
71717 84802 70844
82783 70762 67439
65952 74916 83312
75937 74767 79775
66927 82019 78646
72232 85264 67587
79616 80361 69345
72310 84217 72111
79872 77473 74339
70277 71121 83029
65052 77397 82324
71387 76773 81286
70789 72299 82747
68611 70330 83530
63320 72771 83925
61483 69215 84421
67395 82784 77402
80586 77603 72309
66914 80478 80238
79717 80359 67360
79835 80122 69011
78447 75209 77814
65959 72037 83926
72446 77925 80271
77720 77428 77293
74715 84405 64494
66708 69554 83979
81149 72847 74259
78457 77377 76635
74459 79032 78543
71508 84345 72519
81747 73605 72209
79524 80250 70692
83233 65485 65996
81660 71892 73081
82727 68407 69196
82827 70718 66522
75678 76564 79268
74649 81319 76219
79795 80246 67471
71574 85164 69581
78565 81633 65379
79715 72909 76703
74758 84309 67381
81871 75694 66734
82803 68034 68777
70259 77290 81492
71412 72793 82452
78158 81998 68244
69490 85993 67506
79657 78755 73373
69918 86039 66052
74261 78027 79356
76547 74182 79534
80847 76477 72771
76444 82724 70803
77533 76335 78132
74302 83936 70387
67399 86442 66438
74990 83091 72129
81269 75727 72042
77886 81793 70857
83447 62972 60789
78180 82027 66932
82319 70943 71009
63932 70085 84291
77830 76517 77788
72830 84546 70431
79507 76906 75572
70200 69919 83083
82669 71861 66689
82317 73741 66798
76241 81362 74688
81142 74027 73909
70480 84138 73757
77127 81734 72683
79327 80826 67359
81226 77207 69686
69336 77322 81791
82683 70894 68555
79011 80907 70350
72166 80049 78980
72845 72828 81863
66904 69623 83937
81191 71720 74330
73713 84600 68520
77401 76369 78224
77774 82295 68681
73025 84961 67892
69450 70916 83300
73039 84775 69044
68459 73009 83428
80847 77703 71088
74220 81849 75803
74070 84492 68339
