46991 49216 42008
49896 45247 42980
44901 50148 43667
45366 45705 48607
47289 45577 47325
48052 46555 45660
48359 46171 45602
43348 47170 48784
47604 47917 44413
49464 44865 44918
42670 50513 44663
47519 47050 45869
43629 48388 47874
41928 47101 49027
46098 49871 40868
41572 46229 49419
45773 49302 44547
45806 49837 42775
43380 49727 46158
41712 49855 46529
47682 48711 41590
41094 50520 45286
46584 47096 46939
48215 48216 41381
49772 45231 43789
39616 51402 42270
49558 45878 43551
42419 45524 49543
42943 51159 42304
49706 45816 43020
46869 46079 47448
42088 48183 48448
44004 47900 48218
43591 48669 47554
42131 44963 49642
49819 45597 41976
45343 45799 48605
41105 46630 49279
45132 50329 42142
45624 49025 45485
41460 50936 44082
44002 48796 47153
48544 44971 46357
43363 44192 49365
49186 45342 45157
41499 48330 48355
50484 41266 40525
45840 47833 46927
48815 46649 44166
45898 46135 48125
41910 48565 48110
46136 46304 47886
42987 46452 49153
39550 51429 41723
44689 46977 48427
46762 45910 47647
45119 50378 40830
41070 51356 42382
49235 46147 44043
40423 51359 42560
43322 49583 46429
44465 50444 43002
46737 49110 43407
42353 44360 49603
43988 48594 47434
46263 48412 45702
40546 45288 49832
48984 44063 46007
46653 46775 47134
41305 51400 41849
48738 47236 43002
48014 46915 45281
49271 46692 41794
39304 43050 49939
43223 45500 49390
49960 44754 43540
40799 47868 48690
49381 45298 44766
36596 41846 49945
41106 46169 49465
46646 46478 47367
49919 45273 42768
44828 46757 48481
48436 47103 44211
40560 51284 42966
44882 46016 48809
42439 49519 46810
43716 50491 43863
40501 47011 49110
47576 47790 44690
39233 43751 49926
49178 45711 44769
49526 46094 43081
42967 48850 47626
41599 50691 44676
44204 50005 44716
41390 44770 49768
40288 50299 45797
42817 48092 48371
44392 47092 48486
48779 45669 45479
46415 49599 41994
49062 46911 42757
45415 45521 48600
50390 43020 41752
40625 51016 44107
41484 49969 46396
46431 45640 47916
47243 46759 46532
47056 49201 41405
38324 43313 49939
41638 45825 49580
42249 51011 43394
42248 46497 49236
48936 46377 44362
47314 47920 44909
42474 50574 44631
47633 48111 43915
44878 49513 45349
45844 46876 47797
45969 48211 46360
43802 46131 49135
48137 44501 46806
47589 45081 47202
41374 51128 43439
43995 47167 48606
39878 51233 43402
46571 49420 42443
44107 48755 47149
45602 47334 47664
47476 48310 43821
40013 46093 49531
47159 48335 44408
43144 45212 49420
48065 45970 46260
44769 48293 47397
43805 49848 45502
50407 42646 42183
47432 47614 45210
40357 47641 48808
48485 45468 46137
43164 50875 43097
48235 47740 43202
41321 48712 48017
49324 43182 45402
42335 50819 44037
42376 50312 45321
47533 47252 45588
44298 45186 49129
50205 44370 42790
42367 45734 49503
41874 47842 48699
44643 49978 44381
47081 48288 44622
48738 47497 41493
42068 51276 42349
48892 45141 45815
39987 49271 47400
43992 46712 48810
39633 50679 44991
39913 51287 43144
48470 47618 42668
50392 43086 41021
50416 42740 41429
47221 48908 42534
45075 47708 47711
47080 49082 42303
43058 45894 49337
48451 46597 44950
50070 44974 42367
42872 47011 48954
45346 47371 47819
44584 49312 46007
40525 51230 43224
45086 46902 48307
48843 46776 43889
49821 44390 44416
46437 45135 47974
48607 45573 45853
49488 46309 41458
45686 48591 46071
47264 44106 47449
50485 41920 40470
49458 46316 42436
46520 48948 44191
43402 50165 45025
42039 51340 41453
